x	p	B	CN	Peak
0	0	1	2	non-amplified
0.0526315789473684	0	1	2	non-amplified
0.105263157894737	0	1	2	non-amplified
0.157894736842105	0	1	2	non-amplified
0.210526315789474	0	1	2	non-amplified
0.263157894736842	0	1	2	non-amplified
0.315789473684211	0	1	2	non-amplified
0.368421052631579	0	1	2	non-amplified
0.421052631578947	0	1	2	non-amplified
0.473684210526316	0	1	2	non-amplified
0.526315789473684	0	1	2	non-amplified
0.578947368421053	0	1	2	non-amplified
0.631578947368421	0	1	2	non-amplified
0.684210526315789	0	1	2	non-amplified
0.736842105263158	0	1	2	non-amplified
0.789473684210526	0	1	2	non-amplified
0.842105263157895	0	1	2	non-amplified
0.894736842105263	0	1	2	non-amplified
0.947368421052632	0	1	2	non-amplified
1	0	1	2	non-amplified
0	0	2	2	amplified
0.0526315789473684	0	2	2	amplified
0.105263157894737	0	2	2	amplified
0.157894736842105	0	2	2	amplified
0.210526315789474	0	2	2	amplified
0.263157894736842	0	2	2	amplified
0.315789473684211	0	2	2	amplified
0.368421052631579	0	2	2	amplified
0.421052631578947	0	2	2	amplified
0.473684210526316	0	2	2	amplified
0.526315789473684	0	2	2	amplified
0.578947368421053	0	2	2	amplified
0.631578947368421	0	2	2	amplified
0.684210526315789	0	2	2	amplified
0.736842105263158	0	2	2	amplified
0.789473684210526	0	2	2	amplified
0.842105263157895	0	2	2	amplified
0.894736842105263	0	2	2	amplified
0.947368421052632	0	2	2	amplified
1	0	2	2	amplified
0	0.00250490853708378	1	3	non-amplified
0.0384615384615385	0.0315868966526263	1	3	non-amplified
0.0769230769230769	0.191495560956547	1	3	non-amplified
0.115384615384615	0.743002776511404	1	3	non-amplified
0.153846153846154	2.07204899299618	1	3	non-amplified
0.192307692307692	4.42175255105384	1	3	non-amplified
0.230769230769231	7.5059249554139	1	3	non-amplified
0.269230769230769	10.4010674382164	1	3	non-amplified
0.307692307692308	11.9807295553955	1	3	non-amplified
0.346153846153846	11.6213076687336	1	3	non-amplified
0.384615384615385	9.58176817287089	1	3	non-amplified
0.423076923076923	6.75950191104347	1	3	non-amplified
0.461538461538462	4.0979480335701	1	3	non-amplified
0.5	2.14038978061085	1	3	non-amplified
0.538461538461538	0.963939826196526	1	3	non-amplified
0.576923076923077	0.374008652564253	1	3	non-amplified
0.615384615384615	0.124708510089393	1	3	non-amplified
0.653846153846154	0.0355786043490328	1	3	non-amplified
0.692307692307692	0.00862781155464042	1	3	non-amplified
0.730769230769231	0.00176188993852658	1	3	non-amplified
0.769230769230769	0.000299080817064884	1	3	non-amplified
0.807692307692308	4.14440560789913e-05	1	3	non-amplified
0.846153846153846	4.56826527234335e-06	1	3	non-amplified
0.884615384615385	3.85323244710701e-07	1	3	non-amplified
0.923076923076923	2.33602217105863e-08	1	3	non-amplified
0.961538461538462	9.06376602370743e-10	1	3	non-amplified
1	1.69074096980696e-11	1	3	non-amplified
0	8.23039657609315e-12	2	3	amplified
0.0384615384615385	4.03049711939937e-10	2	3	amplified
0.0769230769230769	9.48927719858592e-09	2	3	amplified
0.115384615384615	1.42984060312673e-07	2	3	amplified
0.153846153846154	1.54853125513386e-06	2	3	amplified
0.192307692307692	1.28332648483714e-05	2	3	amplified
0.230769230769231	8.4599872155769e-05	2	3	amplified
0.269230769230769	0.000455266995789713	2	3	amplified
0.307692307692308	0.00203654629427293	2	3	amplified
0.346153846153846	0.00767165011823198	2	3	amplified
0.384615384615385	0.0245641767863389	2	3	amplified
0.423076923076923	0.0672967385214436	2	3	amplified
0.461538461538462	0.158441350402428	2	3	amplified
0.5	0.32137916930022	2	3	amplified
0.538461538461538	0.562079240620773	2	3	amplified
0.576923076923077	0.846938816935378	2	3	amplified
0.615384615384615	1.09670354086171	2	3	amplified
0.653846153846154	1.21507987965261	2	3	amplified
0.692307692307692	1.14429852743983	2	3	amplified
0.730769230769231	0.907486619615035	2	3	amplified
0.769230769230769	0.598236324969523	2	3	amplified
0.807692307692308	0.321935775434361	2	3	amplified
0.846153846153846	0.137810106871726	2	3	amplified
0.884615384615385	0.0451416812716164	2	3	amplified
0.923076923076923	0.0106280171925893	2	3	amplified
0.961538461538462	0.00160142550319403	2	3	amplified
1	0.000116010660052144	2	3	amplified
0	0	3	3	amplified
0.0384615384615385	0	3	3	amplified
0.0769230769230769	0	3	3	amplified
0.115384615384615	0	3	3	amplified
0.153846153846154	0	3	3	amplified
0.192307692307692	0	3	3	amplified
0.230769230769231	0	3	3	amplified
0.269230769230769	0	3	3	amplified
0.307692307692308	0	3	3	amplified
0.346153846153846	0	3	3	amplified
0.384615384615385	0	3	3	amplified
0.423076923076923	0	3	3	amplified
0.461538461538462	0	3	3	amplified
0.5	0	3	3	amplified
0.538461538461538	0	3	3	amplified
0.576923076923077	0	3	3	amplified
0.615384615384615	0	3	3	amplified
0.653846153846154	0	3	3	amplified
0.692307692307692	0	3	3	amplified
0.730769230769231	0	3	3	amplified
0.769230769230769	0	3	3	amplified
0.807692307692308	0	3	3	amplified
0.846153846153846	0	3	3	amplified
0.884615384615385	0	3	3	amplified
0.923076923076923	0	3	3	amplified
0.961538461538462	0	3	3	amplified
1	0	3	3	amplified
0	0.0995721913432464	1	4	non-amplified
0.0303030303030303	1.07316695114388	1	4	non-amplified
0.0606060606060606	5.60792965715591	1	4	non-amplified
0.0909090909090909	18.9259758463162	1	4	non-amplified
0.121212121212121	46.359082249815	1	4	non-amplified
0.151515151515152	87.8169012584039	1	4	non-amplified
0.181818181818182	133.84439047016	1	4	non-amplified
0.212121212121212	168.609167215656	1	4	non-amplified
0.242424242424242	178.969831531096	1	4	non-amplified
0.272727272727273	162.36507349903	1	4	non-amplified
0.303030303030303	127.26797680328	1	4	non-amplified
0.333333333333333	86.9099651815483	1	4	non-amplified
0.363636363636364	52.0386828556184	1	4	non-amplified
0.393939393939394	27.4547518717676	1	4	non-amplified
0.424242424242424	12.809576390387	1	4	non-amplified
0.454545454545455	5.29922542928917	1	4	non-amplified
0.484848484848485	1.94706388879186	1	4	non-amplified
0.515151515151515	0.635909754925286	1	4	non-amplified
0.545454545454545	0.184611286876925	1	4	non-amplified
0.575757575757576	0.0476004647183991	1	4	non-amplified
0.606060606060606	0.0108823958059909	1	4	non-amplified
0.636363636363636	0.00220020861172913	1	4	non-amplified
0.666666666666667	0.000391956355073876	1	4	non-amplified
0.696969696969697	6.12234564286086e-05	1	4	non-amplified
0.727272727272727	8.33147485069446e-06	1	4	non-amplified
0.757575757575758	9.79579467293782e-07	1	4	non-amplified
0.787878787878788	9.84399982672845e-08	1	4	non-amplified
0.818181818181818	8.33529851895323e-09	1	4	non-amplified
0.848484848484849	5.83350617848825e-10	1	4	non-amplified
0.878787878787879	3.28486067173663e-11	1	4	non-amplified
0.909090909090909	1.43044437781574e-12	1	4	non-amplified
0.939393939393939	4.52111777934593e-14	1	4	non-amplified
0.96969696969697	9.22871263881637e-16	1	4	non-amplified
1	9.1336101006549e-18	1	4	non-amplified
0	4.61720565274663e-08	2	4	amplified
0.0303030303030303	1.4779675294442e-06	2	4	amplified
0.0606060606060606	2.2938056056974e-05	2	4	amplified
0.0909090909090909	0.000229915781877734	2	4	amplified
0.121212121212121	0.00167263731316053	2	4	amplified
0.151515151515152	0.00941025752384113	2	4	amplified
0.181818181818182	0.0425970990579208	2	4	amplified
0.212121212121212	0.159374003475278	2	4	amplified
0.242424242424242	0.502426545955816	2	4	amplified
0.272727272727273	1.35376041549206	2	4	amplified
0.303030303030303	3.15155424726552	2	4	amplified
0.333333333333333	6.39192502331758	2	4	amplified
0.363636363636364	11.3669733331331	2	4	amplified
0.393939393939394	17.8111728304555	2	4	amplified
0.424242424242424	24.6811966364883	2	4	amplified
0.454545454545455	30.3249636006987	2	4	amplified
0.484848484848485	33.0921165292624	2	4	amplified
0.515151515151515	32.0993530333846	2	4	amplified
0.545454545454545	27.6767755043405	2	4	amplified
0.575757575757576	21.1945833467449	2	4	amplified
0.606060606060606	14.3911220924398	2	4	amplified
0.636363636363636	8.64152617074602	2	4	amplified
0.666666666666667	4.57215293761288	2	4	amplified
0.696969696969697	2.12108138453607	2	4	amplified
0.727272727272727	0.857270392916659	2	4	amplified
0.757575757575758	0.299358821206499	2	4	amplified
0.787878787878788	0.0893470943293238	2	4	amplified
0.818181818181818	0.0224691396480041	2	4	amplified
0.848484848484849	0.00467037116969226	2	4	amplified
0.878787878787879	0.000781079316310606	2	4	amplified
0.909090909090909	0.000101019591576172	2	4	amplified
0.939393939393939	9.4828068221503e-06	2	4	amplified
0.96969696969697	5.74895163592864e-07	2	4	amplified
1	1.68984335965174e-08	2	4	amplified
0	0	3	4	amplified
0.0303030303030303	0	3	4	amplified
0.0606060606060606	0	3	4	amplified
0.0909090909090909	0	3	4	amplified
0.121212121212121	0	3	4	amplified
0.151515151515152	0	3	4	amplified
0.181818181818182	0	3	4	amplified
0.212121212121212	0	3	4	amplified
0.242424242424242	0	3	4	amplified
0.272727272727273	0	3	4	amplified
0.303030303030303	0	3	4	amplified
0.333333333333333	0	3	4	amplified
0.363636363636364	0	3	4	amplified
0.393939393939394	0	3	4	amplified
0.424242424242424	0	3	4	amplified
0.454545454545455	0	3	4	amplified
0.484848484848485	0	3	4	amplified
0.515151515151515	0	3	4	amplified
0.545454545454545	0	3	4	amplified
0.575757575757576	0	3	4	amplified
0.606060606060606	0	3	4	amplified
0.636363636363636	0	3	4	amplified
0.666666666666667	0	3	4	amplified
0.696969696969697	0	3	4	amplified
0.727272727272727	0	3	4	amplified
0.757575757575758	0	3	4	amplified
0.787878787878788	0	3	4	amplified
0.818181818181818	0	3	4	amplified
0.848484848484849	0	3	4	amplified
0.878787878787879	0	3	4	amplified
0.909090909090909	0	3	4	amplified
0.939393939393939	0	3	4	amplified
0.96969696969697	0	3	4	amplified
1	0	3	4	amplified
0	0	4	4	amplified
0.0303030303030303	0	4	4	amplified
0.0606060606060606	0	4	4	amplified
0.0909090909090909	0	4	4	amplified
0.121212121212121	0	4	4	amplified
0.151515151515152	0	4	4	amplified
0.181818181818182	0	4	4	amplified
0.212121212121212	0	4	4	amplified
0.242424242424242	0	4	4	amplified
0.272727272727273	0	4	4	amplified
0.303030303030303	0	4	4	amplified
0.333333333333333	0	4	4	amplified
0.363636363636364	0	4	4	amplified
0.393939393939394	0	4	4	amplified
0.424242424242424	0	4	4	amplified
0.454545454545455	0	4	4	amplified
0.484848484848485	0	4	4	amplified
0.515151515151515	0	4	4	amplified
0.545454545454545	0	4	4	amplified
0.575757575757576	0	4	4	amplified
0.606060606060606	0	4	4	amplified
0.636363636363636	0	4	4	amplified
0.666666666666667	0	4	4	amplified
0.696969696969697	0	4	4	amplified
0.727272727272727	0	4	4	amplified
0.757575757575758	0	4	4	amplified
0.787878787878788	0	4	4	amplified
0.818181818181818	0	4	4	amplified
0.848484848484849	0	4	4	amplified
0.878787878787879	0	4	4	amplified
0.909090909090909	0	4	4	amplified
0.939393939393939	0	4	4	amplified
0.96969696969697	0	4	4	amplified
1	0	4	4	amplified
