x	p	B	CN	Peak
0	7.68292345304994e-08	1	2	non-amplified
0.0344827586206897	1.78645274165062e-06	1	2	non-amplified
0.0689655172413793	2.00533343792494e-05	1	2	non-amplified
0.103448275862069	0.000144709196736745	1	2	non-amplified
0.137931034482759	0.000754182615425292	1	2	non-amplified
0.172413793103448	0.00302352489967795	1	2	non-amplified
0.206896551724138	0.00969707084941764	1	2	non-amplified
0.241379310344828	0.0255468520318634	1	2	non-amplified
0.275862068965517	0.0563296579711582	1	2	non-amplified
0.310344827586207	0.105385516264359	1	2	non-amplified
0.344827586206897	0.168996593649152	1	2	non-amplified
0.379310344827586	0.234048517494445	1	2	non-amplified
0.413793103448276	0.281490784554129	1	2	non-amplified
0.448275862068966	0.295145916167982	1	2	non-amplified
0.482758620689655	0.270455459860493	1	2	non-amplified
0.517241379310345	0.216851675023278	1	2	non-amplified
0.551724137931034	0.152138055787727	1	2	non-amplified
0.586206896551724	0.0932823161348178	1	2	non-amplified
0.620689655172414	0.0498626194354282	1	2	non-amplified
0.655172413793103	0.023146279956038	1	2	non-amplified
0.689655172413793	0.00927936448688011	1	2	non-amplified
0.724137931034483	0.00318866192792406	1	2	non-amplified
0.758620689655172	0.000929699956053206	1	2	non-amplified
0.793103448275862	0.000226871552143026	1	2	non-amplified
0.827586206896552	4.54765048214625e-05	1	2	non-amplified
0.862068965517241	7.29262870109934e-06	1	2	non-amplified
0.896551724137931	8.99575820371231e-07	1	2	non-amplified
0.931034482758621	8.0142390403443e-08	1	2	non-amplified
0.96551724137931	4.5898795018703e-09	1	2	non-amplified
1	1.26902539815613e-10	1	2	non-amplified
0	0	2	2	amplified
0.0344827586206897	0	2	2	amplified
0.0689655172413793	0	2	2	amplified
0.103448275862069	0	2	2	amplified
0.137931034482759	0	2	2	amplified
0.172413793103448	0	2	2	amplified
0.206896551724138	0	2	2	amplified
0.241379310344828	0	2	2	amplified
0.275862068965517	0	2	2	amplified
0.310344827586207	0	2	2	amplified
0.344827586206897	0	2	2	amplified
0.379310344827586	0	2	2	amplified
0.413793103448276	0	2	2	amplified
0.448275862068966	0	2	2	amplified
0.482758620689655	0	2	2	amplified
0.517241379310345	0	2	2	amplified
0.551724137931034	0	2	2	amplified
0.586206896551724	0	2	2	amplified
0.620689655172414	0	2	2	amplified
0.655172413793103	0	2	2	amplified
0.689655172413793	0	2	2	amplified
0.724137931034483	0	2	2	amplified
0.758620689655172	0	2	2	amplified
0.793103448275862	0	2	2	amplified
0.827586206896552	0	2	2	amplified
0.862068965517241	0	2	2	amplified
0.896551724137931	0	2	2	amplified
0.931034482758621	0	2	2	amplified
0.96551724137931	0	2	2	amplified
1	0	2	2	amplified
0	0.000622911377000938	1	3	non-amplified
0.03125	0.00887025800849337	1	3	non-amplified
0.0625	0.0611826046135829	1	3	non-amplified
0.09375	0.272262590530445	1	3	non-amplified
0.125	0.878387182698848	1	3	non-amplified
0.15625	2.18894085928552	1	3	non-amplified
0.1875	4.38335407071926	1	3	non-amplified
0.21875	7.24505808546027	1	3	non-amplified
0.25	10.0751589000932	1	3	non-amplified
0.28125	11.9558552281106	1	3	non-amplified
0.3125	12.2368178259712	1	3	non-amplified
0.34375	10.8907678651144	1	3	non-amplified
0.375	8.48118547495781	1	3	non-amplified
0.40625	5.80635005593265	1	3	non-amplified
0.4375	3.50662069449361	1	3	non-amplified
0.46875	1.87253545085959	1	3	non-amplified
0.5	0.885358167859552	1	3	non-amplified
0.53125	0.37080883265647	1	3	non-amplified
0.5625	0.137508275443442	1	3	non-amplified
0.59375	0.0450882397901389	1	3	non-amplified
0.625	0.0130417733592977	1	3	non-amplified
0.65625	0.0033163366542214	1	3	non-amplified
0.6875	0.000737884905564264	1	3	non-amplified
0.71875	0.000142764688250477	1	3	non-amplified
0.75	2.38238573517984e-05	1	3	non-amplified
0.78125	3.39251728689609e-06	1	3	non-amplified
0.8125	4.06449667256974e-07	1	3	non-amplified
0.84375	4.01933559843007e-08	1	3	non-amplified
0.875	3.19393632375248e-09	1	3	non-amplified
0.90625	1.96041608837221e-10	1	3	non-amplified
0.9375	8.72385159325635e-12	1	3	non-amplified
0.96875	2.50458965096715e-13	1	3	non-amplified
1	3.48294498337617e-15	1	3	non-amplified
0	6.20753979887139e-13	2	3	amplified
0.03125	3.18541862111454e-11	2	3	amplified
0.0625	7.91763060869823e-10	2	3	amplified
0.09375	1.26967409761107e-08	2	3	amplified
0.125	1.47613911979015e-07	2	3	amplified
0.15625	1.32559952667283e-06	2	3	amplified
0.1875	9.56581280058497e-06	2	3	amplified
0.21875	5.69762955484006e-05	2	3	amplified
0.25	0.000285523102691874	2	3	amplified
0.28125	0.00122097567037005	2	3	amplified
0.3125	0.00450331026531081	2	3	amplified
0.34375	0.0144430491391951	2	3	amplified
0.375	0.0405316198816149	2	3	amplified
0.40625	0.0999948487723834	2	3	amplified
0.4375	0.217620706916474	2	3	amplified
0.46875	0.418772819796026	2	3	amplified
0.5	0.71351720309841	2	3	amplified
0.53125	1.07689294882049	2	3	amplified
0.5625	1.43909117785321	2	3	amplified
0.59375	1.70043395695126	2	3	amplified
0.625	1.77243431368703	2	3	amplified
0.65625	1.62416117290241	2	3	amplified
0.6875	1.30225535484968	2	3	amplified
0.71875	0.907957121673493	2	3	amplified
0.75	0.546001242087438	2	3	amplified
0.78125	0.280182259002707	2	3	amplified
0.8125	0.120965729285299	2	3	amplified
0.84375	0.0431069065320986	2	3	amplified
0.875	0.0123439983312637	2	3	amplified
0.90625	0.00273032830439884	2	3	amplified
0.9375	0.000437836430795488	2	3	amplified
0.96875	4.52978114975861e-05	2	3	amplified
1	2.26999167977768e-06	2	3	amplified
0	0	3	3	amplified
0.03125	0	3	3	amplified
0.0625	0	3	3	amplified
0.09375	0	3	3	amplified
0.125	0	3	3	amplified
0.15625	0	3	3	amplified
0.1875	0	3	3	amplified
0.21875	0	3	3	amplified
0.25	0	3	3	amplified
0.28125	0	3	3	amplified
0.3125	0	3	3	amplified
0.34375	0	3	3	amplified
0.375	0	3	3	amplified
0.40625	0	3	3	amplified
0.4375	0	3	3	amplified
0.46875	0	3	3	amplified
0.5	0	3	3	amplified
0.53125	0	3	3	amplified
0.5625	0	3	3	amplified
0.59375	0	3	3	amplified
0.625	0	3	3	amplified
0.65625	0	3	3	amplified
0.6875	0	3	3	amplified
0.71875	0	3	3	amplified
0.75	0	3	3	amplified
0.78125	0	3	3	amplified
0.8125	0	3	3	amplified
0.84375	0	3	3	amplified
0.875	0	3	3	amplified
0.90625	0	3	3	amplified
0.9375	0	3	3	amplified
0.96875	0	3	3	amplified
1	0	3	3	amplified
0	0.0228001562716625	1	4	non-amplified
0.024390243902439	0.2878815579076	1	4	non-amplified
0.0487804878048781	1.77311132552086	1	4	non-amplified
0.0731707317073171	7.09858063538974	1	4	non-amplified
0.0975609756097561	20.7676468069966	1	4	non-amplified
0.121951219512195	47.3272394016885	1	4	non-amplified
0.146341463414634	87.4489475449885	1	4	non-amplified
0.170731707317073	134.653223728443	1	4	non-amplified
0.195121951219512	176.237307526932	1	4	non-amplified
0.219512195121951	199.003833989465	1	4	non-amplified
0.24390243902439	196.111736748096	1	4	non-amplified
0.268292682926829	170.202038907832	1	4	non-amplified
0.292682926829268	131.03790192731	1	4	non-amplified
0.317073170731707	90.0209808023388	1	4	non-amplified
0.341463414634146	55.4454483834475	1	4	non-amplified
0.365853658536585	30.7348125641117	1	4	non-amplified
0.390243902439024	15.3806998861061	1	4	non-amplified
0.414634146341463	6.96561311756277	1	4	non-amplified
0.439024390243902	2.86015948079858	1	4	non-amplified
0.463414634146341	1.06624411895733	1	4	non-amplified
0.48780487804878	0.361194807079313	1	4	non-amplified
0.51219512195122	0.111233002872176	1	4	non-amplified
0.536585365853659	0.0311410420120279	1	4	non-amplified
0.560975609756098	0.00792229607978628	1	4	non-amplified
0.585365853658537	0.0018298036793278	1	4	non-amplified
0.609756097560976	0.000383182417553351	1	4	non-amplified
0.634146341463415	7.26180147186552e-05	1	4	non-amplified
0.658536585365854	1.24240740291432e-05	1	4	non-amplified
0.682926829268293	1.91304946123485e-06	1	4	non-amplified
0.707317073170732	2.64097151491315e-07	1	4	non-amplified
0.731707317073171	3.25323826750549e-08	1	4	non-amplified
0.75609756097561	3.55499527166855e-09	1	4	non-amplified
0.780487804878049	3.42122166066721e-10	1	4	non-amplified
0.804878048780488	2.87343876501462e-11	1	4	non-amplified
0.829268292682927	2.08211724067822e-12	1	4	non-amplified
0.853658536585366	1.28241131086755e-13	1	4	non-amplified
0.878048780487805	6.58215724724402e-15	1	4	non-amplified
0.902439024390244	2.73923124943756e-16	1	4	non-amplified
0.926829268292683	8.87967879074644e-18	1	4	non-amplified
0.951219512195122	2.10351720089548e-19	1	4	non-amplified
0.975609756097561	3.23897977300513e-21	1	4	non-amplified
1	2.4328567794536e-23	1	4	non-amplified
0	1.30947717424312e-09	2	4	amplified
0.024390243902439	4.77828220881315e-08	2	4	amplified
0.0487804878048781	8.50534233168745e-07	2	4	amplified
0.0731707317073171	9.84068107776234e-06	2	4	amplified
0.0975609756097561	8.32029585124806e-05	2	4	amplified
0.121951219512195	0.000547974684763202	2	4	amplified
0.146341463414634	0.00292618481663547	2	4	amplified
0.170731707317073	0.0130215224340278	2	4	amplified
0.195121951219512	0.0492539086067106	2	4	amplified
0.219512195121951	0.160731921753232	2	4	amplified
0.24390243902439	0.457764513153205	2	4	amplified
0.268292682926829	1.14815662889972	2	4	amplified
0.292682926829268	2.55464849930186	2	4	amplified
0.317073170731707	5.07195982822933	2	4	amplified
0.341463414634146	9.02808849424823	2	4	amplified
0.365853658536585	14.4629977677856	2	4	amplified
0.390243902439024	20.91711052166	2	4	amplified
0.414634146341463	27.376806418055	2	4	amplified
0.439024390243902	32.4871436160919	2	4	amplified
0.463414634146341	35.000622622179	2	4	amplified
0.48780487804878	34.2656095471133	2	4	amplified
0.51219512195122	30.4963924969308	2	4	amplified
0.536585365853659	24.6743539293349	2	4	amplified
0.560975609756098	18.1410141280458	2	4	amplified
0.585365853658537	12.1091269304706	2	4	amplified
0.609756097560976	7.3284436183208	2	4	amplified
0.634146341463415	4.01373219711109	2	4	amplified
0.658536585365854	1.98456758634937	2	4	amplified
0.682926829268293	0.883132575925472	2	4	amplified
0.707317073170732	0.352339444946816	2	4	amplified
0.731707317073171	0.125432842401067	2	4	amplified
0.75609756097561	0.0396125008744015	2	4	amplified
0.780487804878049	0.0110172268056929	2	4	amplified
0.804878048780488	0.00267418141556365	2	4	amplified
0.829268292682927	0.000560005049376853	2	4	amplified
0.853658536585366	9.96808987890799e-05	2	4	amplified
0.878048780487805	1.4785999987047e-05	2	4	amplified
0.902439024390244	1.77831621465835e-06	2	4	amplified
0.926829268292683	1.66600150636414e-07	2	4	amplified
0.951219512195122	1.14057026204929e-08	2	4	amplified
0.975609756097561	5.07553766611931e-10	2	4	amplified
1	1.10176305435273e-11	2	4	amplified
0	1.57194769901822e-21	3	4	amplified
0.024390243902439	1.55028031181554e-19	3	4	amplified
0.0487804878048781	7.45810528386937e-18	3	4	amplified
0.0731707317073171	2.33216967930727e-16	3	4	amplified
0.0975609756097561	5.32932287528186e-15	3	4	amplified
0.121951219512195	9.48619471800176e-14	3	4	amplified
0.146341463414634	1.36908864308457e-12	3	4	amplified
0.170731707317073	1.64660661127739e-11	3	4	amplified
0.195121951219512	1.68332148842074e-10	3	4	amplified
0.219512195121951	1.48465922267018e-09	3	4	amplified
0.24390243902439	1.14278634220667e-08	3	4	amplified
0.268292682926829	7.74679979888996e-08	3	4	amplified
0.292682926829268	4.65854852771086e-07	3	4	amplified
0.317073170731707	2.49973258836209e-06	3	4	amplified
0.341463414634146	1.20257405602285e-05	3	4	amplified
0.365853658536585	5.2068206425638e-05	3	4	amplified
0.390243902439024	0.00020352336092724	3	4	amplified
0.414634146341463	0.000719935577206846	3	4	amplified
0.439024390243902	0.00230898257194268	3	4	amplified
0.463414634146341	0.00672331056154576	3	4	amplified
0.48780487804878	0.0177895163236576	3	4	amplified
0.51219512195122	0.0427909987244736	3	4	amplified
0.536585365853659	0.0935724542132225	3	4	amplified
0.560975609756098	0.185935393742138	3	4	amplified
0.585365853658537	0.33543750087264	3	4	amplified
0.609756097560976	0.548666960886815	3	4	amplified
0.634146341463415	0.812163983682769	3	4	amplified
0.658536585365854	1.08532424245896	3	4	amplified
0.682926829268293	1.30532239971415	3	4	amplified
0.707317073170732	1.40750980099652	3	4	amplified
0.731707317073171	1.35425267339125	3	4	amplified
0.75609756097561	1.15589657127291	3	4	amplified
0.780487804878049	0.868874956446701	3	4	amplified
0.804878048780488	0.569999050052258	3	4	amplified
0.829268292682927	0.32260677554627	3	4	amplified
0.853658536585366	0.155200016343881	3	4	amplified
0.878048780487805	0.0622198263720967	3	4	amplified
0.902439024390244	0.0202248522538954	3	4	amplified
0.926829268292683	0.00512094409842586	3	4	amplified
0.951219512195122	0.000947534355010198	3	4	amplified
0.975609756097561	0.000113960212967443	3	4	amplified
1	6.68586615300089e-06	3	4	amplified
0	0	4	4	amplified
0.024390243902439	0	4	4	amplified
0.0487804878048781	0	4	4	amplified
0.0731707317073171	0	4	4	amplified
0.0975609756097561	0	4	4	amplified
0.121951219512195	0	4	4	amplified
0.146341463414634	0	4	4	amplified
0.170731707317073	0	4	4	amplified
0.195121951219512	0	4	4	amplified
0.219512195121951	0	4	4	amplified
0.24390243902439	0	4	4	amplified
0.268292682926829	0	4	4	amplified
0.292682926829268	0	4	4	amplified
0.317073170731707	0	4	4	amplified
0.341463414634146	0	4	4	amplified
0.365853658536585	0	4	4	amplified
0.390243902439024	0	4	4	amplified
0.414634146341463	0	4	4	amplified
0.439024390243902	0	4	4	amplified
0.463414634146341	0	4	4	amplified
0.48780487804878	0	4	4	amplified
0.51219512195122	0	4	4	amplified
0.536585365853659	0	4	4	amplified
0.560975609756098	0	4	4	amplified
0.585365853658537	0	4	4	amplified
0.609756097560976	0	4	4	amplified
0.634146341463415	0	4	4	amplified
0.658536585365854	0	4	4	amplified
0.682926829268293	0	4	4	amplified
0.707317073170732	0	4	4	amplified
0.731707317073171	0	4	4	amplified
0.75609756097561	0	4	4	amplified
0.780487804878049	0	4	4	amplified
0.804878048780488	0	4	4	amplified
0.829268292682927	0	4	4	amplified
0.853658536585366	0	4	4	amplified
0.878048780487805	0	4	4	amplified
0.902439024390244	0	4	4	amplified
0.926829268292683	0	4	4	amplified
0.951219512195122	0	4	4	amplified
0.975609756097561	0	4	4	amplified
1	0	4	4	amplified
