x	p	B	CN	Peak
0	0.00247179165441309	1	2	non-amplified
0.05	0.0260387212449623	1	2	non-amplified
0.1	0.130292990657044	1	2	non-amplified
0.15	0.411765634595543	1	2	non-amplified
0.2	0.921757804161398	1	2	non-amplified
0.25	1.55361926075448	1	2	non-amplified
0.3	2.04579635481028	1	2	non-amplified
0.35	2.15511371728106	1	2	non-amplified
0.4	1.84459637824534	1	2	non-amplified
0.45	1.2954417312868	1	2	non-amplified
0.5	0.750565094692122	1	2	non-amplified
0.55	0.359396193849802	1	2	non-amplified
0.6	0.141975213982651	1	2	non-amplified
0.65	0.0460189771687747	1	2	non-amplified
0.7	0.0121195016207842	1	2	non-amplified
0.75	0.00255342171552399	1	2	non-amplified
0.8	0.000420291265198367	1	2	non-amplified
0.85	5.20881855387289e-05	1	2	non-amplified
0.9	4.57262697477392e-06	1	2	non-amplified
0.95	2.535245168818e-07	1	2	non-amplified
1	6.6767907117726e-09	1	2	non-amplified
0	4.80330228105647e-10	2	2	amplified
0.05	2.13824424124449e-08	2	2	amplified
0.1	4.52135193592179e-07	2	2	amplified
0.15	6.03819258539238e-06	2	2	amplified
0.2	5.71193540537519e-05	2	2	amplified
0.25	0.000406837205647368	2	2	amplified
0.3	0.00226385219271518	2	2	amplified
0.35	0.010077793632087	2	2	amplified
0.4	0.0364507293870243	2	2	amplified
0.45	0.108176358180846	2	2	amplified
0.5	0.264857599546007	2	2	amplified
0.55	0.535928867116553	2	2	amplified
0.6	0.894655447525215	2	2	amplified
0.65	1.22543376435215	2	2	amplified
0.7	1.36378918935965	2	2	amplified
0.75	1.21421231052666	2	2	amplified
0.8	0.84456299824939	2	2	amplified
0.85	0.442313828305184	2	2	amplified
0.9	0.164084162113213	2	2	amplified
0.95	0.0384441670146407	2	2	amplified
1	0.00427846374840357	2	2	amplified
0	0.0359286695532987	1	3	non-amplified
0.0384615384615385	0.322280165893089	1	3	non-amplified
0.0769230769230769	1.38983321541395	1	3	non-amplified
0.115384615384615	3.8359396745425	1	3	non-amplified
0.153846153846154	7.6095453293737	1	3	non-amplified
0.192307692307692	11.5512898099893	1	3	non-amplified
0.230769230769231	13.948182445562	1	3	non-amplified
0.269230769230769	13.7489226963397	1	3	non-amplified
0.307692307692308	11.2655235343134	1	3	non-amplified
0.346153846153846	7.77321123867621	1	3	non-amplified
0.384615384615385	4.5589883914836	1	3	non-amplified
0.423076923076923	2.28778326554449	1	3	non-amplified
0.461538461538462	0.986606533266065	1	3	non-amplified
0.5	0.366562273513469	1	3	non-amplified
0.538461538461538	0.117430842621994	1	3	non-amplified
0.576923076923077	0.0324109125636702	1	3	non-amplified
0.615384615384615	0.00768746332369551	1	3	non-amplified
0.653846153846154	0.00156010285098527	1	3	non-amplified
0.692307692307692	0.000269117741794958	1	3	non-amplified
0.730769230769231	3.90928930186361e-05	1	3	non-amplified
0.769230769230769	4.72046683200034e-06	1	3	non-amplified
0.807692307692308	4.65303159154316e-07	1	3	non-amplified
0.846153846153846	3.64839977064181e-08	1	3	non-amplified
0.884615384615385	2.18903986238507e-09	1	3	non-amplified
0.923076923076923	9.4402344065357e-11	1	3	non-amplified
0.961538461538462	2.60550469620385e-12	1	3	non-amplified
1	3.45730430842431e-14	1	3	non-amplified
0	1.35735308121699e-07	2	3	amplified
0.0384615384615385	3.71769683618821e-06	2	3	amplified
0.0769230769230769	4.8954404904005e-05	2	3	amplified
0.115384615384615	0.000412562313084135	2	3	amplified
0.153846153846154	0.00249899385826153	2	3	amplified
0.192307692307692	0.0115831226773771	2	3	amplified
0.230769230769231	0.0427072385738409	2	3	amplified
0.269230769230769	0.128540870734788	2	3	amplified
0.307692307692308	0.321597483842188	2	3	amplified
0.346153846153846	0.67756416443087	2	3	amplified
0.384615384615385	1.21340880133956	2	3	amplified
0.423076923076923	1.85926900302412	2	3	amplified
0.461538461538462	2.44827406886763	2	3	amplified
0.5	2.77749001823386	2	3	amplified
0.538461538461538	2.71691226429201	2	3	amplified
0.576923076923077	2.28967262578502	2	3	amplified
0.615384615384615	1.65826481199507	2	3	amplified
0.653846153846154	1.02757316594216	2	3	amplified
0.692307692307692	0.541240827862665	2	3	amplified
0.730769230769231	0.240068249883641	2	3	amplified
0.769230769230769	0.0885137135067165	2	3	amplified
0.807692307692308	0.0266409868351731	2	3	amplified
0.846153846153846	0.00637830704936482	2	3	amplified
0.884615384615385	0.00116854480293707	2	3	amplified
0.923076923076923	0.000153873266035607	2	3	amplified
0.961538461538462	1.29676401300236e-05	2	3	amplified
1	5.25406440969836e-07	2	3	amplified
0	0	3	3	amplified
0.0384615384615385	0	3	3	amplified
0.0769230769230769	0	3	3	amplified
0.115384615384615	0	3	3	amplified
0.153846153846154	0	3	3	amplified
0.192307692307692	0	3	3	amplified
0.230769230769231	0	3	3	amplified
0.269230769230769	0	3	3	amplified
0.307692307692308	0	3	3	amplified
0.346153846153846	0	3	3	amplified
0.384615384615385	0	3	3	amplified
0.423076923076923	0	3	3	amplified
0.461538461538462	0	3	3	amplified
0.5	0	3	3	amplified
0.538461538461538	0	3	3	amplified
0.576923076923077	0	3	3	amplified
0.615384615384615	0	3	3	amplified
0.653846153846154	0	3	3	amplified
0.692307692307692	0	3	3	amplified
0.730769230769231	0	3	3	amplified
0.769230769230769	0	3	3	amplified
0.807692307692308	0	3	3	amplified
0.846153846153846	0	3	3	amplified
0.884615384615385	0	3	3	amplified
0.923076923076923	0	3	3	amplified
0.961538461538462	0	3	3	amplified
1	0	3	3	amplified
0	0.746514219163833	1	4	non-amplified
0.0294117647058824	6.51049203776341	1	4	non-amplified
0.0588235294117647	27.5546289404968	1	4	non-amplified
0.0882352941176471	75.3911037182366	1	4	non-amplified
0.117647058823529	149.87134837668	1	4	non-amplified
0.147058823529412	230.657019434742	1	4	non-amplified
0.176470588235294	285.963256436753	1	4	non-amplified
0.205882352941176	293.404679466706	1	4	non-amplified
0.235294117647059	254.002285244643	1	4	non-amplified
0.264705882352941	188.219785100739	1	4	non-amplified
0.294117647058824	120.698561077612	1	4	non-amplified
0.323529411764706	67.5487722691872	1	4	non-amplified
0.352941176470588	33.2093871100373	1	4	non-amplified
0.382352941176471	14.4157419596902	1	4	non-amplified
0.411764705882353	5.54657729675812	1	4	non-amplified
0.441176470588235	1.89697067398419	1	4	non-amplified
0.470588235294118	0.57781797248914	1	4	non-amplified
0.5	0.156931975034225	1	4	non-amplified
0.529411764705882	0.0380175974215503	1	4	non-amplified
0.558823529411765	0.00821197956434974	1	4	non-amplified
0.588235294117647	0.00157981391247248	1	4	non-amplified
0.617647058823529	0.00027015405194697	1	4	non-amplified
0.647058823529412	4.09476486306911e-05	1	4	non-amplified
0.676470588235294	5.47998271637503e-06	1	4	non-amplified
0.705882352941177	6.44254473625876e-07	1	4	non-amplified
0.735294117647059	6.6101945992841e-08	1	4	non-amplified
0.764705882352941	5.86921768109151e-09	1	4	non-amplified
0.794117647058823	4.46070240942107e-10	1	4	non-amplified
0.823529411764706	2.86048760455442e-11	1	4	non-amplified
0.852941176470588	1.5180641818812e-12	1	4	non-amplified
0.882352941176471	6.48986546157388e-14	1	4	non-amplified
0.911764705882353	2.14798281256074e-15	1	4	non-amplified
0.941176470588235	5.16533970957333e-17	1	4	non-amplified
0.970588235294118	8.02992993039449e-19	1	4	non-amplified
1	6.05800530502099e-21	1	4	non-amplified
0	1.36760831929477e-05	2	4	amplified
0.0294117647058824	0.000320840911706552	2	4	amplified
0.0588235294117647	0.00365277377977909	2	4	amplified
0.0882352941176471	0.0268844150191741	2	4	amplified
0.117647058823529	0.143764409315034	2	4	amplified
0.147058823529412	0.595184654564239	2	4	amplified
0.176470588235294	1.98494082297174	2	4	amplified
0.205882352941176	5.47843667140199	2	4	amplified
0.235294117647059	12.7579093985274	2	4	amplified
0.264705882352941	25.4307660677313	2	4	amplified
0.294117647058824	43.8680714668364	2	4	amplified
0.323529411764706	66.0413875900738	2	4	amplified
0.352941176470588	87.3397350878725	2	4	amplified
0.382352941176471	101.985936817993	2	4	amplified
0.411764705882353	105.555444606622	2	4	amplified
0.441176470588235	97.1110090380925	2	4	amplified
0.470588235294118	79.5703330305871	2	4	amplified
0.5	58.1331491905819	2	4	amplified
0.529411764705882	37.8834355558624	2	4	amplified
0.558823529411765	22.0122699229854	2	4	amplified
0.588235294117647	11.3913496851449	2	4	amplified
0.617647058823529	5.24002085516667	2	4	amplified
0.647058823529412	2.13649941231113	2	4	amplified
0.676470588235294	0.769139788432008	2	4	amplified
0.705882352941177	0.243240458091622	2	4	amplified
0.735294117647059	0.0671343664332881	2	4	amplified
0.764705882352941	0.0160347852134891	2	4	amplified
0.794117647058823	0.00327822275475778	2	4	amplified
0.823529411764706	0.000565493425195719	2	4	amplified
0.852941176470588	8.07290613900093e-05	2	4	amplified
0.882352941176471	9.28384205985109e-06	2	4	amplified
0.911764705882353	8.26561422102869e-07	2	4	amplified
0.941176470588235	5.34681919922788e-08	2	4	amplified
0.970588235294118	2.23594257422259e-09	2	4	amplified
1	4.53764816533408e-11	2	4	amplified
0	0	3	4	amplified
0.0294117647058824	0	3	4	amplified
0.0588235294117647	0	3	4	amplified
0.0882352941176471	0	3	4	amplified
0.117647058823529	0	3	4	amplified
0.147058823529412	0	3	4	amplified
0.176470588235294	0	3	4	amplified
0.205882352941176	0	3	4	amplified
0.235294117647059	0	3	4	amplified
0.264705882352941	0	3	4	amplified
0.294117647058824	0	3	4	amplified
0.323529411764706	0	3	4	amplified
0.352941176470588	0	3	4	amplified
0.382352941176471	0	3	4	amplified
0.411764705882353	0	3	4	amplified
0.441176470588235	0	3	4	amplified
0.470588235294118	0	3	4	amplified
0.5	0	3	4	amplified
0.529411764705882	0	3	4	amplified
0.558823529411765	0	3	4	amplified
0.588235294117647	0	3	4	amplified
0.617647058823529	0	3	4	amplified
0.647058823529412	0	3	4	amplified
0.676470588235294	0	3	4	amplified
0.705882352941177	0	3	4	amplified
0.735294117647059	0	3	4	amplified
0.764705882352941	0	3	4	amplified
0.794117647058823	0	3	4	amplified
0.823529411764706	0	3	4	amplified
0.852941176470588	0	3	4	amplified
0.882352941176471	0	3	4	amplified
0.911764705882353	0	3	4	amplified
0.941176470588235	0	3	4	amplified
0.970588235294118	0	3	4	amplified
1	0	3	4	amplified
0	0	4	4	amplified
0.0294117647058824	0	4	4	amplified
0.0588235294117647	0	4	4	amplified
0.0882352941176471	0	4	4	amplified
0.117647058823529	0	4	4	amplified
0.147058823529412	0	4	4	amplified
0.176470588235294	0	4	4	amplified
0.205882352941176	0	4	4	amplified
0.235294117647059	0	4	4	amplified
0.264705882352941	0	4	4	amplified
0.294117647058824	0	4	4	amplified
0.323529411764706	0	4	4	amplified
0.352941176470588	0	4	4	amplified
0.382352941176471	0	4	4	amplified
0.411764705882353	0	4	4	amplified
0.441176470588235	0	4	4	amplified
0.470588235294118	0	4	4	amplified
0.5	0	4	4	amplified
0.529411764705882	0	4	4	amplified
0.558823529411765	0	4	4	amplified
0.588235294117647	0	4	4	amplified
0.617647058823529	0	4	4	amplified
0.647058823529412	0	4	4	amplified
0.676470588235294	0	4	4	amplified
0.705882352941177	0	4	4	amplified
0.735294117647059	0	4	4	amplified
0.764705882352941	0	4	4	amplified
0.794117647058823	0	4	4	amplified
0.823529411764706	0	4	4	amplified
0.852941176470588	0	4	4	amplified
0.882352941176471	0	4	4	amplified
0.911764705882353	0	4	4	amplified
0.941176470588235	0	4	4	amplified
0.970588235294118	0	4	4	amplified
1	0	4	4	amplified
