x	p	B	CN	Peak
0	0.00174872467586658	1	3	non-amplified
0.0344827586206897	0.0207923363960535	1	3	non-amplified
0.0689655172413793	0.119348010913347	1	3	non-amplified
0.103448275862069	0.440394160270252	1	3	non-amplified
0.137931034482759	1.17365043712022	1	3	non-amplified
0.172413793103448	2.40598339609646	1	3	non-amplified
0.206896551724138	3.94581276959819	1	3	non-amplified
0.241379310344828	5.31557348818728	1	3	non-amplified
0.275862068965517	5.99330910793115	1	3	non-amplified
0.310344827586207	5.73359904658747	1	3	non-amplified
0.344827586206897	4.70155121820172	1	3	non-amplified
0.379310344827586	3.32955308998104	1	3	non-amplified
0.413793103448276	2.04767515033834	1	3	non-amplified
0.448275862068966	1.09786890752756	1	3	non-amplified
0.482758620689655	0.514430002384341	1	3	non-amplified
0.517241379310345	0.21091630097758	1	3	non-amplified
0.551724137931034	0.0756662229757066	1	3	non-amplified
0.586206896551724	0.0237235863800304	1	3	non-amplified
0.620689655172414	0.00648444694387497	1	3	non-amplified
0.655172413793103	0.00153920293246716	1	3	non-amplified
0.689655172413793	0.000315536601155768	1	3	non-amplified
0.724137931034483	5.54442884887994e-05	1	3	non-amplified
0.758620689655172	8.26623937469374e-06	1	3	non-amplified
0.793103448275862	1.031482913277e-06	1	3	non-amplified
0.827586206896552	1.05726998610891e-07	1	3	non-amplified
0.862068965517241	8.66961388609316e-09	1	3	non-amplified
0.896551724137931	5.46852568199721e-10	1	3	non-amplified
0.931034482758621	2.49121725513206e-11	1	3	non-amplified
0.96551724137931	7.29570767574396e-13	1	3	non-amplified
1	1.03146211967414e-14	1	3	non-amplified
0	2.57732648465671e-11	2	3	amplified
0.0344827586206897	1.03879362381587e-09	2	3	amplified
0.0689655172413793	2.02124589854344e-08	2	3	amplified
0.103448275862069	2.52827029343229e-07	2	3	amplified
0.137931034482759	2.2840136718634e-06	2	3	amplified
0.172413793103448	1.5871959414644e-05	2	3	amplified
0.206896551724138	8.82373336949694e-05	2	3	amplified
0.241379310344828	0.000402943368883084	2	3	amplified
0.275862068965517	0.00154006321496839	2	3	amplified
0.310344827586207	0.0049943292959992	2	3	amplified
0.344827586206897	0.0138825424498961	2	3	amplified
0.379310344827586	0.0333266581462837	2	3	amplified
0.413793103448276	0.0694776093558116	2	3	amplified
0.448275862068966	0.126273516873535	2	3	amplified
0.482758620689655	0.200570041329392	2	3	amplified
0.517241379310345	0.278758362525596	2	3	amplified
0.551724137931034	0.338998517139178	2	3	amplified
0.586206896551724	0.360291544636454	2	3	amplified
0.620689655172414	0.333829453787449	2	3	amplified
0.655172413793103	0.268612102869116	2	3	amplified
0.689655172413793	0.186662647756504	2	3	amplified
0.724137931034483	0.111184046847699	2	3	amplified
0.758620689655172	0.0561916292234909	2	3	amplified
0.793103448275862	0.0237686036656475	2	3	amplified
0.827586206896552	0.00825858262958939	2	3	amplified
0.862068965517241	0.00229560601907231	2	3	amplified
0.896551724137931	0.000490846658576087	2	3	amplified
0.931034482758621	7.57992956746497e-05	2	3	amplified
0.96551724137931	7.52486954639382e-06	2	3	amplified
1	3.60630802340323e-07	2	3	amplified
0	0	3	3	amplified
0.0344827586206897	0	3	3	amplified
0.0689655172413793	0	3	3	amplified
0.103448275862069	0	3	3	amplified
0.137931034482759	0	3	3	amplified
0.172413793103448	0	3	3	amplified
0.206896551724138	0	3	3	amplified
0.241379310344828	0	3	3	amplified
0.275862068965517	0	3	3	amplified
0.310344827586207	0	3	3	amplified
0.344827586206897	0	3	3	amplified
0.379310344827586	0	3	3	amplified
0.413793103448276	0	3	3	amplified
0.448275862068966	0	3	3	amplified
0.482758620689655	0	3	3	amplified
0.517241379310345	0	3	3	amplified
0.551724137931034	0	3	3	amplified
0.586206896551724	0	3	3	amplified
0.620689655172414	0	3	3	amplified
0.655172413793103	0	3	3	amplified
0.689655172413793	0	3	3	amplified
0.724137931034483	0	3	3	amplified
0.758620689655172	0	3	3	amplified
0.793103448275862	0	3	3	amplified
0.827586206896552	0	3	3	amplified
0.862068965517241	0	3	3	amplified
0.896551724137931	0	3	3	amplified
0.931034482758621	0	3	3	amplified
0.96551724137931	0	3	3	amplified
1	0	3	3	amplified
0	0.0106944885064753	1	4	non-amplified
0.0263157894736842	0.118170305624741	1	4	non-amplified
0.0526315789473684	0.635689197279191	1	4	non-amplified
0.0789473684210526	2.21814953944229	1	4	non-amplified
0.105263157894737	5.64369607996398	1	4	non-amplified
0.131578947368421	11.1593082772621	1	4	non-amplified
0.157894736842105	17.8469788405859	1	4	non-amplified
0.184210526315789	23.723643605723	1	4	non-amplified
0.210526315789474	26.7311622543209	1	4	non-amplified
0.236842105263158	25.9096371732188	1	4	non-amplified
0.263157894736842	21.8486231198278	1	4	non-amplified
0.289473684210526	16.1716436760557	1	4	non-amplified
0.315789473684211	10.5803838944407	1	4	non-amplified
0.342105263157895	6.15313105917825	1	4	non-amplified
0.368421052631579	3.19501486102215	1	4	non-amplified
0.394736842105263	1.48647499917058	1	4	non-amplified
0.421052631578947	0.621341278465363	1	4	non-amplified
0.447368421052632	0.233813030110872	1	4	non-amplified
0.473684210526316	0.0793195504040424	1	4	non-amplified
0.5	0.0242784738078816	1	4	non-amplified
0.526315789473684	0.00670671315473046	1	4	non-amplified
0.552631578947368	0.00167158200209086	1	4	non-amplified
0.578947368421053	0.0003755940217464	1	4	non-amplified
0.605263157894737	7.59758489872459e-05	1	4	non-amplified
0.631578947368421	1.38076675907672e-05	1	4	non-amplified
0.657894736842105	2.24839750272352e-06	1	4	non-amplified
0.684210526315789	3.26894672381787e-07	1	4	non-amplified
0.710526315789474	4.22464352014286e-08	1	4	non-amplified
0.736842105263158	4.8260238793932e-09	1	4	non-amplified
0.763157894736842	4.83900657997358e-10	1	4	non-amplified
0.789473684210526	4.22126105912593e-11	1	4	non-amplified
0.815789473684211	3.16763584395631e-12	1	4	non-amplified
0.842105263157895	2.01487475003426e-13	1	4	non-amplified
0.868421052631579	1.06524648293236e-14	1	4	non-amplified
0.894736842105263	4.55518416773328e-16	1	4	non-amplified
0.921052631578947	1.51377954105017e-17	1	4	non-amplified
0.947368421052632	3.66814191389227e-19	1	4	non-amplified
0.973684210526316	5.76552878932654e-21	1	4	non-amplified
1	4.41184547148919e-23	1	4	non-amplified
0	1.54585681129105e-09	2	4	amplified
0.0263157894736842	4.81688982398289e-08	2	4	amplified
0.0526315789473684	7.30722186298204e-07	2	4	amplified
0.0789473684210526	7.1903063131743e-06	2	4	amplified
0.105263157894737	5.15904477970256e-05	2	4	amplified
0.131578947368421	0.000287668336916217	2	4	amplified
0.157894736842105	0.00129738419949213	2	4	amplified
0.184210526315789	0.00486333734209622	2	4	amplified
0.210526315789474	0.0154532544045108	2	4	amplified
0.236842105263158	0.0422388953723293	2	4	amplified
0.263157894736842	0.1004440931954	2	4	amplified
0.289473684210526	0.209654216342397	2	4	amplified
0.315789473684211	0.386812029151722	2	4	amplified
0.342105263157895	0.634371727808824	2	4	amplified
0.368421052631579	0.928901458577209	2	4	amplified
0.394736842105263	1.2187187136533	2	4	amplified
0.421052631578947	1.43656468371882	2	4	amplified
0.447368421052632	1.52444864084045	2	4	amplified
0.473684210526316	1.45838919973736	2	4	amplified
0.5	1.25882015135225	2	4	amplified
0.526315789473684	0.980620897903401	2	4	amplified
0.552631578947368	0.689236402526388	2	4	amplified
0.578947368421053	0.436725247782631	2	4	amplified
0.605263157894737	0.249123271778613	2	4	amplified
0.631578947368421	0.127675676786539	2	4	amplified
0.657894736842105	0.0586286707803792	2	4	amplified
0.684210526315789	0.0240377550199554	2	4	amplified
0.710526315789474	0.00876042627393927	2	4	amplified
0.736842105263158	0.00282210874967616	2	4	amplified
0.763157894736842	0.000797975577494634	2	4	amplified
0.789473684210526	0.00019630199206368	2	4	amplified
0.815789473684211	4.15400344496047e-05	2	4	amplified
0.842105263157895	7.4512436793978e-06	2	4	amplified
0.868421052631579	1.11091269401932e-06	2	4	amplified
0.894736842105263	1.33963001337623e-07	2	4	amplified
0.921052631578947	1.25542469824972e-08	2	4	amplified
0.947368421052632	8.57873543803979e-10	2	4	amplified
0.973684210526316	3.80246651848252e-11	2	4	amplified
1	8.20532248725174e-13	2	4	amplified
0	0	3	4	amplified
0.0263157894736842	0	3	4	amplified
0.0526315789473684	0	3	4	amplified
0.0789473684210526	0	3	4	amplified
0.105263157894737	0	3	4	amplified
0.131578947368421	0	3	4	amplified
0.157894736842105	0	3	4	amplified
0.184210526315789	0	3	4	amplified
0.210526315789474	0	3	4	amplified
0.236842105263158	0	3	4	amplified
0.263157894736842	0	3	4	amplified
0.289473684210526	0	3	4	amplified
0.315789473684211	0	3	4	amplified
0.342105263157895	0	3	4	amplified
0.368421052631579	0	3	4	amplified
0.394736842105263	0	3	4	amplified
0.421052631578947	0	3	4	amplified
0.447368421052632	0	3	4	amplified
0.473684210526316	0	3	4	amplified
0.5	0	3	4	amplified
0.526315789473684	0	3	4	amplified
0.552631578947368	0	3	4	amplified
0.578947368421053	0	3	4	amplified
0.605263157894737	0	3	4	amplified
0.631578947368421	0	3	4	amplified
0.657894736842105	0	3	4	amplified
0.684210526315789	0	3	4	amplified
0.710526315789474	0	3	4	amplified
0.736842105263158	0	3	4	amplified
0.763157894736842	0	3	4	amplified
0.789473684210526	0	3	4	amplified
0.815789473684211	0	3	4	amplified
0.842105263157895	0	3	4	amplified
0.868421052631579	0	3	4	amplified
0.894736842105263	0	3	4	amplified
0.921052631578947	0	3	4	amplified
0.947368421052632	0	3	4	amplified
0.973684210526316	0	3	4	amplified
1	0	3	4	amplified
0	0	4	4	amplified
0.0263157894736842	0	4	4	amplified
0.0526315789473684	0	4	4	amplified
0.0789473684210526	0	4	4	amplified
0.105263157894737	0	4	4	amplified
0.131578947368421	0	4	4	amplified
0.157894736842105	0	4	4	amplified
0.184210526315789	0	4	4	amplified
0.210526315789474	0	4	4	amplified
0.236842105263158	0	4	4	amplified
0.263157894736842	0	4	4	amplified
0.289473684210526	0	4	4	amplified
0.315789473684211	0	4	4	amplified
0.342105263157895	0	4	4	amplified
0.368421052631579	0	4	4	amplified
0.394736842105263	0	4	4	amplified
0.421052631578947	0	4	4	amplified
0.447368421052632	0	4	4	amplified
0.473684210526316	0	4	4	amplified
0.5	0	4	4	amplified
0.526315789473684	0	4	4	amplified
0.552631578947368	0	4	4	amplified
0.578947368421053	0	4	4	amplified
0.605263157894737	0	4	4	amplified
0.631578947368421	0	4	4	amplified
0.657894736842105	0	4	4	amplified
0.684210526315789	0	4	4	amplified
0.710526315789474	0	4	4	amplified
0.736842105263158	0	4	4	amplified
0.763157894736842	0	4	4	amplified
0.789473684210526	0	4	4	amplified
0.815789473684211	0	4	4	amplified
0.842105263157895	0	4	4	amplified
0.868421052631579	0	4	4	amplified
0.894736842105263	0	4	4	amplified
0.921052631578947	0	4	4	amplified
0.947368421052632	0	4	4	amplified
0.973684210526316	0	4	4	amplified
1	0	4	4	amplified
