x	p	B	CN	Peak
0	9.5367431640625e-07	1	2	non-amplified
0.0434782608695652	2.19345092773437e-05	1	2	non-amplified
0.0869565217391304	0.000241279602050781	1	2	non-amplified
0.130434782608696	0.00168895721435547	1	2	non-amplified
0.173913043478261	0.00844478607177732	1	2	non-amplified
0.217391304347826	0.0320901870727539	1	2	non-amplified
0.260869565217391	0.0962705612182616	1	2	non-amplified
0.304347826086957	0.233799934387207	1	2	non-amplified
0.347826086956522	0.467599868774415	1	2	non-amplified
0.391304347826087	0.779333114624024	1	2	non-amplified
0.434782608695652	1.09106636047363	1	2	non-amplified
0.478260869565217	1.28944206237793	1	2	non-amplified
0.521739130434783	1.28944206237793	1	2	non-amplified
0.565217391304348	1.09106636047363	1	2	non-amplified
0.608695652173913	0.779333114624024	1	2	non-amplified
0.652173913043478	0.467599868774415	1	2	non-amplified
0.695652173913043	0.233799934387207	1	2	non-amplified
0.739130434782609	0.0962705612182616	1	2	non-amplified
0.782608695652174	0.0320901870727539	1	2	non-amplified
0.826086956521739	0.00844478607177732	1	2	non-amplified
0.869565217391304	0.00168895721435547	1	2	non-amplified
0.91304347826087	0.000241279602050781	1	2	non-amplified
0.956521739130435	2.19345092773437e-05	1	2	non-amplified
1	9.5367431640625e-07	1	2	non-amplified
0	0	2	2	amplified
0.0434782608695652	0	2	2	amplified
0.0869565217391304	0	2	2	amplified
0.130434782608696	0	2	2	amplified
0.173913043478261	0	2	2	amplified
0.217391304347826	0	2	2	amplified
0.260869565217391	0	2	2	amplified
0.304347826086957	0	2	2	amplified
0.347826086956522	0	2	2	amplified
0.391304347826087	0	2	2	amplified
0.434782608695652	0	2	2	amplified
0.478260869565217	0	2	2	amplified
0.521739130434783	0	2	2	amplified
0.565217391304348	0	2	2	amplified
0.608695652173913	0	2	2	amplified
0.652173913043478	0	2	2	amplified
0.695652173913043	0	2	2	amplified
0.739130434782609	0	2	2	amplified
0.782608695652174	0	2	2	amplified
0.826086956521739	0	2	2	amplified
0.869565217391304	0	2	2	amplified
0.91304347826087	0	2	2	amplified
0.956521739130435	0	2	2	amplified
1	0	2	2	amplified
0	0.000972980283636447	1	3	non-amplified
0.037037037037037	0.013135233829092	1	3	non-amplified
0.0740740740740741	0.0853790198890982	1	3	non-amplified
0.111111111111111	0.355745916204576	1	3	non-amplified
0.148148148148148	1.06723774861373	1	3	non-amplified
0.185185185185185	2.45464682181157	1	3	non-amplified
0.222222222222222	4.50018583998787	1	3	non-amplified
0.259259259259259	6.7502787599818	1	3	non-amplified
0.296296296296296	8.43784844997725	1	3	non-amplified
0.333333333333333	8.90661780830932	1	3	non-amplified
0.37037037037037	8.01595602747839	1	3	non-amplified
0.407407407407407	6.19414783941511	1	3	non-amplified
0.444444444444444	4.12943189294342	1	3	non-amplified
0.481481481481481	2.3823645536212	1	3	non-amplified
0.518518518518518	1.1911822768106	1	3	non-amplified
0.555555555555556	0.516178986617927	1	3	non-amplified
0.592592592592593	0.193567119981723	1	3	non-amplified
0.62962962962963	0.0626246564646749	1	3	non-amplified
0.666666666666667	0.0173957379068542	1	3	non-amplified
0.703703703703704	0.00412004318846544	1	3	non-amplified
0.740740740740741	0.000824008637693088	1	3	non-amplified
0.777777777777778	0.000137334772948848	1	3	non-amplified
0.814814814814815	1.87274690384793e-05	1	3	non-amplified
0.851851851851852	2.03559446070428e-06	1	3	non-amplified
0.888888888888889	1.69632871725356e-07	1	3	non-amplified
0.925925925925926	1.01779723035213e-08	1	3	non-amplified
0.962962962962963	3.91460473212361e-10	1	3	non-amplified
1	7.2492680224511e-12	1	3	non-amplified
0	1.22744480264368e-12	2	3	amplified
0.037037037037037	6.6282019342759e-11	2	3	amplified
0.0740740740740741	1.72333250291172e-09	2	3	amplified
0.111111111111111	2.87222083818623e-08	2	3	amplified
0.148148148148148	3.44666500582347e-07	2	3	amplified
0.185185185185185	3.17093180535759e-06	2	3	amplified
0.222222222222222	2.32534999059556e-05	2	3	amplified
0.259259259259259	0.000139520999435734	2	3	amplified
0.296296296296296	0.000697604997178668	2	3	amplified
0.333333333333333	0.00294544332142103	2	3	amplified
0.37037037037037	0.0106035959571157	2	3	amplified
0.407407407407407	0.0327747511401759	2	3	amplified
0.444444444444444	0.0873993363738025	2	3	amplified
0.481481481481481	0.201690776247236	2	3	amplified
0.518518518518518	0.403381552494473	2	3	amplified
0.555555555555556	0.69919469099042	2	3	amplified
0.592592592592593	1.04879203648563	2	3	amplified
0.62962962962963	1.35726028251081	2	3	amplified
0.666666666666667	1.50806698056757	2	3	amplified
0.703703703703704	1.42869503422191	2	3	amplified
0.740740740740741	1.14295602737753	2	3	amplified
0.777777777777778	0.76197068491835	2	3	amplified
0.814814814814815	0.415620373591826	2	3	amplified
0.851851851851852	0.180704510257317	2	3	amplified
0.888888888888889	0.0602348367524389	2	3	amplified
0.925925925925926	0.0144563608205853	2	3	amplified
0.962962962962963	0.00222405551085928	2	3	amplified
1	0.000164744852656243	2	3	amplified
0	0	3	3	amplified
0.037037037037037	0	3	3	amplified
0.0740740740740741	0	3	3	amplified
0.111111111111111	0	3	3	amplified
0.148148148148148	0	3	3	amplified
0.185185185185185	0	3	3	amplified
0.222222222222222	0	3	3	amplified
0.259259259259259	0	3	3	amplified
0.296296296296296	0	3	3	amplified
0.333333333333333	0	3	3	amplified
0.37037037037037	0	3	3	amplified
0.407407407407407	0	3	3	amplified
0.444444444444444	0	3	3	amplified
0.481481481481481	0	3	3	amplified
0.518518518518518	0	3	3	amplified
0.555555555555556	0	3	3	amplified
0.592592592592593	0	3	3	amplified
0.62962962962963	0	3	3	amplified
0.666666666666667	0	3	3	amplified
0.703703703703704	0	3	3	amplified
0.740740740740741	0	3	3	amplified
0.777777777777778	0	3	3	amplified
0.814814814814815	0	3	3	amplified
0.851851851851852	0	3	3	amplified
0.888888888888889	0	3	3	amplified
0.925925925925926	0	3	3	amplified
0.962962962962963	0	3	3	amplified
1	0	3	3	amplified
0	0.00512418025800438	1	4	non-amplified
0.0277777777777778	0.0614901630960526	1	4	non-amplified
0.0555555555555556	0.358692618060307	1	4	non-amplified
0.0833333333333333	1.35506100156115	1	4	non-amplified
0.111111111111111	3.72641775429318	1	4	non-amplified
0.138888888888889	7.94969120915879	1	4	non-amplified
0.166666666666667	13.6911348602179	1	4	non-amplified
0.194444444444444	19.5587640860256	1	4	non-amplified
0.222222222222222	23.6335066039476	1	4	non-amplified
0.25	24.5088216633531	1	4	non-amplified
0.277777777777778	22.0579394970178	1	4	non-amplified
0.305555555555556	17.378982634014	1	4	non-amplified
0.333333333333333	12.0687379402875	1	4	non-amplified
0.361111111111111	7.42691565556154	1	4	non-amplified
0.388888888888889	4.06712047804562	1	4	non-amplified
0.416666666666667	1.98837001148896	1	4	non-amplified
0.444444444444444	0.869911880026422	1	4	non-amplified
0.472222222222222	0.341141913735851	1	4	non-amplified
0.5	0.120031414092244	1	4	non-amplified
0.527777777777778	0.0379046570817612	1	4	non-amplified
0.555555555555556	0.0107396528398324	1	4	non-amplified
0.583333333333333	0.00272753087995742	1	4	non-amplified
0.611111111111111	0.000619893381808505	1	4	non-amplified
0.638888888888889	0.00012577546877274	1	4	non-amplified
0.666666666666667	2.27094596395225e-05	1	4	non-amplified
0.694444444444444	3.63351354232359e-06	1	4	non-amplified
0.722222222222222	5.12418576481536e-07	1	4	non-amplified
0.75	6.32615526520408e-08	1	4	non-amplified
0.777777777777778	6.77802349843298e-09	1	4	non-amplified
0.805555555555556	6.23266528591543e-10	1	4	non-amplified
0.833333333333333	4.84762855571196e-11	1	4	non-amplified
0.861111111111111	3.12750229400771e-12	1	4	non-amplified
0.888888888888889	1.62890744479568e-13	1	4	non-amplified
0.916666666666667	6.58144422139674e-15	1	4	non-amplified
0.944444444444444	1.93571888864611e-16	1	4	non-amplified
0.972222222222222	3.68708359742112e-18	1	4	non-amplified
1	3.41396629390846e-20	1	4	non-amplified
0	1.91939761862159e-10	2	4	amplified
0.0277777777777778	6.90983142703769e-09	2	4	amplified
0.0555555555555556	1.2092204997316e-07	2	4	amplified
0.0833333333333333	1.37044989969581e-06	2	4	amplified
0.111111111111111	1.13062116724905e-05	2	4	amplified
0.138888888888889	7.23597547039388e-05	2	4	amplified
0.166666666666667	0.000373858732637019	2	4	amplified
0.194444444444444	0.00160225171130151	2	4	amplified
0.222222222222222	0.00580816245346795	2	4	amplified
0.25	0.0180698387441225	2	4	amplified
0.277777777777778	0.048788564609131	2	4	amplified
0.305555555555556	0.115318425439764	2	4	amplified
0.333333333333333	0.240246719666175	2	4	amplified
0.361111111111111	0.443532405537555	2	4	amplified
0.388888888888889	0.728660380525977	2	4	amplified
0.416666666666667	1.0687018914381	2	4	amplified
0.444444444444444	1.40267123251251	2	4	amplified
0.472222222222222	1.65020145001472	2	4	amplified
0.5	1.74187930834887	2	4	amplified
0.527777777777778	1.65020145001472	2	4	amplified
0.555555555555556	1.40267123251251	2	4	amplified
0.583333333333333	1.0687018914381	2	4	amplified
0.611111111111111	0.728660380525977	2	4	amplified
0.638888888888889	0.443532405537555	2	4	amplified
0.666666666666667	0.240246719666175	2	4	amplified
0.694444444444444	0.115318425439764	2	4	amplified
0.722222222222222	0.0487885646091309	2	4	amplified
0.75	0.0180698387441225	2	4	amplified
0.777777777777778	0.00580816245346795	2	4	amplified
0.805555555555556	0.00160225171130151	2	4	amplified
0.833333333333333	0.000373858732637018	2	4	amplified
0.861111111111111	7.23597547039389e-05	2	4	amplified
0.888888888888889	1.13062116724905e-05	2	4	amplified
0.916666666666667	1.37044989969581e-06	2	4	amplified
0.944444444444444	1.2092204997316e-07	2	4	amplified
0.972222222222222	6.90983142703771e-09	2	4	amplified
1	1.91939761862159e-10	2	4	amplified
0	2.5410988417629e-22	3	4	amplified
0.0277777777777778	2.74438674910392e-20	3	4	amplified
0.0555555555555556	1.44080304327957e-18	3	4	amplified
0.0833333333333333	4.89873034715056e-17	3	4	amplified
0.111111111111111	1.21243576091975e-15	3	4	amplified
0.138888888888889	2.32787666096592e-14	3	4	amplified
0.166666666666667	3.60820882449718e-13	3	4	amplified
0.194444444444444	4.63912563149641e-12	3	4	amplified
0.222222222222222	5.04504912425231e-11	3	4	amplified
0.25	4.70871251596879e-10	3	4	amplified
0.277777777777778	3.81405713793476e-09	3	4	amplified
0.305555555555556	2.70451324326282e-08	3	4	amplified
0.333333333333333	1.69032077703926e-07	3	4	amplified
0.361111111111111	9.3617766112944e-07	3	4	amplified
0.388888888888889	4.61401847270937e-06	3	4	amplified
0.416666666666667	2.03016812799213e-05	3	4	amplified
0.444444444444444	7.993787003969e-05	3	4	amplified
0.472222222222222	0.000282133658963611	3	4	amplified
0.5	0.000893423253384773	3	4	amplified
0.527777777777778	0.00253920293067251	3	4	amplified
0.555555555555556	0.0064749674732149	3	4	amplified
0.583333333333333	0.0147999256530626	3	4	amplified
0.611111111111111	0.0302725751994463	3	4	amplified
0.638888888888889	0.0552803547120323	3	4	amplified
0.666666666666667	0.0898305764070524	3	4	amplified
0.694444444444444	0.129356030026155	3	4	amplified
0.722222222222222	0.164182653494736	3	4	amplified
0.75	0.182425170549706	3	4	amplified
0.777777777777778	0.175909985887217	3	4	amplified
0.805555555555556	0.145580677975628	3	4	amplified
0.833333333333333	0.101906474582939	3	4	amplified
0.861111111111111	0.059171501370739	3	4	amplified
0.888888888888889	0.0277366412675339	3	4	amplified
0.916666666666667	0.0100860513700123	3	4	amplified
0.944444444444444	0.00266983712735621	3	4	amplified
0.972222222222222	0.000457686364689635	3	4	amplified
1	3.8140530390803e-05	3	4	amplified
0	0	4	4	amplified
0.0277777777777778	0	4	4	amplified
0.0555555555555556	0	4	4	amplified
0.0833333333333333	0	4	4	amplified
0.111111111111111	0	4	4	amplified
0.138888888888889	0	4	4	amplified
0.166666666666667	0	4	4	amplified
0.194444444444444	0	4	4	amplified
0.222222222222222	0	4	4	amplified
0.25	0	4	4	amplified
0.277777777777778	0	4	4	amplified
0.305555555555556	0	4	4	amplified
0.333333333333333	0	4	4	amplified
0.361111111111111	0	4	4	amplified
0.388888888888889	0	4	4	amplified
0.416666666666667	0	4	4	amplified
0.444444444444444	0	4	4	amplified
0.472222222222222	0	4	4	amplified
0.5	0	4	4	amplified
0.527777777777778	0	4	4	amplified
0.555555555555556	0	4	4	amplified
0.583333333333333	0	4	4	amplified
0.611111111111111	0	4	4	amplified
0.638888888888889	0	4	4	amplified
0.666666666666667	0	4	4	amplified
0.694444444444444	0	4	4	amplified
0.722222222222222	0	4	4	amplified
0.75	0	4	4	amplified
0.777777777777778	0	4	4	amplified
0.805555555555556	0	4	4	amplified
0.833333333333333	0	4	4	amplified
0.861111111111111	0	4	4	amplified
0.888888888888889	0	4	4	amplified
0.916666666666667	0	4	4	amplified
0.944444444444444	0	4	4	amplified
0.972222222222222	0	4	4	amplified
1	0	4	4	amplified
