x	p	B	CN	Peak
0	0	1	2	non-amplified
0.0454545454545455	0	1	2	non-amplified
0.0909090909090909	0	1	2	non-amplified
0.136363636363636	0	1	2	non-amplified
0.181818181818182	0	1	2	non-amplified
0.227272727272727	0	1	2	non-amplified
0.272727272727273	0	1	2	non-amplified
0.318181818181818	0	1	2	non-amplified
0.363636363636364	0	1	2	non-amplified
0.409090909090909	0	1	2	non-amplified
0.454545454545455	0	1	2	non-amplified
0.5	0	1	2	non-amplified
0.545454545454545	0	1	2	non-amplified
0.590909090909091	0	1	2	non-amplified
0.636363636363636	0	1	2	non-amplified
0.681818181818182	0	1	2	non-amplified
0.727272727272727	0	1	2	non-amplified
0.772727272727273	0	1	2	non-amplified
0.818181818181818	0	1	2	non-amplified
0.863636363636364	0	1	2	non-amplified
0.909090909090909	0	1	2	non-amplified
0.954545454545455	0	1	2	non-amplified
1	0	1	2	non-amplified
0	0	2	2	amplified
0.0454545454545455	0	2	2	amplified
0.0909090909090909	0	2	2	amplified
0.136363636363636	0	2	2	amplified
0.181818181818182	0	2	2	amplified
0.227272727272727	0	2	2	amplified
0.272727272727273	0	2	2	amplified
0.318181818181818	0	2	2	amplified
0.363636363636364	0	2	2	amplified
0.409090909090909	0	2	2	amplified
0.454545454545455	0	2	2	amplified
0.5	0	2	2	amplified
0.545454545454545	0	2	2	amplified
0.590909090909091	0	2	2	amplified
0.636363636363636	0	2	2	amplified
0.681818181818182	0	2	2	amplified
0.727272727272727	0	2	2	amplified
0.772727272727273	0	2	2	amplified
0.818181818181818	0	2	2	amplified
0.863636363636364	0	2	2	amplified
0.909090909090909	0	2	2	amplified
0.954545454545455	0	2	2	amplified
1	0	2	2	amplified
0	0.00717029414793881	1	4	non-amplified
0.03125	0.0764831375780139	1	4	non-amplified
0.0625	0.395162877486405	1	4	non-amplified
0.09375	1.31720959162135	1	4	non-amplified
0.125	3.18325651308493	1	4	non-amplified
0.15625	5.9420788244252	1	4	non-amplified
0.1875	8.91311823663781	1	4	non-amplified
0.21875	11.0352892453611	1	4	non-amplified
0.25	11.4950929639178	1	4	non-amplified
0.28125	10.2178604123714	1	4	non-amplified
0.3125	7.83369298281806	1	4	non-amplified
0.34375	5.22246198854537	1	4	non-amplified
0.375	3.0464361599848	1	4	non-amplified
0.40625	1.56227495383836	1	4	non-amplified
0.4375	0.706743431498305	1	4	non-amplified
0.46875	0.282697372599321	1	4	non-amplified
0.5	0.100121986128926	1	4	non-amplified
0.53125	0.0314108191777024	1	4	non-amplified
0.5625	0.00872522754936178	1	4	non-amplified
0.59375	0.00214303834545728	1	4	non-amplified
0.625	0.000464324974849077	1	4	non-amplified
0.65625	8.84428523522056e-05	1	4	non-amplified
0.6875	1.47404753920343e-05	1	4	non-amplified
0.71875	2.13630078145424e-06	1	4	non-amplified
0.75	2.67037597681779e-07	1	4	non-amplified
0.78125	2.84840104193898e-08	1	4	non-amplified
0.8125	2.55625734532984e-09	1	4	non-amplified
0.84375	1.8935239595036e-10	1	4	non-amplified
0.875	1.12709759494261e-11	1	4	non-amplified
0.90625	5.18205790778212e-13	1	4	non-amplified
0.9375	1.72735263592738e-14	1	4	non-amplified
0.96875	3.71473685145674e-16	1	4	non-amplified
1	3.86951755360077e-18	1	4	non-amplified
0	1.33388675749302e-08	2	4	amplified
0.03125	4.26843762397764e-07	2	4	amplified
0.0625	6.61607831716536e-06	2	4	amplified
0.09375	6.61607831716538e-05	2	4	amplified
0.125	0.000479665677994491	2	4	amplified
0.15625	0.00268612779676914	2	4	amplified
0.1875	0.0120875750854611	2	4	amplified
0.21875	0.044896707460284	2	4	amplified
0.25	0.140302210813389	2	4	amplified
0.28125	0.374139228835702	2	4	amplified
0.3125	0.860520226322114	2	4	amplified
0.34375	1.72104045264423	2	4	amplified
0.375	3.0118207921274	2	4	amplified
0.40625	4.63357044942677	2	4	amplified
0.4375	6.28841703850776	2	4	amplified
0.46875	7.54610044620931	2	4	amplified
0.5	8.01773172409739	2	4	amplified
0.53125	7.54610044620931	2	4	amplified
0.5625	6.28841703850776	2	4	amplified
0.59375	4.63357044942677	2	4	amplified
0.625	3.0118207921274	2	4	amplified
0.65625	1.72104045264423	2	4	amplified
0.6875	0.860520226322114	2	4	amplified
0.71875	0.374139228835702	2	4	amplified
0.75	0.140302210813389	2	4	amplified
0.78125	0.044896707460284	2	4	amplified
0.8125	0.0120875750854611	2	4	amplified
0.84375	0.00268612779676914	2	4	amplified
0.875	0.000479665677994491	2	4	amplified
0.90625	6.61607831716538e-05	2	4	amplified
0.9375	6.61607831716536e-06	2	4	amplified
0.96875	4.26843762397764e-07	2	4	amplified
1	1.33388675749302e-08	2	4	amplified
0	0	3	4	amplified
0.03125	0	3	4	amplified
0.0625	0	3	4	amplified
0.09375	0	3	4	amplified
0.125	0	3	4	amplified
0.15625	0	3	4	amplified
0.1875	0	3	4	amplified
0.21875	0	3	4	amplified
0.25	0	3	4	amplified
0.28125	0	3	4	amplified
0.3125	0	3	4	amplified
0.34375	0	3	4	amplified
0.375	0	3	4	amplified
0.40625	0	3	4	amplified
0.4375	0	3	4	amplified
0.46875	0	3	4	amplified
0.5	0	3	4	amplified
0.53125	0	3	4	amplified
0.5625	0	3	4	amplified
0.59375	0	3	4	amplified
0.625	0	3	4	amplified
0.65625	0	3	4	amplified
0.6875	0	3	4	amplified
0.71875	0	3	4	amplified
0.75	0	3	4	amplified
0.78125	0	3	4	amplified
0.8125	0	3	4	amplified
0.84375	0	3	4	amplified
0.875	0	3	4	amplified
0.90625	0	3	4	amplified
0.9375	0	3	4	amplified
0.96875	0	3	4	amplified
1	0	3	4	amplified
0	0	4	4	amplified
0.03125	0	4	4	amplified
0.0625	0	4	4	amplified
0.09375	0	4	4	amplified
0.125	0	4	4	amplified
0.15625	0	4	4	amplified
0.1875	0	4	4	amplified
0.21875	0	4	4	amplified
0.25	0	4	4	amplified
0.28125	0	4	4	amplified
0.3125	0	4	4	amplified
0.34375	0	4	4	amplified
0.375	0	4	4	amplified
0.40625	0	4	4	amplified
0.4375	0	4	4	amplified
0.46875	0	4	4	amplified
0.5	0	4	4	amplified
0.53125	0	4	4	amplified
0.5625	0	4	4	amplified
0.59375	0	4	4	amplified
0.625	0	4	4	amplified
0.65625	0	4	4	amplified
0.6875	0	4	4	amplified
0.71875	0	4	4	amplified
0.75	0	4	4	amplified
0.78125	0	4	4	amplified
0.8125	0	4	4	amplified
0.84375	0	4	4	amplified
0.875	0	4	4	amplified
0.90625	0	4	4	amplified
0.9375	0	4	4	amplified
0.96875	0	4	4	amplified
1	1.02	4	4	amplified
