x	p	B	CN	Peak
0	3.01511586298406e-20	1	1	non-amplified
0.05	5.72872013966971e-18	1	1	non-amplified
0.1	5.17016992605191e-16	1	1	non-amplified
0.15	2.94699685784961e-14	1	1	non-amplified
0.2	1.18984998135677e-12	1	1	non-amplified
0.25	3.61714394332459e-11	1	1	non-amplified
0.3	8.59071686539585e-10	1	1	non-amplified
0.35	1.63223620442521e-08	1	1	non-amplified
0.4	2.51976464058142e-07	1	1	non-amplified
0.45	3.1917018780698e-06	1	1	non-amplified
0.5	3.33532846258294e-05	1	1	non-amplified
0.55	0.000288051094495798	1	1	non-amplified
0.6	0.00205236404828255	1	1	non-amplified
0.65	0.0119984359745749	1	1	non-amplified
0.7	0.0569925708792309	1	1	non-amplified
0.75	0.216571769341077	1	1	non-amplified
0.8	0.642947440231323	1	1	non-amplified
0.85	1.43717663110531	1	1	non-amplified
0.9	2.27552966591674	1	1	non-amplified
0.95	2.27552966591673	1	1	non-amplified
1	1.08087659131045	1	1	non-amplified
0	7.52231339229812e-08	1	2	non-amplified
0.0294117647058824	2.31400688163075e-06	1	2	non-amplified
0.0588235294117647	3.45448170186305e-05	1	2	non-amplified
0.0882352941176471	0.000333384900751228	1	2	non-amplified
0.117647058823529	0.00233766317312469	1	2	non-amplified
0.147058823529412	0.0126901715112483	1	2	non-amplified
0.176470588235294	0.0554943214499825	1	2	non-amplified
0.205882352941176	0.200836591914222	1	2	non-amplified
0.235294117647059	0.613268878880929	1	2	non-amplified
0.264705882352941	1.60293558818613	1	2	non-amplified
0.294117647058824	3.62568763994482	1	2	non-amplified
0.323529411764706	7.15720157495601	1	2	non-amplified
0.352941176470588	12.4114963819674	1	2	non-amplified
0.382352941176471	19.0036831049903	1	2	non-amplified
0.411764705882353	25.790712785344	1	2	non-amplified
0.441176470588235	31.1126058997801	1	2	non-amplified
0.470588235294118	33.4275319339899	1	2	non-amplified
0.5	32.0230137855029	1	2	non-amplified
0.529411764705882	27.3635805627445	1	2	non-amplified
0.558823529411765	20.8484423335197	1	2	non-amplified
0.588235294117647	14.1471572977454	1	2	non-amplified
0.617647058823529	8.53320598911631	1	2	non-amplified
0.647058823529412	4.56212527989551	1	2	non-amplified
0.676470588235294	2.15354982156558	1	2	non-amplified
0.705882352941177	0.893039509339696	1	2	non-amplified
0.735294117647059	0.323195250999129	1	2	non-amplified
0.764705882352941	0.101220490697529	1	2	non-amplified
0.794117647058823	0.0271349463598314	1	2	non-amplified
0.823529411764706	0.00613766643853329	1	2	non-amplified
0.852941176470588	0.00114892278159737	1	2	non-amplified
0.882352941176471	0.000173250260717064	1	2	non-amplified
0.911764705882353	2.0225836888628e-05	1	2	non-amplified
0.941176470588235	1.71558437894612e-06	1	2	non-amplified
0.970588235294118	9.40724479075794e-08	1	2	non-amplified
1	2.50332844571991e-09	1	2	non-amplified
0	0	2	2	amplified
0.0294117647058824	0	2	2	amplified
0.0588235294117647	0	2	2	amplified
0.0882352941176471	0	2	2	amplified
0.117647058823529	0	2	2	amplified
0.147058823529412	0	2	2	amplified
0.176470588235294	0	2	2	amplified
0.205882352941176	0	2	2	amplified
0.235294117647059	0	2	2	amplified
0.264705882352941	0	2	2	amplified
0.294117647058824	0	2	2	amplified
0.323529411764706	0	2	2	amplified
0.352941176470588	0	2	2	amplified
0.382352941176471	0	2	2	amplified
0.411764705882353	0	2	2	amplified
0.441176470588235	0	2	2	amplified
0.470588235294118	0	2	2	amplified
0.5	0	2	2	amplified
0.529411764705882	0	2	2	amplified
0.558823529411765	0	2	2	amplified
0.588235294117647	0	2	2	amplified
0.617647058823529	0	2	2	amplified
0.647058823529412	0	2	2	amplified
0.676470588235294	0	2	2	amplified
0.705882352941177	0	2	2	amplified
0.735294117647059	0	2	2	amplified
0.764705882352941	0	2	2	amplified
0.794117647058823	0	2	2	amplified
0.823529411764706	0	2	2	amplified
0.852941176470588	0	2	2	amplified
0.882352941176471	0	2	2	amplified
0.911764705882353	0	2	2	amplified
0.941176470588235	0	2	2	amplified
0.970588235294118	0	2	2	amplified
1	0	2	2	amplified
0	0	1	3	non-amplified
0.0238095238095238	0	1	3	non-amplified
0.0476190476190476	0	1	3	non-amplified
0.0714285714285714	0	1	3	non-amplified
0.0952380952380952	0	1	3	non-amplified
0.119047619047619	0	1	3	non-amplified
0.142857142857143	0	1	3	non-amplified
0.166666666666667	0	1	3	non-amplified
0.19047619047619	0	1	3	non-amplified
0.214285714285714	0	1	3	non-amplified
0.238095238095238	0	1	3	non-amplified
0.261904761904762	0	1	3	non-amplified
0.285714285714286	0	1	3	non-amplified
0.30952380952381	0	1	3	non-amplified
0.333333333333333	0	1	3	non-amplified
0.357142857142857	0	1	3	non-amplified
0.380952380952381	0	1	3	non-amplified
0.404761904761905	0	1	3	non-amplified
0.428571428571429	0	1	3	non-amplified
0.452380952380952	0	1	3	non-amplified
0.476190476190476	0	1	3	non-amplified
0.5	0	1	3	non-amplified
0.523809523809524	0	1	3	non-amplified
0.547619047619048	0	1	3	non-amplified
0.571428571428571	0	1	3	non-amplified
0.595238095238095	0	1	3	non-amplified
0.619047619047619	0	1	3	non-amplified
0.642857142857143	0	1	3	non-amplified
0.666666666666667	0	1	3	non-amplified
0.69047619047619	0	1	3	non-amplified
0.714285714285714	0	1	3	non-amplified
0.738095238095238	0	1	3	non-amplified
0.761904761904762	0	1	3	non-amplified
0.785714285714286	0	1	3	non-amplified
0.80952380952381	0	1	3	non-amplified
0.833333333333333	0	1	3	non-amplified
0.857142857142857	0	1	3	non-amplified
0.880952380952381	0	1	3	non-amplified
0.904761904761905	0	1	3	non-amplified
0.928571428571429	0	1	3	non-amplified
0.952380952380952	0	1	3	non-amplified
0.976190476190476	0	1	3	non-amplified
1	0	1	3	non-amplified
0	7.18448916561966e-19	2	3	amplified
0.0238095238095238	5.46021176587097e-17	2	3	amplified
0.0476190476190476	2.02547855505403e-15	2	3	amplified
0.0714285714285714	4.88686889473354e-14	2	3	amplified
0.0952380952380952	8.62183297856567e-13	2	3	amplified
0.119047619047619	1.18570731629036e-11	2	3	amplified
0.142857142857143	1.32309879897162e-10	2	3	amplified
0.166666666666667	1.23129194353277e-09	2	3	amplified
0.19047619047619	9.74772788630119e-09	2	3	amplified
0.214285714285714	6.66352615296351e-08	2	3	amplified
0.238095238095238	3.97907704562679e-07	2	3	amplified
0.261904761904762	2.09461371752476e-06	2	3	amplified
0.285714285714286	9.79148793350865e-06	2	3	amplified
0.30952380952381	4.0887532030036e-05	2	3	amplified
0.333333333333333	0.000153258708493536	2	3	amplified
0.357142857142857	0.000517673859800389	2	3	amplified
0.380952380952381	0.00158075410760476	2	3	amplified
0.404761904761905	0.0043747480625028	2	3	amplified
0.428571428571429	0.0109947371941208	2	3	amplified
0.452380952380952	0.0251308278722761	2	3	amplified
0.476190476190476	0.0522960560961175	2	3	amplified
0.5	0.0991371947763132	2	3	amplified
0.523809523809524	0.171236972795451	2	3	amplified
0.547619047619048	0.269441199429695	2	3	amplified
0.571428571428571	0.385985210294126	2	3	amplified
0.595238095238095	0.502883588268919	2	3	amplified
0.619047619047619	0.594986809563593	2	3	amplified
0.642857142857143	0.638010547115811	2	3	amplified
0.666666666666667	0.618479612000021	2	3	amplified
0.69047619047619	0.540281040367835	2	3	amplified
0.714285714285714	0.42364894276462	2	3	amplified
0.738095238095238	0.296749489862775	2	3	amplified
0.761904761904762	0.184585248158691	2	3	amplified
0.785714285714286	0.101215576190913	2	3	amplified
0.80952380952381	0.0484814104443867	2	3	amplified
0.833333333333333	0.020052175204209	2	3	amplified
0.857142857142857	0.00705539497925867	2	3	amplified
0.880952380952381	0.0020703089514427	2	3	amplified
0.904761904761905	0.000492930702724452	2	3	amplified
0.928571428571429	9.14840864641235e-05	2	3	amplified
0.952380952380952	1.24156974487025e-05	2	3	amplified
0.976190476190476	1.09592683635469e-06	2	3	amplified
1	4.72168024733313e-08	2	3	amplified
0	0	3	3	amplified
0.0238095238095238	0	3	3	amplified
0.0476190476190476	0	3	3	amplified
0.0714285714285714	0	3	3	amplified
0.0952380952380952	0	3	3	amplified
0.119047619047619	0	3	3	amplified
0.142857142857143	0	3	3	amplified
0.166666666666667	0	3	3	amplified
0.19047619047619	0	3	3	amplified
0.214285714285714	0	3	3	amplified
0.238095238095238	0	3	3	amplified
0.261904761904762	0	3	3	amplified
0.285714285714286	0	3	3	amplified
0.30952380952381	0	3	3	amplified
0.333333333333333	0	3	3	amplified
0.357142857142857	0	3	3	amplified
0.380952380952381	0	3	3	amplified
0.404761904761905	0	3	3	amplified
0.428571428571429	0	3	3	amplified
0.452380952380952	0	3	3	amplified
0.476190476190476	0	3	3	amplified
0.5	0	3	3	amplified
0.523809523809524	0	3	3	amplified
0.547619047619048	0	3	3	amplified
0.571428571428571	0	3	3	amplified
0.595238095238095	0	3	3	amplified
0.619047619047619	0	3	3	amplified
0.642857142857143	0	3	3	amplified
0.666666666666667	0	3	3	amplified
0.69047619047619	0	3	3	amplified
0.714285714285714	0	3	3	amplified
0.738095238095238	0	3	3	amplified
0.761904761904762	0	3	3	amplified
0.785714285714286	0	3	3	amplified
0.80952380952381	0	3	3	amplified
0.833333333333333	0	3	3	amplified
0.857142857142857	0	3	3	amplified
0.880952380952381	0	3	3	amplified
0.904761904761905	0	3	3	amplified
0.928571428571429	0	3	3	amplified
0.952380952380952	0	3	3	amplified
0.976190476190476	0	3	3	amplified
1	0	3	3	amplified
