VAF	CN	avg.depth	purity
0.347826086956522	2	143	1
0.346153846153846	2	143	1
0.978142076502732	2	143	1
0.967479674796748	2	143	1
0.981132075471698	2	143	1
0.465753424657534	2	143	1
0.976047904191617	2	143	1
0.971887550200803	2	143	1
0.982142857142857	2	143	1
0.120567375886525	2	143	1
0.976190476190476	2	143	1
0.933884297520661	2	143	1
0.468599033816425	2	143	1
0.977777777777778	2	143	1
0.0899470899470899	2	143	1
0.940397350993378	2	143	1
0.975903614457831	2	143	1
0.173652694610778	2	143	1
0.993006993006993	2	143	1
0.116959064327485	2	143	1
0.954838709677419	2	143	1
0.961038961038961	2	143	1
0.714285714285714	2	143	1
0.347826086956522	2	143	1
0.376712328767123	2	143	1
0.0588235294117647	2	143	1
0.962121212121212	2	143	1
0.483221476510067	2	143	1
0.973684210526316	2	143	1
0.475524475524476	2	143	1
0.0879120879120879	2	143	1
0.995215311004785	2	143	1
0.955414012738854	2	143	1
0.18978102189781	2	143	1
0.433734939759036	2	143	1
0.474747474747475	2	143	1
0.0689655172413793	2	143	1
0.119402985074627	2	143	1
0.428571428571429	2	143	1
0.666666666666667	2	143	1
0.970873786407767	2	143	1
0.0514285714285714	2	143	1
0.449339207048458	2	143	1
0.450892857142857	2	143	1
0.477064220183486	2	143	1
0.875	2	143	1
0.338709677419355	3	221	1
0.0588235294117647	3	221	1
0.3	3	221	1
0.0699588477366255	3	221	1
0.357615894039735	3	221	1
0.647727272727273	3	221	1
0.697416974169742	3	221	1
0.292372881355932	3	221	1
0.296	3	221	1
0.318965517241379	3	221	1
0.254385964912281	3	221	1
0.369369369369369	3	221	1
0.652173913043478	3	221	1
0.308176100628931	3	221	1
0.0547945205479452	3	221	1
0.0555555555555556	3	221	1
0.292096219931271	3	221	1
0.695167286245353	3	221	1
0.323699421965318	3	221	1
0.0621761658031088	3	221	1
0.309859154929577	3	221	1
0.283582089552239	3	221	1
0.320512820512821	3	221	1
0.363036303630363	3	221	1
0.663157894736842	3	221	1
0.661224489795918	3	221	1
0.353191489361702	3	221	1
0.150214592274678	3	221	1
0.290076335877863	3	221	1
0.306010928961749	3	221	1
0.333333333333333	3	221	1
0.333333333333333	3	221	1
0.14218009478673	3	221	1
0.306010928961749	3	221	1
0.139442231075697	3	221	1
0.314814814814815	3	221	1
0.208333333333333	3	221	1
0.322834645669291	3	221	1
0.294117647058824	3	221	1
0.634730538922156	3	221	1
0.338983050847458	3	221	1
0.369458128078818	3	221	1
0.0653061224489796	3	221	1
0.609756097560976	3	221	1
0.312217194570136	3	221	1
0.304347826086957	3	221	1
0.340425531914894	3	221	1
0.362595419847328	3	221	1
0.612021857923497	3	221	1
0.562043795620438	3	221	1
0.324786324786325	3	221	1
0.327935222672065	3	221	1
0.615942028985507	3	221	1
0.124031007751938	3	221	1
0.655430711610487	3	221	1
0.665094339622642	3	221	1
0.656779661016949	3	221	1
0.076555023923445	3	221	1
0.0551724137931034	3	221	1
0.329268292682927	3	221	1
0.324110671936759	3	221	1
0.276752767527675	3	221	1
0.638766519823789	3	221	1
0.323404255319149	3	221	1
0.297491039426523	3	221	1
0.340314136125654	3	221	1
0.126315789473684	3	221	1
0.585616438356164	3	221	1
0.062780269058296	3	221	1
0.211382113821138	3	221	1
0.644670050761421	3	221	1
0.315315315315315	3	221	1
0.200956937799043	3	221	1
0.296296296296296	3	221	1
0.206896551724138	3	221	1
0.637404580152672	3	221	1
0.628378378378378	3	221	1
0.0606060606060606	3	221	1
0.330708661417323	3	221	1
0.315412186379928	3	221	1
0.299610894941634	3	221	1
0.313807531380753	3	221	1
0.610778443113772	3	221	1
0.368421052631579	3	221	1
0.142857142857143	3	221	1
0.135416666666667	3	221	1
0.31629392971246	3	221	1
0.302083333333333	3	221	1
0.697872340425532	3	221	1
0.214611872146119	3	221	1
0.317460317460317	3	221	1
0.320675105485232	3	221	1
0.0431372549019608	3	221	1
0.654450261780105	3	221	1
0.652014652014652	3	221	1
0.31	3	221	1
0.68796992481203	3	221	1
0.709090909090909	3	221	1
0.0480769230769231	3	221	1
0.109090909090909	3	221	1
0.63681592039801	3	221	1
0.355670103092784	3	221	1
0.0602409638554217	3	221	1
0.577235772357724	3	221	1
0.34297520661157	3	221	1
0.300925925925926	3	221	1
0.35474006116208	3	221	1
0.615819209039548	3	221	1
0.634057971014493	3	221	1
0.307692307692308	3	221	1
0.289855072463768	3	221	1
0.0631578947368421	3	221	1
0.676190476190476	3	221	1
0.0753424657534247	4	281	1
0.45993031358885	4	281	1
0.492492492492492	4	281	1
0.10625	4	281	1
0.486486486486487	4	281	1
0.52	4	281	1
0.217777777777778	4	281	1
0.511111111111111	4	281	1
0.2	4	281	1
0.462406015037594	4	281	1
0.833333333333333	4	281	1
0.0473372781065089	4	281	1
0.293193717277487	4	281	1
0.469586374695864	4	281	1
0.483282674772036	4	281	1
0.470149253731343	4	281	1
0.0530035335689046	4	281	1
0.0588235294117647	4	281	1
0.547413793103448	4	281	1
0.10752688172043	4	281	1
0.0734463276836158	4	281	1
0.112299465240642	4	281	1
0.466237942122186	4	281	1
0.107594936708861	4	281	1
0.490304709141274	4	281	1
0.0701754385964912	4	281	1
0.0903010033444816	4	281	1
0.236933797909408	4	281	1
0.440740740740741	4	281	1
0.505714285714286	4	281	1
0.475862068965517	4	281	1
0.19941348973607	4	281	1
0.473417721518987	4	281	1
0.26304347826087	4	281	1
0.236842105263158	4	281	1
0.478571428571429	4	281	1
0.5	4	281	1
0.5	4	281	1
0.0588235294117647	4	281	1
0.48	4	281	1
0.520179372197309	4	281	1
0.272727272727273	4	281	1
0.45985401459854	4	281	1
0.449152542372881	4	281	1
0.552845528455285	4	281	1
0.514388489208633	4	281	1
0.453389830508475	4	281	1
0.5	4	281	1
0.075	4	281	1
0.555555555555556	4	281	1
0.104	4	281	1
0.478114478114478	4	281	1
0.441176470588235	4	281	1
0.453183520599251	4	281	1
0.480891719745223	4	281	1
0.0681818181818182	4	281	1
0.504464285714286	4	281	1
0.498269896193772	4	281	1
0.205188679245283	4	281	1
0.0656716417910448	4	281	1
0.451851851851852	4	281	1
0.0463576158940397	4	281	1
0.0503597122302158	4	281	1
0.0510948905109489	4	281	1
0.0671378091872792	4	281	1
0.159836065573771	4	281	1
0.473118279569892	4	281	1
0.0493827160493827	4	281	1
0.0484848484848485	4	281	1
0.0476190476190476	4	281	1
0.136222910216718	4	281	1
0.0946372239747634	4	281	1
0.517509727626459	4	281	1
0.454081632653061	4	281	1
0.2398753894081	4	281	1
0.438405797101449	4	281	1
0.0546623794212219	4	281	1
0.0472972972972973	4	281	1
0.446064139941691	4	281	1
0.483394833948339	4	281	1
0.21875	4	281	1
0.501650165016502	4	281	1
0.0777385159010601	4	281	1
0.507853403141361	4	281	1
0.45819397993311	4	281	1
0.462025316455696	4	281	1
0.563981042654028	4	281	1
0.272401433691756	4	281	1
0.473684210526316	4	281	1
0.252747252747253	4	281	1
0.285714285714286	4	281	1
0.200716845878136	4	281	1
0.485564304461942	4	281	1
0.0608974358974359	4	281	1
0.483333333333333	4	281	1
0.45273631840796	4	281	1
0.0508474576271186	4	281	1
0.458100558659218	4	281	1
0.103571428571429	4	281	1
0.475836431226766	4	281	1
0.469314079422383	4	281	1
0.478260869565217	4	281	1
0.857142857142857	4	281	1
0.539568345323741	4	281	1
0.530769230769231	4	281	1
0.487623762376238	4	281	1
0.449275362318841	4	281	1
0.509146341463415	4	281	1
0.224422442244224	4	281	1
0.506993006993007	4	281	1
0.25531914893617	4	281	1
0.486166007905138	4	281	1
0.456310679611651	4	281	1
0.253869969040248	4	281	1
0.471264367816092	4	281	1
0.439114391143911	4	281	1
0.0756578947368421	4	281	1
0.478547854785479	4	281	1
0.467857142857143	4	281	1
0.286644951140065	4	281	1
0.481099656357388	4	281	1
0.477941176470588	4	281	1
0.485232067510549	4	281	1
0.501501501501502	4	281	1
0.112107623318386	4	281	1
0.463054187192118	4	281	1
0.0497512437810945	4	281	1
0.8	4	281	1
0.516930022573363	4	281	1
0.428015564202335	4	281	1
0.467268623024831	4	281	1
0.481981981981982	4	281	1
0.494252873563218	4	281	1
0.533834586466165	4	281	1
0.437888198757764	4	281	1
0.047244094488189	4	281	1
0.521739130434783	4	281	1
0.501440922190202	4	281	1
0.490384615384615	4	281	1
0.0878859857482185	4	281	1
0.220744680851064	4	281	1
0.522222222222222	4	281	1
0.0682926829268293	4	281	1
0.666666666666667	4	281	1
0.211180124223602	4	281	1
0.0830564784053156	4	281	1
0.51219512195122	4	281	1
0.249169435215947	4	281	1
0.168115942028985	4	281	1
0.213991769547325	4	281	1
0.0845588235294118	4	281	1
0.433460076045627	4	281	1
0.477744807121662	4	281	1
0.253112033195021	4	281	1
0.233050847457627	4	281	1
0.434426229508197	4	281	1
0.490654205607477	4	281	1
0.53125	4	281	1
0.0519125683060109	4	281	1
0.419354838709677	4	281	1
0.0653061224489796	4	281	1
0.566775244299674	4	281	1
0.490566037735849	4	281	1
0.460055096418733	4	281	1
0.49390243902439	4	281	1
0.492805755395683	4	281	1
0.495956873315364	4	281	1
0.0898876404494382	4	281	1
0.0590405904059041	4	281	1
0.494208494208494	4	281	1
0.524752475247525	4	281	1
0.521739130434783	4	281	1
0.46045197740113	4	281	1
0.182795698924731	4	281	1
0.205980066445183	4	281	1
0.515267175572519	4	281	1
0.431707317073171	4	281	1
0.44636678200692	4	281	1
0.269911504424779	4	281	1
0.488023952095808	4	281	1
0.5	4	281	1
0.22289156626506	4	281	1
0.0481651376146789	4	281	1
0.488599348534202	4	281	1
0.457865168539326	4	281	1
0.49238578680203	4	281	1
0.432569974554707	4	281	1
0.2	4	281	1
0.47972972972973	4	281	1
0.493464052287582	4	281	1
0.48	4	281	1
0.442906574394464	4	281	1
0.461756373937677	4	281	1
0.307106598984772	4	281	1
0.473429951690821	4	281	1
0.460251046025105	4	281	1
0.491525423728814	4	281	1
0.424479166666667	4	281	1
0.430051813471503	4	281	1
0.54180602006689	4	281	1
0.0528455284552846	4	281	1
0.454545454545455	4	281	1
0.505338078291815	4	281	1
0.462068965517241	4	281	1
0.503614457831325	4	281	1
0.483766233766234	4	281	1
0.0792452830188679	4	281	1
0.436974789915966	4	281	1
0.092814371257485	4	281	1
0.42093023255814	4	281	1
0.0842911877394636	4	281	1
0.1875	4	281	1
0.163934426229508	4	281	1
0.505882352941176	4	281	1
0.497630331753554	4	281	1
0.258064516129032	4	281	1
0.153846153846154	4	281	1
0.240131578947368	4	281	1
0.490813648293963	4	281	1
0.0540540540540541	4	281	1
0.0529801324503311	4	281	1
0.0588235294117647	4	281	1
0.0909090909090909	4	281	1
0.46875	4	281	1
0.111638954869359	4	281	1
0.0608365019011407	4	281	1
0.246666666666667	4	281	1
0.102678571428571	4	281	1
0.5	4	281	1
0.15	4	281	1
0.482539682539683	4	281	1
0.281138790035587	4	281	1
0.0699300699300699	4	281	1
0.217391304347826	4	281	1
0.185606060606061	4	281	1
0.453441295546559	4	281	1
0.490813648293963	4	281	1
0.486486486486487	4	281	1
0.404833836858006	4	281	1
0.462633451957295	4	281	1
0.108333333333333	4	281	1
0.104477611940299	4	281	1
0.5	4	281	1
0.440816326530612	4	281	1
0.472602739726027	4	281	1
0.474474474474474	4	281	1
0.476923076923077	4	281	1
0.495283018867925	4	281	1
0.483870967741935	4	281	1
0.112462006079027	4	281	1
0.532258064516129	4	281	1
0.465227817745803	4	281	1
0.216624685138539	4	281	1
0.875	4	281	1
0.467153284671533	4	281	1
0.507874015748031	4	281	1
0.459227467811159	4	281	1
0.399193548387097	4	281	1
0.450909090909091	4	281	1
0.486394557823129	4	281	1
0.510835913312694	4	281	1
0.166666666666667	4	281	1
0.469635627530364	4	281	1
0.231034482758621	4	281	1
0.0480769230769231	4	281	1
0.174061433447099	4	281	1
0.244897959183673	4	281	1
0.157894736842105	4	281	1
0.134897360703812	4	281	1
0.533112582781457	4	281	1
0.481481481481481	4	281	1
0.457534246575342	4	281	1
0.505091649694501	4	281	1
0.233933161953728	4	281	1
0.24582338902148	4	281	1
0.558823529411765	4	281	1
0.488571428571429	4	281	1
0.4375	4	281	1
0.0966666666666667	4	281	1
0.0662251655629139	4	281	1
0.054590570719603	4	281	1
0.510288065843621	4	281	1
0.46064139941691	4	281	1
0.49438202247191	4	281	1
0.494623655913978	4	281	1
0.495238095238095	4	281	1
0.448863636363636	4	281	1
0.478787878787879	4	281	1
0.491379310344828	4	281	1
0.441558441558442	4	281	1
0.48641975308642	4	281	1
0.053030303030303	4	281	1
0.203931203931204	4	281	1
0.478378378378378	4	281	1
0.449308755760369	4	281	1
0.501369863013699	4	281	1
0.496815286624204	4	281	1
0.300653594771242	4	281	1
0.520661157024793	4	281	1
0.532871972318339	4	281	1
0.0494505494505494	4	281	1
0.478102189781022	4	281	1
0.0779944289693593	4	281	1
0.08	4	281	1
0.178082191780822	4	281	1
0.147058823529412	4	281	1
0.533762057877814	4	281	1
0.49740932642487	4	281	1
0.5390625	4	281	1
0.4375	4	281	1
0.277978339350181	4	281	1
0.213815789473684	4	281	1
0.268292682926829	4	281	1
0.382239382239382	4	281	1
0.666666666666667	4	281	1
0.474178403755869	4	281	1
0.5	4	281	1
0.0709219858156028	4	281	1
0.0921052631578947	4	281	1
0.502183406113537	4	281	1
0.508833922261484	4	281	1
0.138888888888889	4	281	1
0.454212454212454	4	281	1
0.0530973451327434	4	281	1
0.489795918367347	4	281	1
0.507507507507508	4	281	1
0.342857142857143	4	281	1
0.446043165467626	4	281	1
0.241007194244604	4	281	1
0.478260869565217	4	281	1
0.534653465346535	4	281	1
0.492997198879552	4	281	1
0.254491017964072	4	281	1
0.0945945945945946	4	281	1
0.5	4	281	1
0.444444444444444	4	281	1
0.454976303317536	4	281	1
0.491289198606272	4	281	1
0.486381322957198	4	281	1
0.402877697841727	4	281	1
0.103064066852368	4	281	1
0.192139737991266	4	281	1
0.5	4	281	1
0.446428571428571	4	281	1
0.22463768115942	4	281	1
0.0489795918367347	4	281	1
0.188612099644128	4	281	1
0.459459459459459	4	281	1
0.229885057471264	4	281	1
0.296296296296296	4	281	1
0.490566037735849	4	281	1
0.530201342281879	4	281	1
0.494736842105263	4	281	1
0.495798319327731	4	281	1
0.475195822454308	4	281	1
0.47808764940239	4	281	1
0.0644257703081232	4	281	1
0.107579462102689	4	281	1
0.342168674698795	4	281	1
0.498245614035088	4	281	1
0.26525198938992	4	281	1
0.0510948905109489	4	281	1
0.527777777777778	4	281	1
0.453900709219858	4	281	1
0.0494296577946768	4	281	1
0.462585034013605	4	281	1
0.478510028653295	4	281	1
0.051948051948052	4	281	1
0.475	4	281	1
1	4	281	1
0.0731707317073171	4	281	1
0.461748633879781	4	281	1
0.462450592885375	4	281	1
0.0712530712530713	4	281	1
0.491228070175439	4	281	1
0.0498084291187739	4	281	1
0.425925925925926	4	281	1
0.504504504504504	4	281	1
0.287449392712551	4	281	1
0.466876971608833	4	281	1
0.503731343283582	4	281	1
0.383177570093458	4	281	1
0.408730158730159	4	281	1
0.111498257839721	4	281	1
0.463320463320463	4	281	1
0.496212121212121	4	281	1
0.466666666666667	4	281	1
0.484771573604061	4	281	1
0.519108280254777	4	281	1
0.482142857142857	4	281	1
0.45514950166113	4	281	1
0.158333333333333	4	281	1
0.0536277602523659	4	281	1
0.432926829268293	4	281	1
0.468513853904282	4	281	1
0.222222222222222	4	281	1
0.518382352941177	4	281	1
0.252365930599369	4	281	1
0.492957746478873	4	281	1
0.197368421052632	4	281	1
0.483091787439614	4	281	1
0.0410628019323672	4	281	1
0.039119804400978	4	281	1
0.038265306122449	4	281	1
0.0378787878787879	4	281	1
0.416666666666667	4	281	1
0.464589235127479	4	281	1
0.487972508591065	4	281	1
0.49	4	281	1
1	4	281	1
0.234939759036145	4	281	1
0.0760869565217391	4	281	1
0.0483460559796438	4	281	1
0.50297619047619	4	281	1
0.266393442622951	4	281	1
0.46078431372549	4	281	1
0.224832214765101	4	281	1
0.156521739130435	4	281	1
0.0686695278969957	4	281	1
0.469387755102041	4	281	1
0.209090909090909	4	281	1
0.503649635036496	4	281	1
0.479057591623037	4	281	1
0.490861618798956	4	281	1
0.517241379310345	4	281	1
0.506211180124224	4	281	1
0.486725663716814	4	281	1
0.078125	4	281	1
0.470119521912351	4	281	1
0.166666666666667	4	281	1
0.0651162790697674	4	281	1
0.0646153846153846	4	281	1
0.0668789808917197	4	281	1
0.486263736263736	4	281	1
0.426573426573427	4	281	1
0.470238095238095	4	281	1
0.494809688581315	4	281	1
0.462012320328542	4	281	1
0.0555555555555556	4	281	1
0.454761904761905	4	281	1
0.150115473441109	4	281	1
0.216535433070866	4	281	1
0.480825958702065	4	281	1
0.0779661016949153	4	281	1
0.0487804878048781	4	281	1
0.0529801324503311	4	281	1
0.490842490842491	4	281	1
0.456410256410256	4	281	1
0.0512820512820513	4	281	1
0.136239782016349	4	281	1
0.209677419354839	4	281	1
0.460714285714286	4	281	1
0.156626506024096	4	281	1
0.489247311827957	4	281	1
0.156146179401993	4	281	1
0.0818181818181818	4	281	1
0.472222222222222	4	281	1
0.495433789954338	4	281	1
0.483627204030227	4	281	1
0.441666666666667	4	281	1
0.471380471380471	4	281	1
0.204545454545455	4	281	1
0.505494505494505	4	281	1
0.477443609022556	4	281	1
0.0606936416184971	4	281	1
0.216535433070866	4	281	1
0.0955056179775281	4	281	1
0.213483146067416	4	281	1
0.454237288135593	4	281	1
0.501915708812261	4	281	1
0.212121212121212	4	281	1
0.0846153846153846	4	281	1
0.479876160990712	4	281	1
0.421052631578947	4	281	1
0.524324324324324	4	281	1
0.0723192019950125	4	281	1
0.242718446601942	4	281	1
0.452307692307692	4	281	1
0.0686274509803922	4	281	1
0.0545454545454545	4	281	1
0.489285714285714	4	281	1
0.489736070381232	4	281	1
0.459905660377358	4	281	1
0.101098901098901	4	281	1
0.186666666666667	4	281	1
0.45514950166113	4	281	1
0.636363636363636	4	281	1
0.409090909090909	4	281	1
0.575757575757576	4	281	1
0.478365384615385	4	281	1
0.458432304038005	4	281	1
0.475845410628019	4	281	1
0.130030959752322	4	281	1
0.228668941979522	4	281	1
0.228013029315961	4	281	1
0.502008032128514	4	281	1
0.205645161290323	4	281	1
0.447698744769874	4	281	1
0.221902017291066	4	281	1
0.0934065934065934	4	281	1
0.221276595744681	4	281	1
0.470149253731343	4	281	1
0.497354497354497	4	281	1
0.475206611570248	4	281	1
0.51864406779661	4	281	1
0.502551020408163	4	281	1
0.127490039840637	4	281	1
0.0543259557344064	4	281	1
0.072562358276644	4	281	1
0.474358974358974	4	281	1
0.422907488986784	4	281	1
0.217898832684825	4	281	1
0.491349480968858	4	281	1
0.261980830670927	4	281	1
0.0454545454545455	4	281	1
0.498630136986301	4	281	1
0.375	4	281	1
0.375	4	281	1
0.375	4	281	1
0.498614958448753	4	281	1
0.162464985994398	4	281	1
0.49236641221374	4	281	1
0.524916943521595	4	281	1
0.0721311475409836	4	281	1
0.0830769230769231	4	281	1
0.492492492492492	4	281	1
0.147945205479452	4	281	1
0.234042553191489	4	281	1
0.0469314079422383	4	281	1
0.258785942492013	4	281	1
0.079734219269103	4	281	1
0.21380846325167	4	281	1
0.473429951690821	4	281	1
0.458333333333333	4	281	1
0.113636363636364	4	281	1
0.209621993127148	4	281	1
0.46866485013624	4	281	1
0.418803418803419	4	281	1
0.0827338129496403	4	281	1
0.487261146496815	4	281	1
0.0651558073654391	4	281	1
0.210526315789474	4	281	1
0.463350785340314	4	281	1
0.412213740458015	4	281	1
0.452012383900929	4	281	1
0.523961661341853	4	281	1
0.441471571906354	4	281	1
0.0625	4	281	1
0.0932944606413994	4	281	1
0.115555555555556	4	281	1
0.477272727272727	4	281	1
0.511848341232227	4	281	1
0.247967479674797	4	281	1
0.20625	4	281	1
0.0542372881355932	4	281	1
0.0841750841750842	4	281	1
0.0943952802359882	4	281	1
0.510086455331412	4	281	1
0.516447368421053	4	281	1
0.46064139941691	4	281	1
0.457564575645756	4	281	1
0.458677685950413	4	281	1
0.494464944649447	4	281	1
0.49620253164557	4	281	1
0.5625	4	281	1
0.49584487534626	4	281	1
0.241847826086957	4	281	1
0.496	4	281	1
0.259515570934256	4	281	1
0.431111111111111	4	281	1
0.511945392491468	4	281	1
0.0465116279069767	4	281	1
0.0955882352941176	4	281	1
0.0404624277456647	4	281	1
0.517006802721088	4	281	1
0.495297805642633	4	281	1
0.224334600760456	4	281	1
0.481375358166189	4	281	1
0.261029411764706	4	281	1
0.473498233215548	4	281	1
0.142405063291139	4	281	1
0.222857142857143	4	281	1
0.514588859416446	4	281	1
0.528985507246377	4	281	1
0.511173184357542	4	281	1
0.506944444444444	4	281	1
0.457534246575342	4	281	1
0.393805309734513	4	281	1
0.470319634703196	4	281	1
0.467741935483871	4	281	1
0.142284569138277	4	281	1
0.47008547008547	4	281	1
0.45	4	281	1
0.428571428571429	4	281	1
0.484330484330484	4	281	1
0.266666666666667	4	281	1
0.795918367346939	4	281	1
0.164319248826291	4	281	1
0.0447368421052632	4	281	1
0.215384615384615	4	281	1
0.188679245283019	4	281	1
0.502777777777778	4	281	1
0.483483483483483	4	281	1
0.215970961887477	4	281	1
0.471502590673575	4	281	1
0.0598802395209581	4	281	1
0.0588235294117647	4	281	1
0.480916030534351	4	281	1
0.05	4	281	1
0.507936507936508	4	281	1
0.520547945205479	4	281	1
0.298969072164948	4	281	1
0.494208494208494	4	281	1
0.441520467836257	4	281	1
0.0691823899371069	4	281	1
0.477653631284916	4	281	1
0.232142857142857	4	281	1
0.494117647058824	4	281	1
0.24009900990099	4	281	1
0.27027027027027	4	281	1
0.492610837438424	4	281	1
0.423487544483986	4	281	1
0.268292682926829	4	281	1
0.423076923076923	4	281	1
0.244444444444444	4	281	1
0.498753117206983	4	281	1
0.479087452471483	4	281	1
0.073943661971831	4	281	1
0.314935064935065	4	281	1
0.0512048192771084	4	281	1
0.488986784140969	4	281	1
0.415686274509804	4	281	1
0.238683127572016	4	281	1
0.513966480446927	4	281	1
0.0648148148148148	4	281	1
0.279863481228669	4	281	1
0.485175202156334	4	281	1
0.583333333333333	4	281	1
0.43956043956044	4	281	1
0.479289940828402	4	281	1
0.0487012987012987	4	281	1
0.484662576687117	4	281	1
0.509259259259259	4	281	1
0.462121212121212	4	281	1
0.0497835497835498	4	281	1
0.4875	4	281	1
0.0511363636363636	4	281	1
0.0991189427312775	4	281	1
0.0633484162895928	4	281	1
0.49317738791423	4	281	1
0.469648562300319	4	281	1
0.484536082474227	4	281	1
0.319371727748691	4	281	1
0.154970760233918	4	281	1
0.47682119205298	4	281	1
0.202325581395349	4	281	1
0.264822134387352	4	281	1
0.260869565217391	4	281	1
0.666666666666667	4	281	1
0.494584837545126	4	281	1
0.0408805031446541	4	281	1
0.227882037533512	4	281	1
0.450666666666667	4	281	1
0.453900709219858	4	281	1
0.54178674351585	4	281	1
0.148148148148148	4	281	1
0.590062111801242	4	281	1
0.17741935483871	4	281	1
0.253623188405797	4	281	1
0.333333333333333	4	281	1
0.465034965034965	4	281	1
0.216730038022814	4	281	1
0.0952380952380952	4	281	1
0.0857142857142857	4	281	1
0.497975708502024	4	281	1
0.505226480836237	4	281	1
0.525490196078431	4	281	1
0.49402390438247	4	281	1
0.0580912863070539	4	281	1
0.0615384615384615	4	281	1
0.0856164383561644	4	281	1
0.483180428134557	4	281	1
0.142156862745098	4	281	1
0.502923976608187	4	281	1
0.482608695652174	4	281	1
0.166666666666667	4	281	1
0.466019417475728	4	281	1
0.491176470588235	4	281	1
0.45	4	281	1
0.08	4	281	1
0.0789473684210526	4	281	1
0.421052631578947	4	281	1
0.0863309352517986	4	281	1
0.489082969432314	4	281	1
0.473251028806584	4	281	1
0.0672268907563025	4	281	1
0.574074074074074	4	281	1
0.123188405797101	4	281	1
0.436046511627907	4	281	1
0.0735294117647059	4	281	1
0.0839416058394161	4	281	1
0.505119453924915	4	281	1
0.495901639344262	4	281	1
0.467625899280576	4	281	1
0.468965517241379	4	281	1
0.528688524590164	4	281	1
0.469512195121951	4	281	1
0.046831955922865	4	281	1
0.175355450236967	4	281	1
0.46078431372549	4	281	1
0.471910112359551	4	281	1
0.5	4	281	1
0.503246753246753	4	281	1
0.493150684931507	4	281	1
0.412162162162162	4	281	1
0.465454545454545	4	281	1
0.462809917355372	4	281	1
0.485804416403785	4	281	1
0.0481171548117155	4	281	1
0.477099236641221	4	281	1
1	4	281	1
0.280205655526992	4	281	1
0.270348837209302	4	281	1
0.10233918128655	4	281	1
0.545454545454545	4	281	1
0.541284403669725	4	281	1
0.48948948948949	4	281	1
0.443946188340807	4	281	1
0.0845481049562682	4	281	1
0.238636363636364	4	281	1
0.7	4	281	1
0.0868167202572347	4	281	1
0.460264900662252	4	281	1
0.539325842696629	4	281	1
0.462540716612378	4	281	1
0.14957264957265	4	281	1
0.0837988826815642	4	281	1
0.472103004291845	4	281	1
0.514644351464435	4	281	1
0.22972972972973	4	281	1
0.0684931506849315	4	281	1
0.0736543909348442	4	281	1
0.109243697478992	4	281	1
0.499013806706114	4	281	1
0.452768729641694	4	281	1
0.436018957345972	4	281	1
0.468513853904282	4	281	1
0.502645502645503	4	281	1
0.0634920634920635	4	281	1
0.521640091116173	4	281	1
0.254901960784314	4	281	1
0.0740740740740741	4	281	1
0.0707964601769911	4	281	1
0.114613180515759	4	281	1
0.478149100257069	4	281	1
0.291666666666667	4	281	1
0.102564102564103	4	281	1
0.435251798561151	4	281	1
0.545161290322581	4	281	1
0.43042071197411	4	281	1
0.508474576271186	4	281	1
0.479768786127168	4	281	1
0.210970464135021	4	281	1
0.473239436619718	4	281	1
0.161290322580645	4	281	1
0.237113402061856	4	281	1
0.480243161094225	4	281	1
0.0952380952380952	4	281	1
0.0952380952380952	4	281	1
0.458860759493671	4	281	1
0.234513274336283	4	281	1
0.483606557377049	4	281	1
0.50530035335689	4	281	1
0.445103857566766	4	281	1
0.072992700729927	4	281	1
0.497630331753554	4	281	1
0.0604651162790698	4	281	1
0.510324483775811	4	281	1
0.0769230769230769	4	281	1
0.0675	4	281	1
0.461794019933555	4	281	1
0.475490196078431	4	281	1
0.154255319148936	4	281	1
0.453571428571429	4	281	1
0.442424242424242	4	281	1
0.415032679738562	4	281	1
0.0710059171597633	4	281	1
0.447368421052632	4	281	1
0.496575342465753	4	281	1
0.464730290456432	4	281	1
0.131914893617021	4	281	1
0.493006993006993	4	281	1
0.47985347985348	4	281	1
0.0521472392638037	4	281	1
0.221818181818182	4	281	1
0.0594059405940594	4	281	1
0.0576923076923077	4	281	1
0.0732600732600733	4	281	1
0.511029411764706	4	281	1
0.477611940298507	4	281	1
0.460674157303371	4	281	1
0.0532786885245902	4	281	1
0.531914893617021	4	281	1
0.444816053511706	4	281	1
0.465201465201465	4	281	1
0.515254237288136	4	281	1
0.205211726384365	4	281	1
0.280155642023346	4	281	1
0.24	4	281	1
0.502702702702703	4	281	1
0.501305483028721	4	281	1
0.492877492877493	4	281	1
0.5	4	281	1
0.0672645739910314	4	281	1
0.486486486486487	4	281	1
0.490066225165563	4	281	1
0.520725388601036	4	281	1
0.506738544474393	4	281	1
0.119760479041916	4	281	1
0.493927125506073	4	281	1
0.459915611814346	4	281	1
0.486111111111111	4	281	1
0.101092896174863	4	281	1
0.260869565217391	4	281	1
0.501718213058419	4	281	1
0.413636363636364	4	281	1
0.458227848101266	4	281	1
0.50408719346049	4	281	1
0.0479041916167665	4	281	1
0.0679611650485437	4	281	1
0.0636042402826855	4	281	1
0.464163822525597	4	281	1
0.525083612040134	4	281	1
0.212121212121212	4	281	1
0.184931506849315	4	281	1
0.481802426343154	4	281	1
0.466666666666667	4	281	1
0.589506172839506	4	281	1
0.516320474777448	4	281	1
0.157190635451505	4	281	1
0.291666666666667	4	281	1
0.474885844748858	4	281	1
0.483870967741935	4	281	1
0.485333333333333	4	281	1
0.241206030150754	4	281	1
0.417177914110429	4	281	1
0.459770114942529	4	281	1
0.494082840236686	4	281	1
0.28099173553719	4	281	1
0.452316076294278	4	281	1
0.50402144772118	4	281	1
0.5	4	281	1
0.472803347280335	4	281	1
0.240409207161125	4	281	1
0.501022494887526	4	281	1
0.466216216216216	4	281	1
0.487179487179487	4	281	1
0.75	4	281	1
0.209923664122137	4	281	1
0.127659574468085	4	281	1
0.477900552486188	4	281	1
0.483660130718954	4	281	1
0.495238095238095	4	281	1
0.496042216358839	4	281	1
0.0676691729323308	4	281	1
0.447916666666667	4	281	1
0.0466472303206997	4	281	1
0.583333333333333	4	281	1
0.504885993485342	4	281	1
0.205992509363296	4	281	1
0.472140762463343	4	281	1
0.455587392550143	4	281	1
0.5	4	281	1
0.833333333333333	4	281	1
0.258928571428571	4	281	1
