VAF	CN	avg.depth	purity
0.263157894736842	2	35	0.582310492751842
0.387096774193548	2	35	0.582310492751842
0.361111111111111	2	35	0.582310492751842
0.236842105263158	2	35	0.582310492751842
0.261904761904762	2	35	0.582310492751842
0.159090909090909	2	35	0.582310492751842
0.162162162162162	2	35	0.582310492751842
0.189189189189189	2	35	0.582310492751842
0.342857142857143	2	35	0.582310492751842
0.375	2	35	0.582310492751842
0.307692307692308	2	35	0.582310492751842
0.214285714285714	2	35	0.582310492751842
0.352941176470588	2	35	0.582310492751842
0.114285714285714	2	35	0.582310492751842
0.263157894736842	2	35	0.582310492751842
0.157894736842105	2	35	0.582310492751842
0.346153846153846	2	35	0.582310492751842
0.204545454545455	2	35	0.582310492751842
0.151515151515152	2	35	0.582310492751842
0.318181818181818	2	35	0.582310492751842
0.275862068965517	2	35	0.582310492751842
0.375	2	35	0.582310492751842
0.407407407407407	2	35	0.582310492751842
0.243243243243243	2	35	0.582310492751842
0.09375	2	35	0.582310492751842
0.388888888888889	2	35	0.582310492751842
0.173913043478261	2	35	0.582310492751842
0.290322580645161	2	35	0.582310492751842
0.294117647058824	2	35	0.582310492751842
0.166666666666667	2	35	0.582310492751842
0.285714285714286	2	35	0.582310492751842
0.181818181818182	2	35	0.582310492751842
0.382352941176471	2	35	0.582310492751842
0.392857142857143	2	35	0.582310492751842
0.264705882352941	2	35	0.582310492751842
0.205128205128205	2	35	0.582310492751842
0.28125	2	35	0.582310492751842
0.310344827586207	2	35	0.582310492751842
0.451612903225806	2	35	0.582310492751842
0.260869565217391	2	35	0.582310492751842
0.264705882352941	2	35	0.582310492751842
0.333333333333333	2	35	0.582310492751842
0.324324324324324	2	35	0.582310492751842
0.27027027027027	2	35	0.582310492751842
0.19047619047619	2	35	0.582310492751842
0.307692307692308	2	35	0.582310492751842
0.351351351351351	2	35	0.582310492751842
0.307692307692308	2	35	0.582310492751842
0.135135135135135	2	35	0.582310492751842
0.272727272727273	2	35	0.582310492751842
0.321428571428571	2	35	0.582310492751842
0.277777777777778	2	35	0.582310492751842
0.344827586206897	2	35	0.582310492751842
0.263157894736842	2	35	0.582310492751842
0.21875	2	35	0.582310492751842
0.258064516129032	2	35	0.582310492751842
0.256410256410256	2	35	0.582310492751842
0.303030303030303	2	35	0.582310492751842
0.24	2	35	0.582310492751842
0.230769230769231	2	35	0.582310492751842
0.25	2	35	0.582310492751842
0.27027027027027	2	35	0.582310492751842
0.142857142857143	2	35	0.582310492751842
0.342857142857143	2	35	0.582310492751842
0.304347826086957	2	35	0.582310492751842
0.414634146341463	2	35	0.582310492751842
0.25	2	35	0.582310492751842
0.24	2	35	0.582310492751842
0.45	2	35	0.582310492751842
0.184210526315789	2	35	0.582310492751842
0.212121212121212	2	35	0.582310492751842
0.125	2	35	0.582310492751842
0.230769230769231	2	35	0.582310492751842
0.355555555555556	2	35	0.582310492751842
0.1875	2	35	0.582310492751842
0.344827586206897	2	35	0.582310492751842
0.205128205128205	2	35	0.582310492751842
0.219512195121951	2	35	0.582310492751842
0.333333333333333	2	35	0.582310492751842
0.25	2	35	0.582310492751842
0.225806451612903	2	35	0.582310492751842
0.125	2	35	0.582310492751842
0.323529411764706	2	35	0.582310492751842
0.321428571428571	2	35	0.582310492751842
0.214285714285714	2	35	0.582310492751842
0.314285714285714	2	35	0.582310492751842
0.387096774193548	2	35	0.582310492751842
0.214285714285714	2	35	0.582310492751842
0.4	2	35	0.582310492751842
0.217391304347826	2	35	0.582310492751842
0.272727272727273	2	35	0.582310492751842
0.272727272727273	2	35	0.582310492751842
0.256410256410256	2	35	0.582310492751842
0.285714285714286	2	35	0.582310492751842
0.3	2	35	0.582310492751842
0.27027027027027	2	35	0.582310492751842
0.235294117647059	2	35	0.582310492751842
0.292682926829268	2	35	0.582310492751842
0.204545454545455	2	35	0.582310492751842
0.368421052631579	2	35	0.582310492751842
0.272727272727273	2	35	0.582310492751842
0.24390243902439	2	35	0.582310492751842
0.219512195121951	2	35	0.582310492751842
0.233333333333333	2	35	0.582310492751842
0.409090909090909	2	35	0.582310492751842
0.342857142857143	2	35	0.582310492751842
0.388888888888889	2	35	0.582310492751842
0.266666666666667	2	35	0.582310492751842
0.261904761904762	2	35	0.582310492751842
0.314285714285714	2	35	0.582310492751842
0.272727272727273	2	35	0.582310492751842
0.342857142857143	2	35	0.582310492751842
0.2	2	35	0.582310492751842
0.225806451612903	2	35	0.582310492751842
0.230769230769231	2	35	0.582310492751842
0.333333333333333	2	35	0.582310492751842
0.230769230769231	2	35	0.582310492751842
0.433333333333333	2	35	0.582310492751842
0.272727272727273	2	35	0.582310492751842
0.276595744680851	2	35	0.582310492751842
0.354838709677419	2	35	0.582310492751842
0.333333333333333	2	35	0.582310492751842
0.275	2	35	0.582310492751842
0.3	2	35	0.582310492751842
0.333333333333333	2	35	0.582310492751842
0.230769230769231	2	35	0.582310492751842
0.230769230769231	2	35	0.582310492751842
0.212121212121212	2	35	0.582310492751842
0.310344827586207	2	35	0.582310492751842
0.424242424242424	2	35	0.582310492751842
0.297297297297297	2	35	0.582310492751842
0.2	2	35	0.582310492751842
0.184210526315789	2	35	0.582310492751842
0.314285714285714	2	35	0.582310492751842
0.464285714285714	2	35	0.582310492751842
0.323529411764706	2	35	0.582310492751842
0.25	2	35	0.582310492751842
0.277777777777778	2	35	0.582310492751842
0.314285714285714	2	35	0.582310492751842
0.225806451612903	2	35	0.582310492751842
0.303030303030303	2	35	0.582310492751842
0.317073170731707	2	35	0.582310492751842
0.305555555555556	2	35	0.582310492751842
0.290322580645161	2	35	0.582310492751842
0.3125	2	35	0.582310492751842
0.142857142857143	2	35	0.582310492751842
0.482758620689655	2	35	0.582310492751842
0.102564102564103	2	35	0.582310492751842
0.1875	2	35	0.582310492751842
0.189189189189189	2	35	0.582310492751842
0.291666666666667	2	35	0.582310492751842
0.433333333333333	2	35	0.582310492751842
0.155555555555556	2	35	0.582310492751842
0.3	2	35	0.582310492751842
0.241379310344828	2	35	0.582310492751842
0.285714285714286	2	35	0.582310492751842
0.257142857142857	2	35	0.582310492751842
0.117647058823529	2	35	0.582310492751842
0.25	2	35	0.582310492751842
0.315789473684211	2	35	0.582310492751842
0.205882352941176	2	35	0.582310492751842
0.333333333333333	2	35	0.582310492751842
0.222222222222222	2	35	0.582310492751842
0.3125	2	35	0.582310492751842
0.282051282051282	2	35	0.582310492751842
0.111111111111111	2	35	0.582310492751842
0.274509803921569	2	35	0.582310492751842
0.344827586206897	2	35	0.582310492751842
0.272727272727273	2	35	0.582310492751842
0.392857142857143	2	35	0.582310492751842
0.311111111111111	2	35	0.582310492751842
0.25	2	35	0.582310492751842
0.307692307692308	2	35	0.582310492751842
0.179487179487179	2	35	0.582310492751842
0.193548387096774	2	35	0.582310492751842
0.5	2	35	0.582310492751842
0.222222222222222	2	35	0.582310492751842
0.0952380952380952	2	35	0.582310492751842
0.333333333333333	2	35	0.582310492751842
0.272727272727273	2	35	0.582310492751842
0.215686274509804	2	35	0.582310492751842
0.259259259259259	2	35	0.582310492751842
0.117647058823529	2	35	0.582310492751842
0.25	2	35	0.582310492751842
0.194444444444444	2	35	0.582310492751842
0.256410256410256	2	35	0.582310492751842
0.379310344827586	2	35	0.582310492751842
0.333333333333333	2	35	0.582310492751842
0.166666666666667	2	35	0.582310492751842
0.290322580645161	2	35	0.582310492751842
0.304347826086957	2	35	0.582310492751842
0.333333333333333	2	35	0.582310492751842
0.391304347826087	2	35	0.582310492751842
0.333333333333333	2	35	0.582310492751842
0.342857142857143	2	35	0.582310492751842
0.111111111111111	2	35	0.582310492751842
0.243243243243243	2	35	0.582310492751842
0.173913043478261	2	35	0.582310492751842
0.2	2	35	0.582310492751842
0.428571428571429	2	35	0.582310492751842
0.264705882352941	2	35	0.582310492751842
0.181818181818182	2	35	0.582310492751842
0.166666666666667	2	35	0.582310492751842
0.310344827586207	2	35	0.582310492751842
0.12	2	35	0.582310492751842
0.125	2	35	0.582310492751842
0.305555555555556	2	35	0.582310492751842
0.206896551724138	2	35	0.582310492751842
0.25	2	35	0.582310492751842
0.319148936170213	2	35	0.582310492751842
0.210526315789474	2	35	0.582310492751842
0.28125	2	35	0.582310492751842
0.15	2	35	0.582310492751842
0.311111111111111	2	35	0.582310492751842
0.302325581395349	2	35	0.582310492751842
0.234042553191489	2	35	0.582310492751842
0.219512195121951	2	35	0.582310492751842
0.375	2	35	0.582310492751842
0.473684210526316	2	35	0.582310492751842
0.28125	2	35	0.582310492751842
0.238095238095238	2	35	0.582310492751842
0.219512195121951	2	35	0.582310492751842
0.288888888888889	2	35	0.582310492751842
0.333333333333333	2	35	0.582310492751842
0.272727272727273	2	35	0.582310492751842
0.268292682926829	2	35	0.582310492751842
0.3	2	35	0.582310492751842
0.254901960784314	2	35	0.582310492751842
0.225	2	35	0.582310492751842
0.266666666666667	2	35	0.582310492751842
0.333333333333333	2	35	0.582310492751842
0.342857142857143	2	35	0.582310492751842
0.289473684210526	2	35	0.582310492751842
0.40625	2	35	0.582310492751842
0.130434782608696	2	35	0.582310492751842
0.225806451612903	2	35	0.582310492751842
0.296296296296296	2	35	0.582310492751842
0.275862068965517	2	35	0.582310492751842
0.269230769230769	2	35	0.582310492751842
0.189189189189189	2	35	0.582310492751842
0.162162162162162	2	35	0.582310492751842
0.25	2	35	0.582310492751842
0.170731707317073	2	35	0.582310492751842
0.266666666666667	2	35	0.582310492751842
0.275	2	35	0.582310492751842
0.368421052631579	2	35	0.582310492751842
0.409090909090909	2	35	0.582310492751842
0.333333333333333	2	35	0.582310492751842
0.227272727272727	2	35	0.582310492751842
0.260869565217391	2	35	0.582310492751842
0.369565217391304	2	35	0.582310492751842
0.304347826086957	2	35	0.582310492751842
0.138888888888889	2	35	0.582310492751842
0.25	2	35	0.582310492751842
0.325	2	35	0.582310492751842
0.303030303030303	2	35	0.582310492751842
0.433333333333333	2	35	0.582310492751842
0.225	2	35	0.582310492751842
0.317073170731707	2	35	0.582310492751842
0.266666666666667	2	35	0.582310492751842
0.275862068965517	2	35	0.582310492751842
0.243243243243243	2	35	0.582310492751842
0.235294117647059	2	35	0.582310492751842
0.352941176470588	2	35	0.582310492751842
0.15625	2	35	0.582310492751842
0.411764705882353	2	35	0.582310492751842
0.34	2	35	0.582310492751842
0.317073170731707	2	35	0.582310492751842
0.21875	2	35	0.582310492751842
0.275862068965517	2	35	0.582310492751842
0.40625	2	35	0.582310492751842
0.347826086956522	2	35	0.582310492751842
0.25	2	35	0.582310492751842
0.333333333333333	2	35	0.582310492751842
0.172413793103448	2	35	0.582310492751842
0.15	2	35	0.582310492751842
0.3125	2	35	0.582310492751842
0.272727272727273	2	35	0.582310492751842
0.375	2	35	0.582310492751842
0.293103448275862	2	35	0.582310492751842
0.25	2	35	0.582310492751842
0.212121212121212	2	35	0.582310492751842
0.242424242424242	2	35	0.582310492751842
0.514285714285714	2	35	0.582310492751842
0.375	2	35	0.582310492751842
0.259259259259259	2	35	0.582310492751842
0.166666666666667	2	35	0.582310492751842
0.297297297297297	2	35	0.582310492751842
0.30952380952381	2	35	0.582310492751842
0.3	2	35	0.582310492751842
0.324324324324324	2	35	0.582310492751842
0.404255319148936	2	35	0.582310492751842
0.294117647058824	2	35	0.582310492751842
0.133333333333333	2	35	0.582310492751842
0.234042553191489	2	35	0.582310492751842
0.22	2	35	0.582310492751842
0.25	2	35	0.582310492751842
0.127659574468085	2	35	0.582310492751842
0.358974358974359	2	35	0.582310492751842
0.263157894736842	2	35	0.582310492751842
0.25	2	35	0.582310492751842
0.0857142857142857	2	35	0.582310492751842
0.236842105263158	2	35	0.582310492751842
0.321428571428571	2	35	0.582310492751842
0.24390243902439	2	35	0.582310492751842
0.227272727272727	2	35	0.582310492751842
0.238095238095238	2	35	0.582310492751842
0.295454545454545	2	35	0.582310492751842
0.3	2	35	0.582310492751842
0.242424242424242	2	35	0.582310492751842
0.175	2	35	0.582310492751842
0.176470588235294	2	35	0.582310492751842
0.3	2	35	0.582310492751842
0.260869565217391	2	35	0.582310492751842
0.191489361702128	2	35	0.582310492751842
0.25	2	35	0.582310492751842
0.272727272727273	2	35	0.582310492751842
0.28125	2	35	0.582310492751842
0.263157894736842	2	35	0.582310492751842
0.3	2	35	0.582310492751842
0.235294117647059	2	35	0.582310492751842
0.368421052631579	2	35	0.582310492751842
0.36	2	35	0.582310492751842
0.204545454545455	2	35	0.582310492751842
0.5	2	35	0.582310492751842
0.261904761904762	2	35	0.582310492751842
0.285714285714286	2	35	0.582310492751842
0.32	2	35	0.582310492751842
0.384615384615385	2	35	0.582310492751842
0.333333333333333	2	35	0.582310492751842
0.3	2	35	0.582310492751842
0.303030303030303	2	35	0.582310492751842
0.314285714285714	2	35	0.582310492751842
0.272727272727273	2	35	0.582310492751842
0.230769230769231	2	35	0.582310492751842
0.210526315789474	2	35	0.582310492751842
0.297297297297297	2	35	0.582310492751842
0.319148936170213	2	35	0.582310492751842
0.0952380952380952	2	35	0.582310492751842
0.388888888888889	2	35	0.582310492751842
0.28125	2	35	0.582310492751842
0.357142857142857	2	35	0.582310492751842
0.307692307692308	2	35	0.582310492751842
0.342105263157895	2	35	0.582310492751842
0.285714285714286	2	35	0.582310492751842
0.257142857142857	2	35	0.582310492751842
0.129032258064516	2	35	0.582310492751842
0.241379310344828	2	35	0.582310492751842
0.326530612244898	2	35	0.582310492751842
0.30952380952381	2	35	0.582310492751842
0.264705882352941	2	35	0.582310492751842
0.288888888888889	2	35	0.582310492751842
0.193548387096774	2	35	0.582310492751842
0.352941176470588	2	35	0.582310492751842
0.13953488372093	2	35	0.582310492751842
0.121212121212121	2	35	0.582310492751842
0.310344827586207	2	35	0.582310492751842
0.358974358974359	2	35	0.582310492751842
0.277777777777778	2	35	0.582310492751842
0.181818181818182	2	35	0.582310492751842
0.361111111111111	2	35	0.582310492751842
0.413793103448276	2	35	0.582310492751842
0.151515151515152	2	35	0.582310492751842
0.37037037037037	2	35	0.582310492751842
0.53125	2	35	0.582310492751842
0.206896551724138	2	35	0.582310492751842
0.466666666666667	2	35	0.582310492751842
0.433333333333333	2	35	0.582310492751842
0.225806451612903	2	35	0.582310492751842
0.27027027027027	2	35	0.582310492751842
0.275	2	35	0.582310492751842
0.214285714285714	2	35	0.582310492751842
0.181818181818182	2	35	0.582310492751842
0.314285714285714	2	35	0.582310492751842
0.324324324324324	2	35	0.582310492751842
0.314285714285714	2	35	0.582310492751842
0.161290322580645	2	35	0.582310492751842
0.25	2	35	0.582310492751842
0.303030303030303	2	35	0.582310492751842
0.421052631578947	2	35	0.582310492751842
0.37037037037037	2	35	0.582310492751842
0.318181818181818	2	35	0.582310492751842
0.270833333333333	2	35	0.582310492751842
0.272727272727273	2	35	0.582310492751842
0.230769230769231	2	35	0.582310492751842
0.205882352941176	2	35	0.582310492751842
0.354166666666667	2	35	0.582310492751842
0.259259259259259	2	35	0.582310492751842
0.375	2	35	0.582310492751842
0.238095238095238	2	35	0.582310492751842
0.2	2	35	0.582310492751842
0.113207547169811	2	35	0.582310492751842
0.344827586206897	2	35	0.582310492751842
0.269230769230769	2	35	0.582310492751842
0.261904761904762	2	35	0.582310492751842
0.230769230769231	2	35	0.582310492751842
0.268292682926829	2	35	0.582310492751842
0.333333333333333	2	35	0.582310492751842
0.317073170731707	2	35	0.582310492751842
0.347826086956522	2	35	0.582310492751842
0.41025641025641	2	35	0.582310492751842
0.424242424242424	2	35	0.582310492751842
0.470588235294118	2	35	0.582310492751842
0.4375	2	35	0.582310492751842
0.351351351351351	2	35	0.582310492751842
0.3	2	35	0.582310492751842
0.361111111111111	2	35	0.582310492751842
0.105263157894737	2	35	0.582310492751842
0.171428571428571	2	35	0.582310492751842
0.210526315789474	2	35	0.582310492751842
0.125	2	35	0.582310492751842
0.153846153846154	2	35	0.582310492751842
0.428571428571429	2	35	0.582310492751842
0.36	2	35	0.582310492751842
0.238095238095238	2	35	0.582310492751842
0.166666666666667	2	35	0.582310492751842
0.289473684210526	2	35	0.582310492751842
0.155555555555556	2	35	0.582310492751842
0.285714285714286	2	35	0.582310492751842
0.176470588235294	2	35	0.582310492751842
0.238095238095238	2	35	0.582310492751842
0.285714285714286	2	35	0.582310492751842
0.447368421052632	2	35	0.582310492751842
0.205128205128205	2	35	0.582310492751842
0.377777777777778	2	35	0.582310492751842
0.290322580645161	2	35	0.582310492751842
0.282608695652174	2	35	0.582310492751842
0.258064516129032	2	35	0.582310492751842
0.176470588235294	2	35	0.582310492751842
0.382352941176471	2	35	0.582310492751842
0.25531914893617	2	35	0.582310492751842
0.333333333333333	2	35	0.582310492751842
0.25	2	35	0.582310492751842
0.282608695652174	2	35	0.582310492751842
0.375	2	35	0.582310492751842
0.414634146341463	2	35	0.582310492751842
0.285714285714286	2	35	0.582310492751842
0.206896551724138	2	35	0.582310492751842
0.5	2	35	0.582310492751842
0.4	2	35	0.582310492751842
0.289473684210526	2	35	0.582310492751842
0.25	2	35	0.582310492751842
0.148148148148148	2	35	0.582310492751842
0.302325581395349	2	35	0.582310492751842
0.395833333333333	2	35	0.582310492751842
0.282051282051282	2	35	0.582310492751842
0.363636363636364	2	35	0.582310492751842
0.41025641025641	2	35	0.582310492751842
0.351351351351351	2	35	0.582310492751842
0.2	2	35	0.582310492751842
0.435897435897436	2	35	0.582310492751842
0.194444444444444	2	35	0.582310492751842
0.196078431372549	2	35	0.582310492751842
0.263157894736842	2	35	0.582310492751842
0.25	2	35	0.582310492751842
0.298245614035088	2	35	0.582310492751842
0.256410256410256	2	35	0.582310492751842
0.259259259259259	2	35	0.582310492751842
0.270833333333333	2	35	0.582310492751842
0.387096774193548	2	35	0.582310492751842
0.297872340425532	2	35	0.582310492751842
0.241379310344828	2	35	0.582310492751842
0.238095238095238	2	35	0.582310492751842
0.382352941176471	2	35	0.582310492751842
0.288888888888889	2	35	0.582310492751842
0.428571428571429	2	35	0.582310492751842
0.171428571428571	2	35	0.582310492751842
0.244444444444444	2	35	0.582310492751842
0.361111111111111	2	35	0.582310492751842
0.296296296296296	2	35	0.582310492751842
0.275	2	35	0.582310492751842
0.3125	2	35	0.582310492751842
0.230769230769231	2	35	0.582310492751842
0.25	2	35	0.582310492751842
0.34375	2	35	0.582310492751842
0.25	2	35	0.582310492751842
0.137254901960784	2	35	0.582310492751842
0.24390243902439	2	35	0.582310492751842
0.269230769230769	2	35	0.582310492751842
0.424242424242424	2	35	0.582310492751842
0.205128205128205	2	35	0.582310492751842
0.333333333333333	2	35	0.582310492751842
0.292682926829268	2	35	0.582310492751842
0.32258064516129	2	35	0.582310492751842
0.28125	2	35	0.582310492751842
0.314285714285714	2	35	0.582310492751842
0.179487179487179	2	35	0.582310492751842
0.241379310344828	2	35	0.582310492751842
0.275862068965517	2	35	0.582310492751842
0.294117647058824	2	35	0.582310492751842
0.256410256410256	2	35	0.582310492751842
0.275	2	35	0.582310492751842
0.227272727272727	2	35	0.582310492751842
0.217391304347826	2	35	0.582310492751842
0.4	2	35	0.582310492751842
0.571428571428571	2	35	0.582310492751842
0.235294117647059	2	35	0.582310492751842
0.393939393939394	2	35	0.582310492751842
0.380952380952381	2	35	0.582310492751842
0.303030303030303	2	35	0.582310492751842
0.138888888888889	2	35	0.582310492751842
0.32258064516129	2	35	0.582310492751842
0.340909090909091	2	35	0.582310492751842
0.324324324324324	2	35	0.582310492751842
0.264705882352941	2	35	0.582310492751842
0.259259259259259	2	35	0.582310492751842
0.258064516129032	2	35	0.582310492751842
0.184210526315789	2	35	0.582310492751842
0.238095238095238	2	35	0.582310492751842
0.379310344827586	2	35	0.582310492751842
0.192307692307692	2	35	0.582310492751842
0.264705882352941	2	35	0.582310492751842
0.176470588235294	2	35	0.582310492751842
0.25	2	35	0.582310492751842
0.354838709677419	2	35	0.582310492751842
0.125	2	35	0.582310492751842
0.571428571428571	2	35	0.582310492751842
0.357142857142857	2	35	0.582310492751842
0.244444444444444	2	35	0.582310492751842
0.266666666666667	2	35	0.582310492751842
0.26530612244898	2	35	0.582310492751842
0.264705882352941	2	35	0.582310492751842
0.304347826086957	2	35	0.582310492751842
0.162162162162162	2	35	0.582310492751842
0.242424242424242	2	35	0.582310492751842
0.228571428571429	2	35	0.582310492751842
0.3	2	35	0.582310492751842
0.302325581395349	2	35	0.582310492751842
0.305555555555556	2	35	0.582310492751842
0.25	2	35	0.582310492751842
0.290322580645161	2	35	0.582310492751842
0.173913043478261	2	35	0.582310492751842
0.28	2	35	0.582310492751842
0.325581395348837	2	35	0.582310492751842
0.216216216216216	2	35	0.582310492751842
0.181818181818182	2	35	0.582310492751842
0.352941176470588	2	35	0.582310492751842
0.294117647058824	2	35	0.582310492751842
0.25	2	35	0.582310492751842
0.304347826086957	2	35	0.582310492751842
0.25	2	35	0.582310492751842
0.24390243902439	2	35	0.582310492751842
0.521739130434783	2	35	0.582310492751842
0.333333333333333	2	35	0.582310492751842
0.4	2	35	0.582310492751842
0.333333333333333	2	35	0.582310492751842
0.3	2	35	0.582310492751842
0.354166666666667	2	35	0.582310492751842
0.3125	2	35	0.582310492751842
0.138888888888889	2	35	0.582310492751842
0.456521739130435	2	35	0.582310492751842
0.264705882352941	2	35	0.582310492751842
0.230769230769231	2	35	0.582310492751842
0.333333333333333	2	35	0.582310492751842
0.3	2	35	0.582310492751842
0.212121212121212	2	35	0.582310492751842
0.171428571428571	2	35	0.582310492751842
0.285714285714286	2	35	0.582310492751842
0.166666666666667	2	35	0.582310492751842
0.216216216216216	2	35	0.582310492751842
0.303030303030303	2	35	0.582310492751842
0.25	2	35	0.582310492751842
0.194444444444444	2	35	0.582310492751842
0.242424242424242	2	35	0.582310492751842
0.3125	2	35	0.582310492751842
0.116279069767442	2	35	0.582310492751842
0.295454545454545	2	35	0.582310492751842
0.28125	2	35	0.582310492751842
0.3125	2	35	0.582310492751842
0.324324324324324	2	35	0.582310492751842
0.228571428571429	2	35	0.582310492751842
0.377358490566038	2	35	0.582310492751842
0.317073170731707	2	35	0.582310492751842
0.25	2	35	0.582310492751842
0.228571428571429	2	35	0.582310492751842
0.290322580645161	2	35	0.582310492751842
0.195121951219512	2	35	0.582310492751842
0.0882352941176471	2	35	0.582310492751842
0.268292682926829	2	35	0.582310492751842
0.232558139534884	2	35	0.582310492751842
0.32	2	35	0.582310492751842
0.242424242424242	2	35	0.582310492751842
0.305555555555556	2	35	0.582310492751842
0.282051282051282	2	35	0.582310492751842
0.25	2	35	0.582310492751842
0.3	2	35	0.582310492751842
0.235294117647059	2	35	0.582310492751842
0.216216216216216	2	35	0.582310492751842
0.285714285714286	2	35	0.582310492751842
0.352941176470588	2	35	0.582310492751842
0.416666666666667	2	35	0.582310492751842
0.239130434782609	2	35	0.582310492751842
0.272727272727273	2	35	0.582310492751842
0.125	2	35	0.582310492751842
0.351351351351351	2	35	0.582310492751842
0.15	2	35	0.582310492751842
0.28	2	35	0.582310492751842
0.291666666666667	2	35	0.582310492751842
0.133333333333333	2	35	0.582310492751842
0.461538461538462	2	35	0.582310492751842
0.35	2	35	0.582310492751842
0.1875	2	35	0.582310492751842
0.371428571428571	2	35	0.582310492751842
0.324324324324324	2	35	0.582310492751842
0.25	2	35	0.582310492751842
0.363636363636364	2	35	0.582310492751842
0.3	2	35	0.582310492751842
0.342857142857143	2	35	0.582310492751842
0.333333333333333	2	35	0.582310492751842
0.212121212121212	2	35	0.582310492751842
0.434782608695652	2	35	0.582310492751842
0.225	2	35	0.582310492751842
0.119047619047619	2	35	0.582310492751842
0.13953488372093	2	35	0.582310492751842
0.208333333333333	2	35	0.582310492751842
0.175	2	35	0.582310492751842
0.25531914893617	2	35	0.582310492751842
0.275	2	35	0.582310492751842
0.75	2	35	0.582310492751842
0.264705882352941	2	35	0.582310492751842
0.297872340425532	2	35	0.582310492751842
0.32	2	35	0.582310492751842
0.206896551724138	2	35	0.582310492751842
0.333333333333333	2	35	0.582310492751842
0.315789473684211	2	35	0.582310492751842
0.266666666666667	2	35	0.582310492751842
0.323529411764706	2	35	0.582310492751842
0.305555555555556	2	35	0.582310492751842
0.4	2	35	0.582310492751842
0.260869565217391	2	35	0.582310492751842
0.21875	2	35	0.582310492751842
0.192307692307692	2	35	0.582310492751842
0.263157894736842	2	35	0.582310492751842
0.40625	2	35	0.582310492751842
0.105263157894737	2	35	0.582310492751842
0.272727272727273	2	35	0.582310492751842
0.372093023255814	2	35	0.582310492751842
0.441176470588235	2	35	0.582310492751842
0.333333333333333	2	35	0.582310492751842
0.222222222222222	2	35	0.582310492751842
0.162162162162162	2	35	0.582310492751842
0.27906976744186	2	35	0.582310492751842
0.266666666666667	2	35	0.582310492751842
0.245283018867925	2	35	0.582310492751842
0.171428571428571	2	35	0.582310492751842
0.121212121212121	2	35	0.582310492751842
0.243243243243243	2	35	0.582310492751842
0.125	2	35	0.582310492751842
0.448275862068966	2	35	0.582310492751842
0.205882352941176	2	35	0.582310492751842
0.325	2	35	0.582310492751842
0.30952380952381	2	35	0.582310492751842
0.121212121212121	2	35	0.582310492751842
0.4	2	35	0.582310492751842
0.1875	2	35	0.582310492751842
0.171428571428571	2	35	0.582310492751842
0.285714285714286	2	35	0.582310492751842
0.454545454545455	2	35	0.582310492751842
0.259259259259259	2	35	0.582310492751842
0.25	2	35	0.582310492751842
0.243243243243243	2	35	0.582310492751842
0.433333333333333	2	35	0.582310492751842
0.441176470588235	2	35	0.582310492751842
0.393939393939394	2	35	0.582310492751842
0.529411764705882	2	35	0.582310492751842
0.268292682926829	2	35	0.582310492751842
0.354838709677419	2	35	0.582310492751842
0.333333333333333	2	35	0.582310492751842
0.259259259259259	2	35	0.582310492751842
0.117647058823529	2	35	0.582310492751842
0.1	2	35	0.582310492751842
0.317073170731707	2	35	0.582310492751842
0.30952380952381	2	35	0.582310492751842
0.333333333333333	2	35	0.582310492751842
0.244444444444444	2	35	0.582310492751842
0.24390243902439	2	35	0.582310492751842
0.32258064516129	2	35	0.582310492751842
0.25	2	35	0.582310492751842
0.416666666666667	2	35	0.582310492751842
0.285714285714286	2	35	0.582310492751842
0.189189189189189	2	35	0.582310492751842
0.346153846153846	2	35	0.582310492751842
0.272727272727273	2	35	0.582310492751842
0.260869565217391	2	35	0.582310492751842
0.121951219512195	2	35	0.582310492751842
0.394736842105263	2	35	0.582310492751842
0.354838709677419	2	35	0.582310492751842
0.318181818181818	2	35	0.582310492751842
0.391304347826087	2	35	0.582310492751842
0.419354838709677	2	35	0.582310492751842
0.318181818181818	2	35	0.582310492751842
0.127659574468085	2	35	0.582310492751842
0.256410256410256	2	35	0.582310492751842
0.216216216216216	2	35	0.582310492751842
0.303030303030303	2	35	0.582310492751842
0.222222222222222	2	35	0.582310492751842
0.24390243902439	2	35	0.582310492751842
0.214285714285714	2	35	0.582310492751842
0.414634146341463	2	35	0.582310492751842
0.295454545454545	2	35	0.582310492751842
0.382352941176471	2	35	0.582310492751842
0.342105263157895	2	35	0.582310492751842
0.357142857142857	2	35	0.582310492751842
0.238095238095238	2	35	0.582310492751842
0.131578947368421	2	35	0.582310492751842
0.352941176470588	2	35	0.582310492751842
0.266666666666667	2	35	0.582310492751842
0.1875	2	35	0.582310492751842
0.230769230769231	2	35	0.582310492751842
0.102040816326531	2	35	0.582310492751842
0.333333333333333	2	35	0.582310492751842
0.272727272727273	2	35	0.582310492751842
0.166666666666667	2	35	0.582310492751842
0.27027027027027	2	35	0.582310492751842
0.117647058823529	2	35	0.582310492751842
0.142857142857143	2	35	0.582310492751842
0.192307692307692	2	35	0.582310492751842
0.210526315789474	2	35	0.582310492751842
0.30952380952381	2	35	0.582310492751842
0.387096774193548	2	35	0.582310492751842
0.318181818181818	2	35	0.582310492751842
0.315789473684211	2	35	0.582310492751842
0.285714285714286	2	35	0.582310492751842
0.259259259259259	2	35	0.582310492751842
0.138888888888889	2	35	0.582310492751842
0.314285714285714	2	35	0.582310492751842
0.288461538461538	2	35	0.582310492751842
0.264705882352941	2	35	0.582310492751842
0.263157894736842	2	35	0.582310492751842
0.352941176470588	2	35	0.582310492751842
0.173913043478261	2	35	0.582310492751842
0.225	2	35	0.582310492751842
0.333333333333333	2	35	0.582310492751842
0.142857142857143	2	35	0.582310492751842
0.416666666666667	2	35	0.582310492751842
0.407407407407407	2	35	0.582310492751842
0.296296296296296	2	35	0.582310492751842
0.285714285714286	2	35	0.582310492751842
0.128205128205128	2	35	0.582310492751842
0.261904761904762	2	35	0.582310492751842
0.25	2	35	0.582310492751842
0.295454545454545	2	35	0.582310492751842
0.314285714285714	2	35	0.582310492751842
0.256410256410256	2	35	0.582310492751842
0.107142857142857	2	35	0.582310492751842
0.324324324324324	2	35	0.582310492751842
0.235294117647059	2	35	0.582310492751842
0.294117647058824	2	35	0.582310492751842
0.27027027027027	2	35	0.582310492751842
0.30952380952381	2	35	0.582310492751842
0.1875	2	35	0.582310492751842
0.323529411764706	2	35	0.582310492751842
0.304347826086957	2	35	0.582310492751842
0.256410256410256	2	35	0.582310492751842
0.129032258064516	2	35	0.582310492751842
0.255813953488372	2	35	0.582310492751842
0.125	2	35	0.582310492751842
0.379310344827586	2	35	0.582310492751842
0.365853658536585	2	35	0.582310492751842
0.25	2	35	0.582310492751842
0.25	2	35	0.582310492751842
0.428571428571429	2	35	0.582310492751842
0.272727272727273	2	35	0.582310492751842
0.310344827586207	2	35	0.582310492751842
0.227272727272727	2	35	0.582310492751842
0.310344827586207	2	35	0.582310492751842
0.264705882352941	2	35	0.582310492751842
0.304347826086957	2	35	0.582310492751842
0.382352941176471	2	35	0.582310492751842
0.21875	2	35	0.582310492751842
0.292682926829268	2	35	0.582310492751842
0.361111111111111	2	35	0.582310492751842
0.305555555555556	2	35	0.582310492751842
0.297297297297297	2	35	0.582310492751842
0.157894736842105	2	35	0.582310492751842
0.382352941176471	2	35	0.582310492751842
0.416666666666667	2	35	0.582310492751842
0.405405405405405	2	35	0.582310492751842
0.354838709677419	2	35	0.582310492751842
0.275	2	35	0.582310492751842
0.172413793103448	2	35	0.582310492751842
0.2	2	35	0.582310492751842
0.282051282051282	2	35	0.582310492751842
0.241379310344828	2	35	0.582310492751842
0.344827586206897	2	35	0.582310492751842
0.227272727272727	2	35	0.582310492751842
0.232558139534884	2	35	0.582310492751842
0.129032258064516	2	35	0.582310492751842
0.3	2	35	0.582310492751842
0.416666666666667	2	35	0.582310492751842
0.238095238095238	2	35	0.582310492751842
0.365853658536585	2	35	0.582310492751842
0.258064516129032	2	35	0.582310492751842
0.166666666666667	2	35	0.582310492751842
0.263157894736842	2	35	0.582310492751842
0.424242424242424	2	35	0.582310492751842
0.285714285714286	2	35	0.582310492751842
0.176470588235294	2	35	0.582310492751842
0.304347826086957	2	35	0.582310492751842
0.4	2	35	0.582310492751842
0.121212121212121	2	35	0.582310492751842
0.324324324324324	2	35	0.582310492751842
0.138888888888889	2	35	0.582310492751842
0.25	2	35	0.582310492751842
0.27027027027027	2	35	0.582310492751842
0.276595744680851	2	35	0.582310492751842
0.325	2	35	0.582310492751842
0.297297297297297	2	35	0.582310492751842
0.3125	2	35	0.582310492751842
0.315789473684211	2	35	0.582310492751842
0.346153846153846	2	35	0.582310492751842
0.421052631578947	2	35	0.582310492751842
0.234042553191489	2	35	0.582310492751842
0.379310344827586	2	35	0.582310492751842
0.103448275862069	2	35	0.582310492751842
0.264705882352941	2	35	0.582310492751842
0.162790697674419	2	35	0.582310492751842
0.352941176470588	2	35	0.582310492751842
0.216216216216216	2	35	0.582310492751842
0.204545454545455	2	35	0.582310492751842
0.282608695652174	2	35	0.582310492751842
0.131578947368421	2	35	0.582310492751842
0.42	2	35	0.582310492751842
0.272727272727273	2	35	0.582310492751842
0.392156862745098	2	35	0.582310492751842
0.375	2	35	0.582310492751842
0.225806451612903	2	35	0.582310492751842
0.230769230769231	2	35	0.582310492751842
0.485714285714286	2	35	0.582310492751842
0.369565217391304	2	35	0.582310492751842
0.317073170731707	2	35	0.582310492751842
0.368421052631579	2	35	0.582310492751842
0.422222222222222	2	35	0.582310492751842
0.303030303030303	2	35	0.582310492751842
0.358974358974359	2	35	0.582310492751842
0.195121951219512	2	35	0.582310492751842
0.3	2	35	0.582310492751842
0.241379310344828	2	35	0.582310492751842
0.333333333333333	2	35	0.582310492751842
0.344827586206897	2	35	0.582310492751842
0.26530612244898	2	35	0.582310492751842
0.294117647058824	2	35	0.582310492751842
0.30952380952381	2	35	0.582310492751842
0.256410256410256	2	35	0.582310492751842
0.181818181818182	2	35	0.582310492751842
0.148936170212766	2	35	0.582310492751842
0.326086956521739	2	35	0.582310492751842
0.433333333333333	2	35	0.582310492751842
0.341463414634146	2	35	0.582310492751842
0.25	2	35	0.582310492751842
0.24	2	35	0.582310492751842
0.217391304347826	2	35	0.582310492751842
0.340425531914894	2	35	0.582310492751842
0.325	2	35	0.582310492751842
0.259259259259259	2	35	0.582310492751842
0.268292682926829	2	35	0.582310492751842
0.244444444444444	2	35	0.582310492751842
0.333333333333333	2	35	0.582310492751842
0.4	2	35	0.582310492751842
0.235294117647059	2	35	0.582310492751842
0.375	2	35	0.582310492751842
0.142857142857143	2	35	0.582310492751842
0.340909090909091	2	35	0.582310492751842
0.325581395348837	2	35	0.582310492751842
0.3125	2	35	0.582310492751842
0.113636363636364	2	35	0.582310492751842
0.263157894736842	2	35	0.582310492751842
0.285714285714286	2	35	0.582310492751842
0.320754716981132	2	35	0.582310492751842
0.241379310344828	2	35	0.582310492751842
0.357142857142857	2	35	0.582310492751842
0.235294117647059	2	35	0.582310492751842
0.348837209302326	2	35	0.582310492751842
0.290322580645161	2	35	0.582310492751842
0.25531914893617	2	35	0.582310492751842
0.388888888888889	2	35	0.582310492751842
0.297297297297297	2	35	0.582310492751842
0.302325581395349	2	35	0.582310492751842
0.155555555555556	2	35	0.582310492751842
0.222222222222222	2	35	0.582310492751842
0.289473684210526	2	35	0.582310492751842
0.340909090909091	2	35	0.582310492751842
0.208333333333333	2	35	0.582310492751842
0.0806451612903226	2	35	0.582310492751842
0.266666666666667	2	35	0.582310492751842
0.195121951219512	2	35	0.582310492751842
0.233333333333333	2	35	0.582310492751842
0.27027027027027	2	35	0.582310492751842
0.272727272727273	2	35	0.582310492751842
0.111111111111111	2	35	0.582310492751842
0.210526315789474	2	35	0.582310492751842
0.242424242424242	2	35	0.582310492751842
0.25531914893617	2	35	0.582310492751842
0.222222222222222	2	35	0.582310492751842
0.225	2	35	0.582310492751842
0.104166666666667	2	35	0.582310492751842
0.315789473684211	2	35	0.582310492751842
0.24390243902439	2	35	0.582310492751842
0.5	2	35	0.582310492751842
0.5	2	35	0.582310492751842
0.294117647058824	2	35	0.582310492751842
0.325	2	35	0.582310492751842
0.176470588235294	2	35	0.582310492751842
0.365853658536585	2	35	0.582310492751842
0.24	2	35	0.582310492751842
0.227272727272727	2	35	0.582310492751842
0.314285714285714	2	35	0.582310492751842
0.108695652173913	2	35	0.582310492751842
0.217391304347826	2	35	0.582310492751842
0.146341463414634	2	35	0.582310492751842
0.234042553191489	2	35	0.582310492751842
0.342857142857143	2	35	0.582310492751842
0.28125	2	35	0.582310492751842
0.40625	2	35	0.582310492751842
0.207547169811321	2	35	0.582310492751842
0.257142857142857	2	35	0.582310492751842
0.379310344827586	2	35	0.582310492751842
0.30952380952381	2	35	0.582310492751842
0.24390243902439	2	35	0.582310492751842
0.395348837209302	2	35	0.582310492751842
0.333333333333333	2	35	0.582310492751842
0.0909090909090909	2	35	0.582310492751842
0.454545454545455	2	35	0.582310492751842
0.302325581395349	2	35	0.582310492751842
0.295454545454545	2	35	0.582310492751842
0.285714285714286	2	35	0.582310492751842
0.214285714285714	2	35	0.582310492751842
0.277777777777778	2	35	0.582310492751842
0.282608695652174	2	35	0.582310492751842
0.378378378378378	2	35	0.582310492751842
0.411764705882353	2	35	0.582310492751842
0.4	2	35	0.582310492751842
0.285714285714286	2	35	0.582310492751842
0.461538461538462	2	35	0.582310492751842
0.386363636363636	2	35	0.582310492751842
0.342105263157895	2	35	0.582310492751842
0.181818181818182	2	35	0.582310492751842
0.409090909090909	2	35	0.582310492751842
0.2	2	35	0.582310492751842
0.41025641025641	2	35	0.582310492751842
0.266666666666667	2	35	0.582310492751842
0.113636363636364	2	35	0.582310492751842
0.325581395348837	2	35	0.582310492751842
0.272727272727273	2	35	0.582310492751842
0.216216216216216	2	35	0.582310492751842
0.32258064516129	2	35	0.582310492751842
0.418604651162791	2	35	0.582310492751842
0.382352941176471	2	35	0.582310492751842
0.388888888888889	2	35	0.582310492751842
0.257142857142857	2	35	0.582310492751842
0.3	2	35	0.582310492751842
0.195121951219512	2	35	0.582310492751842
0.216216216216216	2	35	0.582310492751842
0.206896551724138	2	35	0.582310492751842
0.30952380952381	2	35	0.582310492751842
0.121951219512195	2	35	0.582310492751842
0.288888888888889	2	35	0.582310492751842
0.204081632653061	2	35	0.582310492751842
0.347826086956522	2	35	0.582310492751842
0.351351351351351	2	35	0.582310492751842
0.264705882352941	2	35	0.582310492751842
0.228571428571429	2	35	0.582310492751842
0.323529411764706	2	35	0.582310492751842
0.27027027027027	2	35	0.582310492751842
0.26	2	35	0.582310492751842
0.282051282051282	2	35	0.582310492751842
0.222222222222222	2	35	0.582310492751842
0.431818181818182	2	35	0.582310492751842
0.341463414634146	2	35	0.582310492751842
0.184210526315789	2	35	0.582310492751842
0.228571428571429	2	35	0.582310492751842
0.222222222222222	2	35	0.582310492751842
0.257142857142857	2	35	0.582310492751842
0.333333333333333	2	35	0.582310492751842
0.117647058823529	2	35	0.582310492751842
0.127659574468085	2	35	0.582310492751842
0.342105263157895	2	35	0.582310492751842
0.30188679245283	2	35	0.582310492751842
0.297297297297297	2	35	0.582310492751842
0.296296296296296	2	35	0.582310492751842
0.372093023255814	2	35	0.582310492751842
0.189189189189189	2	35	0.582310492751842
0.177777777777778	2	35	0.582310492751842
0.207547169811321	2	35	0.582310492751842
0.275	2	35	0.582310492751842
0.326086956521739	2	35	0.582310492751842
0.38	2	35	0.582310492751842
0.209302325581395	2	35	0.582310492751842
0.227272727272727	2	35	0.582310492751842
0.227272727272727	2	35	0.582310492751842
0.24	2	35	0.582310492751842
0.294117647058824	2	35	0.582310492751842
0.424242424242424	2	35	0.582310492751842
0.418604651162791	2	35	0.582310492751842
0.206896551724138	2	35	0.582310492751842
0.290322580645161	2	35	0.582310492751842
0.28	2	35	0.582310492751842
0.285714285714286	2	35	0.582310492751842
0.321428571428571	2	35	0.582310492751842
0.405405405405405	2	35	0.582310492751842
0.142857142857143	2	35	0.582310492751842
0.136363636363636	2	35	0.582310492751842
0.325581395348837	2	35	0.582310492751842
0.355555555555556	2	35	0.582310492751842
0.259259259259259	2	35	0.582310492751842
0.4	2	35	0.582310492751842
0.272727272727273	2	35	0.582310492751842
0.473684210526316	2	35	0.582310492751842
0.170731707317073	2	35	0.582310492751842
0.314285714285714	2	35	0.582310492751842
0.314285714285714	2	35	0.582310492751842
0.608695652173913	2	35	0.582310492751842
0.36734693877551	2	35	0.582310492751842
0.34375	2	35	0.582310492751842
0.310344827586207	2	35	0.582310492751842
0.314285714285714	2	35	0.582310492751842
0.27027027027027	2	35	0.582310492751842
0.129032258064516	2	35	0.582310492751842
0.380952380952381	2	35	0.582310492751842
0.230769230769231	2	35	0.582310492751842
0.423076923076923	2	35	0.582310492751842
0.357142857142857	2	35	0.582310492751842
0.129032258064516	2	35	0.582310492751842
0.235294117647059	2	35	0.582310492751842
0.555555555555556	2	35	0.582310492751842
0.130434782608696	2	35	0.582310492751842
0.230769230769231	2	35	0.582310492751842
0.206896551724138	2	35	0.582310492751842
0.21875	2	35	0.582310492751842
0.4	2	35	0.582310492751842
0.266666666666667	2	35	0.582310492751842
0.12	2	35	0.582310492751842
0.125	2	35	0.582310492751842
0.222222222222222	2	35	0.582310492751842
0.176470588235294	2	35	0.582310492751842
0.125	2	35	0.582310492751842
0.148148148148148	2	35	0.582310492751842
0.16	2	35	0.582310492751842
0.121212121212121	2	35	0.582310492751842
0.258064516129032	2	35	0.582310492751842
0.333333333333333	2	35	0.582310492751842
0.210526315789474	2	35	0.582310492751842
0.111111111111111	2	35	0.582310492751842
0.107142857142857	2	35	0.582310492751842
0.125	2	35	0.582310492751842
0.135135135135135	2	35	0.582310492751842
0.290322580645161	2	35	0.582310492751842
0.340909090909091	2	35	0.582310492751842
0.625	2	35	0.582310492751842
0.378378378378378	2	35	0.582310492751842
0.363636363636364	2	35	0.582310492751842
0.257142857142857	2	35	0.582310492751842
0.285714285714286	2	35	0.582310492751842
0.212121212121212	2	35	0.582310492751842
0.405405405405405	2	35	0.582310492751842
0.166666666666667	2	35	0.582310492751842
0.357142857142857	2	35	0.582310492751842
0.407407407407407	2	35	0.582310492751842
0.305555555555556	2	35	0.582310492751842
0.3125	2	35	0.582310492751842
0.259259259259259	2	35	0.582310492751842
0.153846153846154	2	35	0.582310492751842
0.2	2	35	0.582310492751842
0.34375	2	35	0.582310492751842
0.137931034482759	2	35	0.582310492751842
0.454545454545455	2	35	0.582310492751842
0.411764705882353	2	35	0.582310492751842
0.371428571428571	2	35	0.582310492751842
0.162162162162162	2	35	0.582310492751842
0.379310344827586	2	35	0.582310492751842
0.4375	2	35	0.582310492751842
0.418604651162791	2	35	0.582310492751842
0.193548387096774	2	35	0.582310492751842
0.15625	2	35	0.582310492751842
0.161290322580645	2	35	0.582310492751842
0.236842105263158	2	35	0.582310492751842
0.36	2	35	0.582310492751842
0.28	2	35	0.582310492751842
0.35	2	35	0.582310492751842
0.435897435897436	2	35	0.582310492751842
0.28	2	35	0.582310492751842
0.228571428571429	2	35	0.582310492751842
0.387096774193548	2	35	0.582310492751842
0.4	2	35	0.582310492751842
0.147058823529412	2	35	0.582310492751842
0.321428571428571	2	35	0.582310492751842
0.111111111111111	2	35	0.582310492751842
0.416666666666667	2	35	0.582310492751842
0.323529411764706	2	35	0.582310492751842
0.171428571428571	2	35	0.582310492751842
0.264705882352941	2	35	0.582310492751842
0.194444444444444	2	35	0.582310492751842
0.21875	2	35	0.582310492751842
0.121212121212121	2	35	0.582310492751842
0.105263157894737	2	35	0.582310492751842
0.303030303030303	2	35	0.582310492751842
0.375	2	35	0.582310492751842
0.222222222222222	2	35	0.582310492751842
0.419354838709677	2	35	0.582310492751842
0.12	2	35	0.582310492751842
0.266666666666667	2	35	0.582310492751842
0.113636363636364	2	35	0.582310492751842
0.421052631578947	2	35	0.582310492751842
0.290322580645161	2	35	0.582310492751842
0.416666666666667	2	35	0.582310492751842
0.227272727272727	2	35	0.582310492751842
0.195121951219512	2	35	0.582310492751842
0.272727272727273	2	35	0.582310492751842
0.37037037037037	2	35	0.582310492751842
0.354838709677419	2	35	0.582310492751842
0.321428571428571	2	35	0.582310492751842
0.435897435897436	2	35	0.582310492751842
0.346153846153846	2	35	0.582310492751842
0.1875	2	35	0.582310492751842
0.325	2	35	0.582310492751842
0.185185185185185	2	35	0.582310492751842
0.21875	2	35	0.582310492751842
0.264705882352941	2	35	0.582310492751842
0.142857142857143	2	35	0.582310492751842
0.185185185185185	2	35	0.582310492751842
0.264705882352941	2	35	0.582310492751842
0.129032258064516	2	35	0.582310492751842
0.40625	2	35	0.582310492751842
0.379310344827586	2	35	0.582310492751842
0.0967741935483871	2	35	0.582310492751842
0.117647058823529	2	35	0.582310492751842
0.444444444444444	2	35	0.582310492751842
0.131578947368421	2	35	0.582310492751842
0.36	2	35	0.582310492751842
0.125	2	35	0.582310492751842
0.176470588235294	2	35	0.582310492751842
0.314285714285714	2	35	0.582310492751842
0.285714285714286	2	35	0.582310492751842
0.133333333333333	2	35	0.582310492751842
0.137931034482759	2	35	0.582310492751842
0.285714285714286	2	35	0.582310492751842
0.315789473684211	2	35	0.582310492751842
0.178571428571429	2	35	0.582310492751842
0.409090909090909	2	35	0.582310492751842
0.138888888888889	2	35	0.582310492751842
0.288888888888889	2	35	0.582310492751842
0.107142857142857	2	35	0.582310492751842
0.464285714285714	2	35	0.582310492751842
0.24	2	35	0.582310492751842
0.171428571428571	2	35	0.582310492751842
0.314285714285714	2	35	0.582310492751842
0.184210526315789	2	35	0.582310492751842
0.392857142857143	2	35	0.582310492751842
0.387096774193548	2	35	0.582310492751842
0.222222222222222	2	35	0.582310492751842
0.424242424242424	2	35	0.582310492751842
0.142857142857143	2	35	0.582310492751842
0.285714285714286	2	35	0.582310492751842
0.358974358974359	2	35	0.582310492751842
0.324324324324324	2	35	0.582310492751842
0.352941176470588	2	35	0.582310492751842
0.148148148148148	2	35	0.582310492751842
0.37037037037037	2	35	0.582310492751842
0.230769230769231	2	35	0.582310492751842
0.363636363636364	2	35	0.582310492751842
0.290322580645161	2	35	0.582310492751842
0.35	2	35	0.582310492751842
0.208333333333333	2	35	0.582310492751842
0.234042553191489	2	35	0.582310492751842
0.228571428571429	2	35	0.582310492751842
0.333333333333333	2	35	0.582310492751842
0.119047619047619	2	35	0.582310492751842
0.346153846153846	2	35	0.582310492751842
0.113636363636364	2	35	0.582310492751842
0.324324324324324	2	35	0.582310492751842
0.416666666666667	2	35	0.582310492751842
0.292682926829268	2	35	0.582310492751842
0.157894736842105	2	35	0.582310492751842
0.263157894736842	2	35	0.582310492751842
0.351351351351351	2	35	0.582310492751842
0.241379310344828	2	35	0.582310492751842
0.104166666666667	2	35	0.582310492751842
0.235294117647059	2	35	0.582310492751842
0.204545454545455	2	35	0.582310492751842
0.264705882352941	2	35	0.582310492751842
0.282051282051282	2	35	0.582310492751842
0.421052631578947	2	35	0.582310492751842
0.24390243902439	2	35	0.582310492751842
0.333333333333333	2	35	0.582310492751842
0.236842105263158	2	35	0.582310492751842
0.285714285714286	2	35	0.582310492751842
0.191489361702128	2	35	0.582310492751842
0.361111111111111	2	35	0.582310492751842
0.272727272727273	2	35	0.582310492751842
0.181818181818182	2	35	0.582310492751842
0.347826086956522	2	35	0.582310492751842
0.235294117647059	2	35	0.582310492751842
0.204545454545455	2	35	0.582310492751842
0.302325581395349	2	35	0.582310492751842
0.264705882352941	2	35	0.582310492751842
0.102564102564103	2	35	0.582310492751842
0.233333333333333	2	35	0.582310492751842
0.314285714285714	2	35	0.582310492751842
0.307692307692308	2	35	0.582310492751842
0.333333333333333	2	35	0.582310492751842
0.242424242424242	2	35	0.582310492751842
0.113207547169811	2	35	0.582310492751842
0.291666666666667	2	35	0.582310492751842
0.428571428571429	2	35	0.582310492751842
0.323529411764706	2	35	0.582310492751842
0.257142857142857	2	35	0.582310492751842
0.325	2	35	0.582310492751842
0.25	2	35	0.582310492751842
0.27906976744186	2	35	0.582310492751842
0.131578947368421	2	35	0.582310492751842
0.233333333333333	2	35	0.582310492751842
0.266666666666667	2	35	0.582310492751842
0.268292682926829	2	35	0.582310492751842
0.3125	2	35	0.582310492751842
0.395348837209302	2	35	0.582310492751842
0.333333333333333	2	35	0.582310492751842
0.351351351351351	2	35	0.582310492751842
0.307692307692308	2	35	0.582310492751842
0.305555555555556	2	35	0.582310492751842
0.25	2	35	0.582310492751842
0.21875	2	35	0.582310492751842
0.166666666666667	2	35	0.582310492751842
0.333333333333333	2	35	0.582310492751842
0.352941176470588	2	35	0.582310492751842
0.185185185185185	2	35	0.582310492751842
0.212765957446809	2	35	0.582310492751842
0.212765957446809	2	35	0.582310492751842
0.32	2	35	0.582310492751842
0.363636363636364	2	35	0.582310492751842
0.285714285714286	2	35	0.582310492751842
0.261904761904762	2	35	0.582310492751842
0.222222222222222	2	35	0.582310492751842
0.318181818181818	2	35	0.582310492751842
0.371428571428571	2	35	0.582310492751842
0.4	2	35	0.582310492751842
0.297297297297297	2	35	0.582310492751842
0.196078431372549	2	35	0.582310492751842
0.2	2	35	0.582310492751842
0.1	2	35	0.582310492751842
0.285714285714286	2	35	0.582310492751842
0.28	2	35	0.582310492751842
0.303030303030303	2	35	0.582310492751842
0.428571428571429	2	35	0.582310492751842
0.315789473684211	2	35	0.582310492751842
0.264705882352941	2	35	0.582310492751842
0.2	2	35	0.582310492751842
0.363636363636364	2	35	0.582310492751842
0.272727272727273	2	35	0.582310492751842
0.166666666666667	2	35	0.582310492751842
0.258064516129032	2	35	0.582310492751842
0.142857142857143	2	35	0.582310492751842
0.236842105263158	2	35	0.582310492751842
0.304347826086957	2	35	0.582310492751842
0.428571428571429	2	35	0.582310492751842
0.275	2	35	0.582310492751842
0.3	2	35	0.582310492751842
0.111111111111111	2	35	0.582310492751842
0.121212121212121	2	35	0.582310492751842
0.28125	2	35	0.582310492751842
0.195121951219512	2	35	0.582310492751842
0.266666666666667	2	35	0.582310492751842
0.352941176470588	2	35	0.582310492751842
0.340425531914894	2	35	0.582310492751842
0.166666666666667	2	35	0.582310492751842
0.333333333333333	2	35	0.582310492751842
0.244444444444444	2	35	0.582310492751842
0.302325581395349	2	35	0.582310492751842
0.297297297297297	2	35	0.582310492751842
0.266666666666667	2	35	0.582310492751842
0.466666666666667	2	35	0.582310492751842
0.205128205128205	2	35	0.582310492751842
0.3125	2	35	0.582310492751842
0.341463414634146	2	35	0.582310492751842
0.1875	2	35	0.582310492751842
0.266666666666667	2	35	0.582310492751842
0.294117647058824	2	35	0.582310492751842
0.255813953488372	2	35	0.582310492751842
0.233333333333333	2	35	0.582310492751842
0.407407407407407	2	35	0.582310492751842
0.347826086956522	2	35	0.582310492751842
0.166666666666667	2	35	0.582310492751842
0.317073170731707	2	35	0.582310492751842
0.179487179487179	2	35	0.582310492751842
0.325581395348837	2	35	0.582310492751842
0.155555555555556	2	35	0.582310492751842
0.36	2	35	0.582310492751842
0.217391304347826	2	35	0.582310492751842
0.3	2	35	0.582310492751842
0.34375	2	35	0.582310492751842
0.176470588235294	2	35	0.582310492751842
0.307692307692308	2	35	0.582310492751842
0.212765957446809	2	35	0.582310492751842
0.37037037037037	2	35	0.582310492751842
0.138888888888889	2	35	0.582310492751842
0.347826086956522	2	35	0.582310492751842
0.4	2	35	0.582310492751842
0.377358490566038	2	35	0.582310492751842
0.184210526315789	2	35	0.582310492751842
0.0909090909090909	2	35	0.582310492751842
0.242424242424242	2	35	0.582310492751842
0.266666666666667	2	35	0.582310492751842
0.25	2	35	0.582310492751842
0.333333333333333	2	35	0.582310492751842
0.30952380952381	2	35	0.582310492751842
0.297297297297297	2	35	0.582310492751842
0.243243243243243	2	35	0.582310492751842
0.307692307692308	2	35	0.582310492751842
0.307692307692308	2	35	0.582310492751842
0.243243243243243	2	35	0.582310492751842
0.275	2	35	0.582310492751842
0.323529411764706	2	35	0.582310492751842
0.323529411764706	2	35	0.582310492751842
0.21875	2	35	0.582310492751842
0.225806451612903	2	35	0.582310492751842
0.178571428571429	2	35	0.582310492751842
0.108695652173913	2	35	0.582310492751842
0.261904761904762	2	35	0.582310492751842
0.212121212121212	2	35	0.582310492751842
0.0857142857142857	2	35	0.582310492751842
0.365853658536585	2	35	0.582310492751842
0.333333333333333	2	35	0.582310492751842
0.305555555555556	2	35	0.582310492751842
0.344827586206897	2	35	0.582310492751842
0.13953488372093	2	35	0.582310492751842
0.178571428571429	2	35	0.582310492751842
0.205128205128205	2	35	0.582310492751842
0.191489361702128	2	35	0.582310492751842
0.348837209302326	2	35	0.582310492751842
0.244444444444444	2	35	0.582310492751842
0.325	2	35	0.582310492751842
0.333333333333333	2	35	0.582310492751842
0.282051282051282	2	35	0.582310492751842
0.375	2	35	0.582310492751842
0.25	2	35	0.582310492751842
0.285714285714286	2	35	0.582310492751842
0.233333333333333	2	35	0.582310492751842
0.261904761904762	2	35	0.582310492751842
0.236842105263158	2	35	0.582310492751842
0.116279069767442	2	35	0.582310492751842
0.266666666666667	2	35	0.582310492751842
0.142857142857143	2	35	0.582310492751842
0.217391304347826	2	35	0.582310492751842
0.285714285714286	2	35	0.582310492751842
0.318181818181818	2	35	0.582310492751842
0.333333333333333	2	35	0.582310492751842
0.21875	2	35	0.582310492751842
0.371428571428571	2	35	0.582310492751842
0.117647058823529	2	35	0.582310492751842
0.3	2	35	0.582310492751842
0.19047619047619	2	35	0.582310492751842
0.24390243902439	2	35	0.582310492751842
0.241379310344828	2	35	0.582310492751842
0.333333333333333	2	35	0.582310492751842
0.263157894736842	2	35	0.582310492751842
0.708333333333333	2	35	0.582310492751842
0.189189189189189	2	35	0.582310492751842
0.324324324324324	2	35	0.582310492751842
0.321428571428571	2	35	0.582310492751842
0.323529411764706	2	35	0.582310492751842
0.384615384615385	2	35	0.582310492751842
0.391304347826087	2	35	0.582310492751842
0.21875	2	35	0.582310492751842
0.216216216216216	2	35	0.582310492751842
0.230769230769231	2	35	0.582310492751842
0.240740740740741	2	35	0.582310492751842
0.294117647058824	2	35	0.582310492751842
0.214285714285714	2	35	0.582310492751842
0.325581395348837	2	35	0.582310492751842
0.382352941176471	2	35	0.582310492751842
0.28125	2	35	0.582310492751842
0.171428571428571	2	35	0.582310492751842
0.25	2	35	0.582310492751842
0.216216216216216	2	35	0.582310492751842
0.15625	2	35	0.582310492751842
0.25	2	35	0.582310492751842
0.351351351351351	2	35	0.582310492751842
0.285714285714286	2	35	0.582310492751842
0.171428571428571	2	35	0.582310492751842
0.357142857142857	2	35	0.582310492751842
0.116279069767442	2	35	0.582310492751842
0.216216216216216	2	35	0.582310492751842
0.151515151515152	2	35	0.582310492751842
0.258064516129032	2	35	0.582310492751842
0.212121212121212	2	35	0.582310492751842
0.333333333333333	2	35	0.582310492751842
0.222222222222222	2	35	0.582310492751842
0.22	2	35	0.582310492751842
0.256410256410256	2	35	0.582310492751842
0.179487179487179	2	35	0.582310492751842
0.111111111111111	2	35	0.582310492751842
0.292682926829268	2	35	0.582310492751842
0.146341463414634	2	35	0.582310492751842
0.1	2	35	0.582310492751842
0.380952380952381	2	35	0.582310492751842
0.269230769230769	2	35	0.582310492751842
0.195121951219512	2	35	0.582310492751842
0.303030303030303	2	35	0.582310492751842
0.256410256410256	2	35	0.582310492751842
0.216216216216216	2	35	0.582310492751842
0.435897435897436	2	35	0.582310492751842
0.311111111111111	2	35	0.582310492751842
0.282051282051282	2	35	0.582310492751842
0.28125	2	35	0.582310492751842
0.428571428571429	2	35	0.582310492751842
0.243243243243243	2	35	0.582310492751842
0.4	2	35	0.582310492751842
0.27027027027027	2	35	0.582310492751842
0.111111111111111	2	35	0.582310492751842
0.232558139534884	2	35	0.582310492751842
0.225	2	35	0.582310492751842
0.193548387096774	2	35	0.582310492751842
0.466666666666667	2	35	0.582310492751842
0.321428571428571	2	35	0.582310492751842
0.368421052631579	2	35	0.582310492751842
0.225806451612903	2	35	0.582310492751842
0.294117647058824	2	35	0.582310492751842
0.205128205128205	2	35	0.582310492751842
0.30952380952381	2	35	0.582310492751842
0.24	2	35	0.582310492751842
0.268292682926829	2	35	0.582310492751842
0.352941176470588	2	35	0.582310492751842
0.241379310344828	2	35	0.582310492751842
0.323529411764706	2	35	0.582310492751842
0.257142857142857	2	35	0.582310492751842
0.290322580645161	2	35	0.582310492751842
0.30952380952381	2	35	0.582310492751842
0.311111111111111	2	35	0.582310492751842
0.297297297297297	2	35	0.582310492751842
0.25	2	35	0.582310492751842
0.244444444444444	2	35	0.582310492751842
0.236842105263158	2	35	0.582310492751842
0.352941176470588	2	35	0.582310492751842
0.333333333333333	2	35	0.582310492751842
0.146341463414634	2	35	0.582310492751842
0.314285714285714	2	35	0.582310492751842
0.292682926829268	2	35	0.582310492751842
0.333333333333333	2	35	0.582310492751842
0.194444444444444	2	35	0.582310492751842
0.296296296296296	2	35	0.582310492751842
0.381818181818182	2	35	0.582310492751842
0.24	2	35	0.582310492751842
0.282051282051282	2	35	0.582310492751842
0.357142857142857	2	35	0.582310492751842
0.392857142857143	2	35	0.582310492751842
0.24	2	35	0.582310492751842
0.35	2	35	0.582310492751842
0.193548387096774	2	35	0.582310492751842
0.161290322580645	2	35	0.582310492751842
0.357142857142857	2	35	0.582310492751842
0.12	2	35	0.582310492751842
0.304347826086957	2	35	0.582310492751842
0.142857142857143	2	35	0.582310492751842
0.324324324324324	2	35	0.582310492751842
0.109090909090909	2	35	0.582310492751842
0.19047619047619	2	35	0.582310492751842
0.239130434782609	2	35	0.582310492751842
0.285714285714286	2	35	0.582310492751842
0.189189189189189	2	35	0.582310492751842
0.282608695652174	2	35	0.582310492751842
0.354838709677419	2	35	0.582310492751842
0.310344827586207	2	35	0.582310492751842
0.363636363636364	2	35	0.582310492751842
0.214285714285714	2	35	0.582310492751842
0.323529411764706	2	35	0.582310492751842
0.285714285714286	2	35	0.582310492751842
0.315789473684211	2	35	0.582310492751842
0.333333333333333	2	35	0.582310492751842
0.307692307692308	2	35	0.582310492751842
0.361111111111111	2	35	0.582310492751842
0.232558139534884	2	35	0.582310492751842
0.441176470588235	2	35	0.582310492751842
0.193548387096774	2	35	0.582310492751842
0.153846153846154	2	35	0.582310492751842
0.294117647058824	2	35	0.582310492751842
0.3	2	35	0.582310492751842
0.333333333333333	2	35	0.582310492751842
0.102564102564103	2	35	0.582310492751842
0.363636363636364	2	35	0.582310492751842
0.441176470588235	2	35	0.582310492751842
0.357142857142857	2	35	0.582310492751842
0.375	2	35	0.582310492751842
0.3	2	35	0.582310492751842
0.243243243243243	2	35	0.582310492751842
0.244444444444444	2	35	0.582310492751842
0.419354838709677	2	35	0.582310492751842
0.25	2	35	0.582310492751842
0.224489795918367	2	35	0.582310492751842
0.351351351351351	2	35	0.582310492751842
0.205128205128205	2	35	0.582310492751842
0.476190476190476	2	35	0.582310492751842
0.25	2	35	0.582310492751842
0.228571428571429	2	35	0.582310492751842
0.225806451612903	2	35	0.582310492751842
0.195652173913043	2	35	0.582310492751842
0.321428571428571	2	35	0.582310492751842
0.342105263157895	2	35	0.582310492751842
0.243243243243243	2	35	0.582310492751842
0.243243243243243	2	35	0.582310492751842
0.34375	2	35	0.582310492751842
0.25	2	35	0.582310492751842
0.333333333333333	2	35	0.582310492751842
0.0833333333333333	2	35	0.582310492751842
0.27027027027027	2	35	0.582310492751842
0.257142857142857	2	35	0.582310492751842
0.3	2	35	0.582310492751842
0.414634146341463	2	35	0.582310492751842
0.217391304347826	2	35	0.582310492751842
0.428571428571429	2	35	0.582310492751842
0.424242424242424	2	35	0.582310492751842
0.357142857142857	2	35	0.582310492751842
0.375	2	35	0.582310492751842
0.241379310344828	2	35	0.582310492751842
0.318181818181818	2	35	0.582310492751842
0.189189189189189	2	35	0.582310492751842
0.325	2	35	0.582310492751842
0.269230769230769	2	35	0.582310492751842
0.375	2	35	0.582310492751842
0.106382978723404	2	35	0.582310492751842
0.75	2	35	0.582310492751842
0.108108108108108	2	35	0.582310492751842
0.305555555555556	2	35	0.582310492751842
0.269230769230769	2	35	0.582310492751842
0.461538461538462	2	35	0.582310492751842
0.136363636363636	2	35	0.582310492751842
0.233333333333333	2	35	0.582310492751842
0.355555555555556	2	35	0.582310492751842
0.307692307692308	2	35	0.582310492751842
0.333333333333333	2	35	0.582310492751842
0.282051282051282	2	35	0.582310492751842
0.314285714285714	2	35	0.582310492751842
0.35	2	35	0.582310492751842
0.302325581395349	2	35	0.582310492751842
0.428571428571429	2	35	0.582310492751842
0.176470588235294	2	35	0.582310492751842
0.255813953488372	2	35	0.582310492751842
0.352941176470588	2	35	0.582310492751842
0.363636363636364	2	35	0.582310492751842
0.148148148148148	2	35	0.582310492751842
0.289473684210526	2	35	0.582310492751842
0.380952380952381	2	35	0.582310492751842
0.282051282051282	2	35	0.582310492751842
0.25	2	35	0.582310492751842
0.483870967741935	2	35	0.582310492751842
0.285714285714286	2	35	0.582310492751842
0.35	2	35	0.582310492751842
0.363636363636364	2	35	0.582310492751842
0.382352941176471	2	35	0.582310492751842
0.333333333333333	2	35	0.582310492751842
0.138888888888889	2	35	0.582310492751842
0.324324324324324	2	35	0.582310492751842
0.148936170212766	2	35	0.582310492751842
0.259259259259259	2	35	0.582310492751842
0.21875	2	35	0.582310492751842
0.363636363636364	2	35	0.582310492751842
0.34375	2	35	0.582310492751842
0.3	2	35	0.582310492751842
0.21875	2	35	0.582310492751842
0.275862068965517	2	35	0.582310492751842
0.266666666666667	2	35	0.582310492751842
0.4	2	35	0.582310492751842
0.25	2	35	0.582310492751842
0.304347826086957	2	35	0.582310492751842
0.205128205128205	2	35	0.582310492751842
0.25	2	35	0.582310492751842
0.206896551724138	2	35	0.582310492751842
0.323529411764706	2	35	0.582310492751842
0.28125	2	35	0.582310492751842
0.288888888888889	2	35	0.582310492751842
0.133333333333333	2	35	0.582310492751842
0.228571428571429	2	35	0.582310492751842
0.117647058823529	2	35	0.582310492751842
0.341463414634146	2	35	0.582310492751842
0.242424242424242	2	35	0.582310492751842
0.228571428571429	2	35	0.582310492751842
0.241379310344828	2	35	0.582310492751842
0.294117647058824	2	35	0.582310492751842
0.269230769230769	2	35	0.582310492751842
0.129032258064516	2	35	0.582310492751842
0.386363636363636	2	35	0.582310492751842
0.393939393939394	2	35	0.582310492751842
0.297297297297297	2	35	0.582310492751842
0.369565217391304	2	35	0.582310492751842
0.363636363636364	2	35	0.582310492751842
0.311111111111111	2	35	0.582310492751842
0.257142857142857	2	35	0.582310492751842
0.114285714285714	2	35	0.582310492751842
0.314285714285714	2	35	0.582310492751842
0.333333333333333	2	35	0.582310492751842
0.196078431372549	2	35	0.582310492751842
0.35	2	35	0.582310492751842
0.159090909090909	2	35	0.582310492751842
0.368421052631579	2	35	0.582310492751842
0.388888888888889	2	35	0.582310492751842
0.230769230769231	2	35	0.582310492751842
0.285714285714286	2	35	0.582310492751842
0.153846153846154	2	35	0.582310492751842
0.222222222222222	2	35	0.582310492751842
0.294117647058824	2	35	0.582310492751842
0.413793103448276	2	35	0.582310492751842
0.321428571428571	2	35	0.582310492751842
0.117647058823529	2	35	0.582310492751842
0.258064516129032	2	35	0.582310492751842
0.361111111111111	2	35	0.582310492751842
0.185185185185185	2	35	0.582310492751842
0.111111111111111	2	35	0.582310492751842
0.108695652173913	2	35	0.582310492751842
0.4	2	35	0.582310492751842
0.411764705882353	2	35	0.582310492751842
0.25	2	35	0.582310492751842
0.25	2	35	0.582310492751842
0.189189189189189	2	35	0.582310492751842
0.166666666666667	2	35	0.582310492751842
0.275862068965517	2	35	0.582310492751842
0.117647058823529	2	35	0.582310492751842
0.4375	2	35	0.582310492751842
0.269230769230769	2	35	0.582310492751842
0.289473684210526	2	35	0.582310492751842
0.1875	2	35	0.582310492751842
0.375	2	35	0.582310492751842
0.371428571428571	2	35	0.582310492751842
0.454545454545455	2	35	0.582310492751842
0.241379310344828	2	35	0.582310492751842
0.129032258064516	2	35	0.582310492751842
0.368421052631579	2	35	0.582310492751842
0.114285714285714	2	35	0.582310492751842
0.0857142857142857	2	35	0.582310492751842
0.209302325581395	2	35	0.582310492751842
0.222222222222222	2	35	0.582310492751842
0.366666666666667	2	35	0.582310492751842
0.352941176470588	2	35	0.582310492751842
0.518518518518518	2	35	0.582310492751842
0.193548387096774	2	35	0.582310492751842
0.333333333333333	2	35	0.582310492751842
0.314285714285714	2	35	0.582310492751842
0.263157894736842	2	35	0.582310492751842
0.294117647058824	2	35	0.582310492751842
0.37037037037037	2	35	0.582310492751842
0.333333333333333	2	35	0.582310492751842
0.205128205128205	2	35	0.582310492751842
0.2	2	35	0.582310492751842
0.233333333333333	2	35	0.582310492751842
0.235294117647059	2	35	0.582310492751842
0.152173913043478	2	35	0.582310492751842
0.352941176470588	2	35	0.582310492751842
0.358974358974359	2	35	0.582310492751842
0.289473684210526	2	35	0.582310492751842
0.333333333333333	2	35	0.582310492751842
0.375	2	35	0.582310492751842
0.264705882352941	2	35	0.582310492751842
0.138888888888889	2	35	0.582310492751842
0.642857142857143	2	35	0.582310492751842
0.15625	2	35	0.582310492751842
0.303030303030303	2	35	0.582310492751842
0.2	2	35	0.582310492751842
0.358974358974359	2	35	0.582310492751842
0.214285714285714	2	35	0.582310492751842
0.285714285714286	2	35	0.582310492751842
0.222222222222222	2	35	0.582310492751842
0.37037037037037	2	35	0.582310492751842
0.2	2	35	0.582310492751842
0.256410256410256	2	35	0.582310492751842
0.272727272727273	2	35	0.582310492751842
0.46875	2	35	0.582310492751842
0.289473684210526	2	35	0.582310492751842
0.181818181818182	2	35	0.582310492751842
0.333333333333333	2	35	0.582310492751842
0.333333333333333	2	35	0.582310492751842
0.268292682926829	2	35	0.582310492751842
0.282051282051282	2	35	0.582310492751842
0.272727272727273	2	35	0.582310492751842
0.28125	2	35	0.582310492751842
0.692307692307692	2	35	0.582310492751842
0.166666666666667	2	35	0.582310492751842
0.347826086956522	2	35	0.582310492751842
0.333333333333333	2	35	0.582310492751842
0.290322580645161	2	35	0.582310492751842
0.36	2	35	0.582310492751842
0.32258064516129	2	35	0.582310492751842
0.318181818181818	2	35	0.582310492751842
0.307692307692308	2	35	0.582310492751842
0.346153846153846	2	35	0.582310492751842
0.111111111111111	2	35	0.582310492751842
0.263157894736842	2	35	0.582310492751842
0.348837209302326	2	35	0.582310492751842
0.133333333333333	2	35	0.582310492751842
0.222222222222222	2	35	0.582310492751842
0.325	2	35	0.582310492751842
0.235294117647059	2	35	0.582310492751842
0.297297297297297	2	35	0.582310492751842
0.264705882352941	2	35	0.582310492751842
0.285714285714286	2	35	0.582310492751842
0.3	2	35	0.582310492751842
0.243243243243243	2	35	0.582310492751842
0.3125	2	35	0.582310492751842
0.333333333333333	2	35	0.582310492751842
0.428571428571429	2	35	0.582310492751842
0.272727272727273	2	35	0.582310492751842
0.211538461538462	2	35	0.582310492751842
0.25	2	35	0.582310492751842
0.272727272727273	2	35	0.582310492751842
0.382352941176471	2	35	0.582310492751842
0.204545454545455	2	35	0.582310492751842
0.322033898305085	2	35	0.582310492751842
0.175	2	35	0.582310492751842
0.303030303030303	2	35	0.582310492751842
0.210526315789474	2	35	0.582310492751842
0.323529411764706	2	35	0.582310492751842
0.310344827586207	2	35	0.582310492751842
0.366666666666667	2	35	0.582310492751842
0.205128205128205	2	35	0.582310492751842
0.354838709677419	2	35	0.582310492751842
0.175	2	35	0.582310492751842
0.296296296296296	2	35	0.582310492751842
0.27027027027027	2	35	0.582310492751842
0.236842105263158	2	35	0.582310492751842
0.323529411764706	2	35	0.582310492751842
0.166666666666667	2	35	0.582310492751842
0.242424242424242	2	35	0.582310492751842
0.3	2	35	0.582310492751842
0.28125	2	35	0.582310492751842
0.387096774193548	2	35	0.582310492751842
0.315789473684211	2	35	0.582310492751842
0.352941176470588	2	35	0.582310492751842
0.177777777777778	2	35	0.582310492751842
0.25	2	35	0.582310492751842
0.264705882352941	2	35	0.582310492751842
0.285714285714286	2	35	0.582310492751842
0.416666666666667	2	35	0.582310492751842
0.358974358974359	2	35	0.582310492751842
0.109090909090909	2	35	0.582310492751842
0.357142857142857	2	35	0.582310492751842
0.205128205128205	2	35	0.582310492751842
0.2	2	35	0.582310492751842
0.2	2	35	0.582310492751842
0.184210526315789	2	35	0.582310492751842
0.34375	2	35	0.582310492751842
0.275862068965517	2	35	0.582310492751842
0.366666666666667	2	35	0.582310492751842
0.3125	2	35	0.582310492751842
0.388888888888889	2	35	0.582310492751842
0.375	2	35	0.582310492751842
0.227272727272727	2	35	0.582310492751842
0.34375	2	35	0.582310492751842
0.275	2	35	0.582310492751842
0.277777777777778	2	35	0.582310492751842
0.242424242424242	2	35	0.582310492751842
0.277777777777778	2	35	0.582310492751842
0.222222222222222	2	35	0.582310492751842
0.475	2	35	0.582310492751842
0.209302325581395	2	35	0.582310492751842
0.392857142857143	2	35	0.582310492751842
0.166666666666667	2	35	0.582310492751842
0.421052631578947	2	35	0.582310492751842
0.208333333333333	2	35	0.582310492751842
0.357142857142857	2	35	0.582310492751842
0.225	2	35	0.582310492751842
0.171428571428571	2	35	0.582310492751842
0.307692307692308	2	35	0.582310492751842
0.423076923076923	2	35	0.582310492751842
0.6	2	35	0.582310492751842
0.263157894736842	2	35	0.582310492751842
0.228571428571429	2	35	0.582310492751842
0.27027027027027	2	35	0.582310492751842
0.302325581395349	2	35	0.582310492751842
0.236842105263158	2	35	0.582310492751842
0.176470588235294	2	35	0.582310492751842
0.2	2	35	0.582310492751842
0.30952380952381	2	35	0.582310492751842
0.366666666666667	2	35	0.582310492751842
0.2	2	35	0.582310492751842
0.2	2	35	0.582310492751842
0.290322580645161	2	35	0.582310492751842
0.333333333333333	2	35	0.582310492751842
0.36	2	35	0.582310492751842
0.263157894736842	2	35	0.582310492751842
0.354838709677419	2	35	0.582310492751842
0.319148936170213	2	35	0.582310492751842
0.236842105263158	2	35	0.582310492751842
0.25	2	35	0.582310492751842
0.352941176470588	2	35	0.582310492751842
0.277777777777778	2	35	0.582310492751842
0.272727272727273	2	35	0.582310492751842
0.131578947368421	2	35	0.582310492751842
0.25	2	35	0.582310492751842
0.285714285714286	2	35	0.582310492751842
0.272727272727273	2	35	0.582310492751842
0.307692307692308	2	35	0.582310492751842
0.137931034482759	2	35	0.582310492751842
0.363636363636364	2	35	0.582310492751842
0.131578947368421	2	35	0.582310492751842
0.205128205128205	2	35	0.582310492751842
0.178571428571429	2	35	0.582310492751842
0.34375	2	35	0.582310492751842
0.184210526315789	2	35	0.582310492751842
0.131578947368421	2	35	0.582310492751842
0.173913043478261	2	35	0.582310492751842
0.209302325581395	2	35	0.582310492751842
0.347826086956522	2	35	0.582310492751842
0.256410256410256	2	35	0.582310492751842
0.210526315789474	2	35	0.582310492751842
0.238095238095238	2	35	0.582310492751842
0.272727272727273	2	35	0.582310492751842
0.206896551724138	2	35	0.582310492751842
0.388888888888889	2	35	0.582310492751842
0.204545454545455	2	35	0.582310492751842
0.302325581395349	2	35	0.582310492751842
0.129032258064516	2	35	0.582310492751842
0.282051282051282	2	35	0.582310492751842
0.285714285714286	2	35	0.582310492751842
0.25	2	35	0.582310492751842
0.314285714285714	2	35	0.582310492751842
0.529411764705882	2	35	0.582310492751842
0.27906976744186	2	35	0.582310492751842
0.268292682926829	2	35	0.582310492751842
0.138888888888889	2	35	0.582310492751842
0.210526315789474	2	35	0.582310492751842
0.306122448979592	2	35	0.582310492751842
0.272727272727273	2	35	0.582310492751842
0.282051282051282	2	35	0.582310492751842
0.225	2	35	0.582310492751842
0.192307692307692	2	35	0.582310492751842
0.178571428571429	2	35	0.582310492751842
0.171428571428571	2	35	0.582310492751842
0.404761904761905	2	35	0.582310492751842
0.294117647058824	2	35	0.582310492751842
0.296296296296296	2	35	0.582310492751842
0.125	2	35	0.582310492751842
0.0909090909090909	2	35	0.582310492751842
0.09375	2	35	0.582310492751842
0.19047619047619	2	35	0.582310492751842
0.377777777777778	2	35	0.582310492751842
0.27027027027027	2	35	0.582310492751842
0.448275862068966	2	35	0.582310492751842
0.4	2	35	0.582310492751842
0.342857142857143	2	35	0.582310492751842
0.266666666666667	2	35	0.582310492751842
0.285714285714286	2	35	0.582310492751842
0.346153846153846	2	35	0.582310492751842
0.317073170731707	2	35	0.582310492751842
0.255813953488372	2	35	0.582310492751842
0.121212121212121	2	35	0.582310492751842
0.333333333333333	2	35	0.582310492751842
0.26530612244898	2	35	0.582310492751842
0.282051282051282	2	35	0.582310492751842
0.25	2	35	0.582310492751842
0.257142857142857	2	35	0.582310492751842
0.242424242424242	2	35	0.582310492751842
0.351351351351351	2	35	0.582310492751842
0.5	2	35	0.582310492751842
0.257142857142857	2	35	0.582310492751842
0.27027027027027	2	35	0.582310492751842
0.228571428571429	2	35	0.582310492751842
0.151515151515152	2	35	0.582310492751842
0.263157894736842	2	35	0.582310492751842
0.333333333333333	2	35	0.582310492751842
0.3	2	35	0.582310492751842
0.111111111111111	2	35	0.582310492751842
0.4	2	35	0.582310492751842
0.276595744680851	2	35	0.582310492751842
0.13953488372093	2	35	0.582310492751842
0.107142857142857	2	35	0.582310492751842
0.142857142857143	2	35	0.582310492751842
0.404761904761905	2	35	0.582310492751842
0.269230769230769	2	35	0.582310492751842
0.151515151515152	2	35	0.582310492751842
0.288888888888889	2	35	0.582310492751842
0.282051282051282	2	35	0.582310492751842
0.264705882352941	2	35	0.582310492751842
0.303030303030303	2	35	0.582310492751842
0.244444444444444	2	35	0.582310492751842
0.380952380952381	2	35	0.582310492751842
0.357142857142857	2	35	0.582310492751842
0.258064516129032	2	35	0.582310492751842
0.222222222222222	2	35	0.582310492751842
0.303030303030303	2	35	0.582310492751842
0.4	2	35	0.582310492751842
0.2	2	35	0.582310492751842
0.135135135135135	2	35	0.582310492751842
0.4	2	35	0.582310492751842
0.285714285714286	2	35	0.582310492751842
0.315789473684211	2	35	0.582310492751842
0.3	2	35	0.582310492751842
0.378378378378378	2	35	0.582310492751842
0.113636363636364	2	35	0.582310492751842
0.375	2	35	0.582310492751842
0.305555555555556	2	35	0.582310492751842
0.289473684210526	2	35	0.582310492751842
0.305555555555556	2	35	0.582310492751842
0.277777777777778	2	35	0.582310492751842
0.285714285714286	2	35	0.582310492751842
0.2	2	35	0.582310492751842
0.266666666666667	2	35	0.582310492751842
0.357142857142857	2	35	0.582310492751842
0.128205128205128	2	35	0.582310492751842
0.324324324324324	2	35	0.582310492751842
0.384615384615385	2	35	0.582310492751842
0.205882352941176	2	35	0.582310492751842
0.32258064516129	2	35	0.582310492751842
0.352941176470588	2	35	0.582310492751842
0.37037037037037	2	35	0.582310492751842
0.2	2	35	0.582310492751842
0.178571428571429	2	35	0.582310492751842
0.3	2	35	0.582310492751842
0.243243243243243	2	35	0.582310492751842
0.111111111111111	2	35	0.582310492751842
0.289473684210526	2	35	0.582310492751842
0.379310344827586	2	35	0.582310492751842
0.325	2	35	0.582310492751842
0.25	2	35	0.582310492751842
0.375	2	35	0.582310492751842
0.243243243243243	2	35	0.582310492751842
0.514285714285714	2	35	0.582310492751842
0.333333333333333	2	35	0.582310492751842
0.4	2	35	0.582310492751842
0.230769230769231	2	35	0.582310492751842
1	2	35	0.582310492751842
0.305555555555556	2	35	0.582310492751842
0.303030303030303	2	35	0.582310492751842
0.321428571428571	2	35	0.582310492751842
0.304347826086957	2	35	0.582310492751842
0.324324324324324	2	35	0.582310492751842
0.25	2	35	0.582310492751842
0.243243243243243	2	35	0.582310492751842
0.25	2	35	0.582310492751842
0.303030303030303	2	35	0.582310492751842
0.4	2	35	0.582310492751842
0.162162162162162	2	35	0.582310492751842
0.162162162162162	2	35	0.582310492751842
0.305555555555556	2	35	0.582310492751842
0.0967741935483871	2	35	0.582310492751842
0.212121212121212	2	35	0.582310492751842
0.32	2	35	0.582310492751842
0.239130434782609	2	35	0.582310492751842
0.256410256410256	2	35	0.582310492751842
0.28125	2	35	0.582310492751842
0.418604651162791	2	35	0.582310492751842
0.266666666666667	2	35	0.582310492751842
0.268292682926829	2	35	0.582310492751842
0.291666666666667	2	35	0.582310492751842
0.296296296296296	2	35	0.582310492751842
0.5	2	35	0.582310492751842
0.333333333333333	2	35	0.582310492751842
0.291666666666667	2	35	0.582310492751842
0.292682926829268	2	35	0.582310492751842
0.266666666666667	2	35	0.582310492751842
0.333333333333333	2	35	0.582310492751842
0.387096774193548	2	35	0.582310492751842
0.275862068965517	2	35	0.582310492751842
0.416666666666667	2	35	0.582310492751842
0.297297297297297	2	35	0.582310492751842
0.34375	2	35	0.582310492751842
0.21875	2	35	0.582310492751842
0.34375	2	35	0.582310492751842
0.230769230769231	2	35	0.582310492751842
0.405405405405405	2	35	0.582310492751842
0.311111111111111	2	35	0.582310492751842
0.323529411764706	2	35	0.582310492751842
0.105263157894737	2	35	0.582310492751842
0.270833333333333	2	35	0.582310492751842
0.195121951219512	2	35	0.582310492751842
0.24390243902439	2	35	0.582310492751842
0.226415094339623	2	35	0.582310492751842
0.179487179487179	2	35	0.582310492751842
0.215686274509804	2	35	0.582310492751842
0.25	2	35	0.582310492751842
0.41025641025641	2	35	0.582310492751842
0.2	2	35	0.582310492751842
0.282051282051282	2	35	0.582310492751842
0.242424242424242	2	35	0.582310492751842
0.282051282051282	2	35	0.582310492751842
0.243243243243243	2	35	0.582310492751842
0.204545454545455	2	35	0.582310492751842
0.236842105263158	2	35	0.582310492751842
0.285714285714286	2	35	0.582310492751842
0.375	2	35	0.582310492751842
0.24390243902439	2	35	0.582310492751842
0.268292682926829	2	35	0.582310492751842
0.344827586206897	2	35	0.582310492751842
0.272727272727273	2	35	0.582310492751842
0.275862068965517	2	35	0.582310492751842
0.263157894736842	2	35	0.582310492751842
0.324324324324324	2	35	0.582310492751842
0.307692307692308	2	35	0.582310492751842
0.380952380952381	2	35	0.582310492751842
0.227272727272727	2	35	0.582310492751842
0.1875	2	35	0.582310492751842
0.268292682926829	2	35	0.582310492751842
0.28125	2	35	0.582310492751842
0.382352941176471	2	35	0.582310492751842
0.297297297297297	2	35	0.582310492751842
0.324324324324324	2	35	0.582310492751842
0.129032258064516	2	35	0.582310492751842
0.470588235294118	2	35	0.582310492751842
0.25	2	35	0.582310492751842
0.147058823529412	2	35	0.582310492751842
0.108108108108108	2	35	0.582310492751842
0.206896551724138	2	35	0.582310492751842
0.27906976744186	2	35	0.582310492751842
0.184210526315789	2	35	0.582310492751842
0.27027027027027	2	35	0.582310492751842
0.212121212121212	2	35	0.582310492751842
0.229166666666667	2	35	0.582310492751842
0.238095238095238	2	35	0.582310492751842
0.521739130434783	2	35	0.582310492751842
0.24	2	35	0.582310492751842
0.277777777777778	2	35	0.582310492751842
0.291666666666667	2	35	0.582310492751842
0.27906976744186	2	35	0.582310492751842
0.333333333333333	2	35	0.582310492751842
0.263157894736842	2	35	0.582310492751842
0.404255319148936	2	35	0.582310492751842
0.15	2	35	0.582310492751842
0.310344827586207	2	35	0.582310492751842
0.275862068965517	2	35	0.582310492751842
0.372093023255814	2	35	0.582310492751842
0.333333333333333	2	35	0.582310492751842
0.25	2	35	0.582310492751842
0.521739130434783	2	35	0.582310492751842
0.341463414634146	2	35	0.582310492751842
0.411764705882353	2	35	0.582310492751842
0.348837209302326	2	35	0.582310492751842
0.323529411764706	2	35	0.582310492751842
0.125	2	35	0.582310492751842
0.297297297297297	2	35	0.582310492751842
0.162162162162162	2	35	0.582310492751842
0.32	2	35	0.582310492751842
0.310344827586207	2	35	0.582310492751842
0.133333333333333	2	35	0.582310492751842
0.241379310344828	2	35	0.582310492751842
0.275862068965517	2	35	0.582310492751842
0.288888888888889	2	35	0.582310492751842
0.1875	2	35	0.582310492751842
0.2	2	35	0.582310492751842
0.333333333333333	2	35	0.582310492751842
0.315789473684211	2	35	0.582310492751842
0.357142857142857	2	35	0.582310492751842
0.387096774193548	2	35	0.582310492751842
0.289473684210526	2	35	0.582310492751842
0.222222222222222	2	35	0.582310492751842
0.357142857142857	2	35	0.582310492751842
0.36	2	35	0.582310492751842
0.357142857142857	2	35	0.582310492751842
0.258064516129032	2	35	0.582310492751842
0.351351351351351	2	35	0.582310492751842
0.1875	2	35	0.582310492751842
0.4	2	35	0.582310492751842
0.258064516129032	2	35	0.582310492751842
0.339622641509434	2	35	0.582310492751842
0.3125	2	35	0.582310492751842
0.5	2	35	0.582310492751842
0.321428571428571	2	35	0.582310492751842
0.242424242424242	2	35	0.582310492751842
0.272727272727273	2	35	0.582310492751842
0.358974358974359	2	35	0.582310492751842
0.333333333333333	2	35	0.582310492751842
0.318181818181818	2	35	0.582310492751842
0.388888888888889	2	35	0.582310492751842
0.26530612244898	2	35	0.582310492751842
0.333333333333333	2	35	0.582310492751842
0.459459459459459	2	35	0.582310492751842
0.371428571428571	2	35	0.582310492751842
0.354838709677419	2	35	0.582310492751842
0.128205128205128	2	35	0.582310492751842
0.145833333333333	2	35	0.582310492751842
0.255813953488372	2	35	0.582310492751842
0.24390243902439	2	35	0.582310492751842
0.166666666666667	2	35	0.582310492751842
0.25	2	35	0.582310492751842
0.269230769230769	2	35	0.582310492751842
0.152173913043478	2	35	0.582310492751842
0.285714285714286	2	35	0.582310492751842
0.428571428571429	2	35	0.582310492751842
0.268292682926829	2	35	0.582310492751842
0.416666666666667	2	35	0.582310492751842
0.342105263157895	2	35	0.582310492751842
0.25	2	35	0.582310492751842
0.186046511627907	2	35	0.582310492751842
0.275862068965517	2	35	0.582310492751842
0.157894736842105	2	35	0.582310492751842
0.205882352941176	2	35	0.582310492751842
0.32258064516129	2	35	0.582310492751842
0.222222222222222	2	35	0.582310492751842
0.315789473684211	2	35	0.582310492751842
0.25	2	35	0.582310492751842
0.346153846153846	2	35	0.582310492751842
0.307692307692308	2	35	0.582310492751842
0.325581395348837	2	35	0.582310492751842
0.166666666666667	2	35	0.582310492751842
0.296296296296296	2	35	0.582310492751842
0.0882352941176471	2	35	0.582310492751842
0.159090909090909	2	35	0.582310492751842
0.225806451612903	2	35	0.582310492751842
0.392857142857143	2	35	0.582310492751842
0.210526315789474	2	35	0.582310492751842
0.239130434782609	2	35	0.582310492751842
0.342105263157895	2	35	0.582310492751842
0.166666666666667	2	35	0.582310492751842
0.268292682926829	2	35	0.582310492751842
0.217391304347826	2	35	0.582310492751842
0.342857142857143	2	35	0.582310492751842
0.255813953488372	2	35	0.582310492751842
0.263157894736842	2	35	0.582310492751842
0.382352941176471	2	35	0.582310492751842
0.446808510638298	2	35	0.582310492751842
0.28125	2	35	0.582310492751842
0.368421052631579	2	35	0.582310492751842
0.206896551724138	2	35	0.582310492751842
0.44	2	35	0.582310492751842
0.333333333333333	2	35	0.582310492751842
0.175	2	35	0.582310492751842
0.296296296296296	2	35	0.582310492751842
0.1875	2	35	0.582310492751842
0.212121212121212	2	35	0.582310492751842
0.305555555555556	2	35	0.582310492751842
0.243243243243243	2	35	0.582310492751842
0.125	2	35	0.582310492751842
0.428571428571429	2	35	0.582310492751842
0.195121951219512	2	35	0.582310492751842
0.414634146341463	2	35	0.582310492751842
0.263157894736842	2	35	0.582310492751842
0.241379310344828	2	35	0.582310492751842
0.387096774193548	2	35	0.582310492751842
0.216216216216216	2	35	0.582310492751842
0.259259259259259	2	35	0.582310492751842
0.363636363636364	2	35	0.582310492751842
0.6	2	35	0.582310492751842
0.758620689655172	2	35	0.582310492751842
0.394736842105263	2	35	0.582310492751842
0.323529411764706	2	35	0.582310492751842
0.227272727272727	2	35	0.582310492751842
0.125	2	35	0.582310492751842
0.684210526315789	2	35	0.582310492751842
0.142857142857143	2	35	0.582310492751842
0.136363636363636	2	35	0.582310492751842
0.305555555555556	2	35	0.582310492751842
0.294117647058824	2	35	0.582310492751842
0.365853658536585	2	35	0.582310492751842
0.121212121212121	2	35	0.582310492751842
0.192307692307692	2	35	0.582310492751842
0.51219512195122	2	35	0.582310492751842
0.204545454545455	2	35	0.582310492751842
0.15	2	35	0.582310492751842
0.3	2	35	0.582310492751842
0.24	2	35	0.582310492751842
0.225806451612903	2	35	0.582310492751842
0.25	2	35	0.582310492751842
0.393939393939394	2	35	0.582310492751842
0.171428571428571	2	35	0.582310492751842
0.222222222222222	2	35	0.582310492751842
0.369565217391304	2	35	0.582310492751842
0.358974358974359	2	35	0.582310492751842
0.432432432432432	2	35	0.582310492751842
0.454545454545455	2	35	0.582310492751842
0.24390243902439	2	35	0.582310492751842
0.272727272727273	2	35	0.582310492751842
0.292682926829268	2	35	0.582310492751842
0.170212765957447	2	35	0.582310492751842
0.235294117647059	2	35	0.582310492751842
0.347826086956522	2	35	0.582310492751842
0.242424242424242	2	35	0.582310492751842
0.291666666666667	2	35	0.582310492751842
0.32	2	35	0.582310492751842
0.333333333333333	2	35	0.582310492751842
0.205128205128205	2	35	0.582310492751842
0.318181818181818	2	35	0.582310492751842
0.116279069767442	2	35	0.582310492751842
0.210526315789474	2	35	0.582310492751842
0.342857142857143	2	35	0.582310492751842
0.238095238095238	2	35	0.582310492751842
0.225	2	35	0.582310492751842
0.321428571428571	2	35	0.582310492751842
0.153846153846154	2	35	0.582310492751842
0.285714285714286	2	35	0.582310492751842
0.193548387096774	2	35	0.582310492751842
0.4	2	35	0.582310492751842
0.214285714285714	2	35	0.582310492751842
0.193548387096774	2	35	0.582310492751842
0.478260869565217	2	35	0.582310492751842
0.277777777777778	2	35	0.582310492751842
0.155555555555556	2	35	0.582310492751842
0.2	2	35	0.582310492751842
0.242424242424242	2	35	0.582310492751842
0.344827586206897	2	35	0.582310492751842
0.269230769230769	2	35	0.582310492751842
0.307692307692308	2	35	0.582310492751842
0.310344827586207	2	35	0.582310492751842
0.13953488372093	2	35	0.582310492751842
0.285714285714286	2	35	0.582310492751842
0.232558139534884	2	35	0.582310492751842
0.285714285714286	2	35	0.582310492751842
0.235294117647059	2	35	0.582310492751842
0.194444444444444	2	35	0.582310492751842
0.3	2	35	0.582310492751842
0.25	2	35	0.582310492751842
0.3	2	35	0.582310492751842
0.1875	2	35	0.582310492751842
0.324324324324324	2	35	0.582310492751842
0.260869565217391	2	35	0.582310492751842
0.125	2	35	0.582310492751842
0.366666666666667	2	35	0.582310492751842
0.368421052631579	2	35	0.582310492751842
0.382352941176471	2	35	0.582310492751842
0.290322580645161	2	35	0.582310492751842
0.121951219512195	2	35	0.582310492751842
0.209302325581395	2	35	0.582310492751842
0.133333333333333	2	35	0.582310492751842
0.129032258064516	2	35	0.582310492751842
0.333333333333333	2	35	0.582310492751842
0.15625	2	35	0.582310492751842
0.297872340425532	2	35	0.582310492751842
0.333333333333333	2	35	0.582310492751842
0.238095238095238	2	35	0.582310492751842
0.32258064516129	2	35	0.582310492751842
0.358974358974359	2	35	0.582310492751842
0.333333333333333	2	35	0.582310492751842
0.145833333333333	2	35	0.582310492751842
0.464285714285714	2	35	0.582310492751842
0.25	2	35	0.582310492751842
0.162162162162162	2	35	0.582310492751842
0.418604651162791	2	35	0.582310492751842
0.209302325581395	2	35	0.582310492751842
0.333333333333333	2	35	0.582310492751842
0.451612903225806	2	35	0.582310492751842
0.269230769230769	2	35	0.582310492751842
0.275862068965517	2	35	0.582310492751842
0.24	2	35	0.582310492751842
0.303030303030303	2	35	0.582310492751842
0.181818181818182	2	35	0.582310492751842
0.419354838709677	2	35	0.582310492751842
0.290322580645161	2	35	0.582310492751842
0.181818181818182	2	35	0.582310492751842
0.285714285714286	2	35	0.582310492751842
0.114285714285714	2	35	0.582310492751842
0.166666666666667	2	35	0.582310492751842
0.222222222222222	2	35	0.582310492751842
0.275	2	35	0.582310492751842
0.41304347826087	2	35	0.582310492751842
0.32258064516129	2	35	0.582310492751842
0.35	2	35	0.582310492751842
0.209302325581395	2	35	0.582310492751842
0.307692307692308	2	35	0.582310492751842
0.342857142857143	2	35	0.582310492751842
0.193548387096774	2	35	0.582310492751842
0.16	2	35	0.582310492751842
0.243243243243243	2	35	0.582310492751842
0.379310344827586	2	35	0.582310492751842
0.346153846153846	2	35	0.582310492751842
0.157894736842105	2	35	0.582310492751842
0.3	2	35	0.582310492751842
0.277777777777778	2	35	0.582310492751842
0.305555555555556	2	35	0.582310492751842
0.241379310344828	2	35	0.582310492751842
0.162162162162162	2	35	0.582310492751842
0.138888888888889	2	35	0.582310492751842
0.3	2	35	0.582310492751842
0.342857142857143	2	35	0.582310492751842
0.3125	2	35	0.582310492751842
0.28	2	35	0.582310492751842
0.0833333333333333	2	35	0.582310492751842
0.115384615384615	2	35	0.582310492751842
0.260869565217391	2	35	0.582310492751842
0.344827586206897	2	35	0.582310492751842
0.28	2	35	0.582310492751842
0.256410256410256	2	35	0.582310492751842
0.375	2	35	0.582310492751842
0.393939393939394	2	35	0.582310492751842
0.222222222222222	2	35	0.582310492751842
0.375	2	35	0.582310492751842
0.314285714285714	2	35	0.582310492751842
0.263157894736842	2	35	0.582310492751842
0.222222222222222	2	35	0.582310492751842
0.148148148148148	2	35	0.582310492751842
0.259259259259259	2	35	0.582310492751842
0.285714285714286	2	35	0.582310492751842
0.333333333333333	2	35	0.582310492751842
0.184210526315789	2	35	0.582310492751842
0.162162162162162	2	35	0.582310492751842
0.225806451612903	2	35	0.582310492751842
0.193548387096774	2	35	0.582310492751842
0.444444444444444	2	35	0.582310492751842
0.195121951219512	2	35	0.582310492751842
0.270833333333333	2	35	0.582310492751842
0.259259259259259	2	35	0.582310492751842
0.258064516129032	2	35	0.582310492751842
0.25	2	35	0.582310492751842
0.382352941176471	2	35	0.582310492751842
0.2	2	35	0.582310492751842
0.222222222222222	2	35	0.582310492751842
0.269230769230769	2	35	0.582310492751842
0.28	2	35	0.582310492751842
0.470588235294118	2	35	0.582310492751842
0.344827586206897	2	35	0.582310492751842
0.241379310344828	2	35	0.582310492751842
0.214285714285714	2	35	0.582310492751842
0.205128205128205	2	35	0.582310492751842
0.413793103448276	2	35	0.582310492751842
0.355555555555556	2	35	0.582310492751842
0.184210526315789	2	35	0.582310492751842
0.183673469387755	2	35	0.582310492751842
0.225	2	35	0.582310492751842
0.361702127659574	2	35	0.582310492751842
0.317073170731707	2	35	0.582310492751842
0.236842105263158	2	35	0.582310492751842
0.243243243243243	2	35	0.582310492751842
0.232558139534884	2	35	0.582310492751842
0.162162162162162	2	35	0.582310492751842
0.193548387096774	2	35	0.582310492751842
0.292682926829268	2	35	0.582310492751842
0.21875	2	35	0.582310492751842
0.363636363636364	2	35	0.582310492751842
0.275	2	35	0.582310492751842
0.115384615384615	2	35	0.582310492751842
0.314285714285714	2	35	0.582310492751842
0.324324324324324	2	35	0.582310492751842
0.366666666666667	2	35	0.582310492751842
0.36	2	35	0.582310492751842
0.236842105263158	2	35	0.582310492751842
0.285714285714286	2	35	0.582310492751842
0.268292682926829	2	35	0.582310492751842
0.125	2	35	0.582310492751842
0.212121212121212	2	35	0.582310492751842
0.305555555555556	2	35	0.582310492751842
0.318181818181818	2	35	0.582310492751842
0.387096774193548	2	35	0.582310492751842
0.289473684210526	2	35	0.582310492751842
0.2	2	35	0.582310492751842
0.255813953488372	2	35	0.582310492751842
0.303030303030303	2	35	0.582310492751842
0.166666666666667	2	35	0.582310492751842
0.209302325581395	2	35	0.582310492751842
0.272727272727273	2	35	0.582310492751842
0.122448979591837	2	35	0.582310492751842
0.171428571428571	2	35	0.582310492751842
0.333333333333333	2	35	0.582310492751842
0.209302325581395	2	35	0.582310492751842
0.25	2	35	0.582310492751842
0.216216216216216	2	35	0.582310492751842
0.306122448979592	2	35	0.582310492751842
0.243243243243243	2	35	0.582310492751842
0.407407407407407	2	35	0.582310492751842
0.323529411764706	2	35	0.582310492751842
0.611111111111111	2	35	0.582310492751842
0.305555555555556	2	35	0.582310492751842
0.324324324324324	2	35	0.582310492751842
0.266666666666667	2	35	0.582310492751842
0.35	2	35	0.582310492751842
0.5	2	35	0.582310492751842
0.233333333333333	2	35	0.582310492751842
0.366666666666667	2	35	0.582310492751842
0.291666666666667	2	35	0.582310492751842
0.333333333333333	2	35	0.582310492751842
0.24390243902439	2	35	0.582310492751842
0.193548387096774	2	35	0.582310492751842
0.34375	2	35	0.582310492751842
0.34375	2	35	0.582310492751842
0.264705882352941	2	35	0.582310492751842
0.28	2	35	0.582310492751842
0.212121212121212	2	35	0.582310492751842
0.126760563380282	2	35	0.582310492751842
0.344827586206897	2	35	0.582310492751842
0.304347826086957	2	35	0.582310492751842
0.176470588235294	2	35	0.582310492751842
0.272727272727273	2	35	0.582310492751842
0.461538461538462	2	35	0.582310492751842
0.114285714285714	2	35	0.582310492751842
0.2	2	35	0.582310492751842
0.192307692307692	2	35	0.582310492751842
0.425	2	35	0.582310492751842
0.297297297297297	2	35	0.582310492751842
0.351351351351351	2	35	0.582310492751842
0.285714285714286	2	35	0.582310492751842
0.229166666666667	2	35	0.582310492751842
0.351351351351351	2	35	0.582310492751842
0.295454545454545	2	35	0.582310492751842
0.263157894736842	2	35	0.582310492751842
0.121951219512195	2	35	0.582310492751842
0.210526315789474	2	35	0.582310492751842
0.277777777777778	2	35	0.582310492751842
0.166666666666667	2	35	0.582310492751842
0.297297297297297	2	35	0.582310492751842
0.352941176470588	2	35	0.582310492751842
0.24390243902439	2	35	0.582310492751842
0.272727272727273	2	35	0.582310492751842
0.288888888888889	2	35	0.582310492751842
0.3125	2	35	0.582310492751842
0.315789473684211	2	35	0.582310492751842
0.472222222222222	2	35	0.582310492751842
0.296296296296296	2	35	0.582310492751842
0.305555555555556	2	35	0.582310492751842
0.205882352941176	2	35	0.582310492751842
0.228571428571429	2	35	0.582310492751842
0.111111111111111	2	35	0.582310492751842
0.263157894736842	2	35	0.582310492751842
0.302325581395349	2	35	0.582310492751842
0.0789473684210526	2	35	0.582310492751842
0.107142857142857	2	35	0.582310492751842
0.136363636363636	2	35	0.582310492751842
0.382352941176471	2	35	0.582310492751842
0.2	2	35	0.582310492751842
0.387096774193548	2	35	0.582310492751842
0.117647058823529	2	35	0.582310492751842
0.34375	2	35	0.582310492751842
0.333333333333333	2	35	0.582310492751842
0.176470588235294	2	35	0.582310492751842
0.323529411764706	2	35	0.582310492751842
0.282608695652174	2	35	0.582310492751842
0.365853658536585	2	35	0.582310492751842
0.233333333333333	2	35	0.582310492751842
0.317073170731707	2	35	0.582310492751842
0.41304347826087	2	35	0.582310492751842
0.333333333333333	2	35	0.582310492751842
0.257142857142857	2	35	0.582310492751842
0.175	2	35	0.582310492751842
0.296296296296296	2	35	0.582310492751842
0.307692307692308	2	35	0.582310492751842
0.227272727272727	2	35	0.582310492751842
0.354838709677419	2	35	0.582310492751842
0.233333333333333	2	35	0.582310492751842
0.2	2	35	0.582310492751842
0.346153846153846	2	35	0.582310492751842
0.266666666666667	2	35	0.582310492751842
0.472222222222222	2	35	0.582310492751842
0.136363636363636	2	35	0.582310492751842
0.130434782608696	2	35	0.582310492751842
0.111111111111111	2	35	0.582310492751842
0.173913043478261	2	35	0.582310492751842
0.424242424242424	2	35	0.582310492751842
