VAF	CN	avg.depth	purity
0.435897435897436	2	38	0.95
0.484848484848485	2	38	0.95
0.55	2	38	0.95
0.157894736842105	2	38	0.95
0.210526315789474	2	38	0.95
0.41025641025641	2	38	0.95
0.441176470588235	2	38	0.95
0.181818181818182	2	38	0.95
0.545454545454545	2	38	0.95
0.534883720930233	2	38	0.95
0.233333333333333	2	38	0.95
0.307692307692308	2	38	0.95
0.5	2	38	0.95
0.375	2	38	0.95
0.428571428571429	2	38	0.95
0.485714285714286	2	38	0.95
0.53125	2	38	0.95
0.538461538461538	2	38	0.95
0.454545454545455	2	38	0.95
0.466666666666667	2	38	0.95
0.117647058823529	2	38	0.95
0.468085106382979	2	38	0.95
0.581395348837209	2	38	0.95
0.136363636363636	2	38	0.95
0.51219512195122	2	38	0.95
0.333333333333333	2	38	0.95
0.433962264150943	2	38	0.95
0.386363636363636	2	38	0.95
0.489795918367347	2	38	0.95
0.378378378378378	2	38	0.95
0.403225806451613	2	38	0.95
0.473684210526316	2	38	0.95
0.525	2	38	0.95
0.477272727272727	2	38	0.95
0.333333333333333	2	38	0.95
0.444444444444444	2	38	0.95
0.315789473684211	2	38	0.95
0.372093023255814	2	38	0.95
0.391304347826087	2	38	0.95
0.595238095238095	2	38	0.95
0.733333333333333	2	38	0.95
0.363636363636364	2	38	0.95
0.390243902439024	2	38	0.95
0.484848484848485	2	38	0.95
0.555555555555556	2	38	0.95
0.666666666666667	2	38	0.95
0.394736842105263	2	38	0.95
0.56	2	38	0.95
0.39622641509434	2	38	0.95
0.087719298245614	2	38	0.95
0.473684210526316	2	38	0.95
0.5	2	38	0.95
0.571428571428571	2	38	0.95
0.24	2	38	0.95
0.46875	2	38	0.95
0.5	2	38	0.95
0.636363636363636	2	38	0.95
0.540540540540541	2	38	0.95
0.534883720930233	2	38	0.95
0.520833333333333	2	38	0.95
0.509433962264151	2	38	0.95
0.564102564102564	2	38	0.95
0.1875	2	38	0.95
0.65	2	38	0.95
0.484848484848485	2	38	0.95
0.404255319148936	2	38	0.95
0.125	2	38	0.95
0.488372093023256	2	38	0.95
0.555555555555556	2	38	0.95
0.405405405405405	2	38	0.95
0.431818181818182	2	38	0.95
0.44	2	38	0.95
0.472222222222222	2	38	0.95
0.75	2	38	0.95
0.533333333333333	2	38	0.95
0.41304347826087	2	38	0.95
0.461538461538462	2	38	0.95
0.142857142857143	2	38	0.95
0.222222222222222	2	38	0.95
0.424242424242424	2	38	0.95
0.444444444444444	2	38	0.95
0.130434782608696	2	38	0.95
0.325581395348837	2	38	0.95
0.366666666666667	2	38	0.95
0.358974358974359	2	38	0.95
0.358974358974359	2	38	0.95
0.454545454545455	2	38	0.95
0.432432432432432	2	38	0.95
0.488372093023256	2	38	0.95
0.5	2	38	0.95
0.155555555555556	2	38	0.95
0.555555555555556	2	38	0.95
0.394736842105263	2	38	0.95
0.304347826086957	2	38	0.95
0.425531914893617	2	38	0.95
0.48	2	38	0.95
0.5	2	38	0.95
0.454545454545455	2	38	0.95
0.513513513513513	2	38	0.95
0.433962264150943	2	38	0.95
0.333333333333333	2	38	0.95
0.323529411764706	2	38	0.95
0.416666666666667	2	38	0.95
0.459459459459459	2	38	0.95
0.527777777777778	2	38	0.95
0.529411764705882	2	38	0.95
0.5	2	38	0.95
0.306122448979592	2	38	0.95
0.4	2	38	0.95
0.375	2	38	0.95
0.534883720930233	2	38	0.95
0.388888888888889	2	38	0.95
0.448275862068966	2	38	0.95
0.583333333333333	2	38	0.95
0.565217391304348	2	38	0.95
0.477272727272727	2	38	0.95
0.439024390243902	2	38	0.95
0.5625	2	38	0.95
0.439024390243902	2	38	0.95
0.476190476190476	2	38	0.95
0.545454545454545	2	38	0.95
0.45	2	38	0.95
0.492307692307692	2	38	0.95
0.459459459459459	2	38	0.95
0.422222222222222	2	38	0.95
0.4	2	38	0.95
0.441176470588235	2	38	0.95
0.5	2	38	0.95
0.25	2	38	0.95
0.533333333333333	2	38	0.95
0.428571428571429	2	38	0.95
0.392156862745098	2	38	0.95
0.564102564102564	2	38	0.95
0.648648648648649	2	38	0.95
0.222222222222222	2	38	0.95
0.515151515151515	2	38	0.95
0.48	2	38	0.95
0.588235294117647	2	38	0.95
0.380952380952381	2	38	0.95
0.422222222222222	2	38	0.95
0.419354838709677	2	38	0.95
0.431818181818182	2	38	0.95
0.404761904761905	2	38	0.95
0.219512195121951	2	38	0.95
0.5	2	38	0.95
0.422222222222222	2	38	0.95
0.419354838709677	2	38	0.95
0.41025641025641	2	38	0.95
0.244444444444444	2	38	0.95
0.173076923076923	2	38	0.95
0.176470588235294	2	38	0.95
0.361702127659574	2	38	0.95
0.636363636363636	2	38	0.95
0.4	2	38	0.95
0.25	2	38	0.95
0.333333333333333	2	38	0.95
0.447368421052632	2	38	0.95
0.777777777777778	2	38	0.95
0.185185185185185	2	38	0.95
0.2	2	38	0.95
0.466666666666667	2	38	0.95
0.523809523809524	2	38	0.95
0.205882352941176	2	38	0.95
0.489795918367347	2	38	0.95
0.545454545454545	2	38	0.95
0.418604651162791	2	38	0.95
0.5	2	38	0.95
0.434782608695652	2	38	0.95
0.354838709677419	2	38	0.95
0.393939393939394	2	38	0.95
0.333333333333333	2	38	0.95
0.260869565217391	2	38	0.95
0.536585365853659	2	38	0.95
0.431818181818182	2	38	0.95
0.384615384615385	2	38	0.95
0.325	2	38	0.95
0.435897435897436	2	38	0.95
0.484848484848485	2	38	0.95
0.380952380952381	2	38	0.95
0.391304347826087	2	38	0.95
0.285714285714286	2	38	0.95
0.441860465116279	2	38	0.95
0.566666666666667	2	38	0.95
0.727272727272727	2	38	0.95
0.553191489361702	2	38	0.95
0.476190476190476	2	38	0.95
0.361111111111111	2	38	0.95
0.517857142857143	2	38	0.95
0.4	2	38	0.95
0.433333333333333	2	38	0.95
0.484848484848485	2	38	0.95
0.431818181818182	2	38	0.95
0.320754716981132	2	38	0.95
0.608695652173913	2	38	0.95
0.465116279069767	2	38	0.95
0.395348837209302	2	38	0.95
0.113636363636364	2	38	0.95
0.382978723404255	2	38	0.95
0.394736842105263	2	38	0.95
0.511627906976744	2	38	0.95
0.567567567567568	2	38	0.95
0.317073170731707	2	38	0.95
0.511627906976744	2	38	0.95
0.244897959183673	2	38	0.95
0.452380952380952	2	38	0.95
0.241379310344828	2	38	0.95
0.365853658536585	2	38	0.95
0.476190476190476	2	38	0.95
0.361702127659574	2	38	0.95
0.514285714285714	2	38	0.95
0.473684210526316	2	38	0.95
0.48	2	38	0.95
0.590909090909091	2	38	0.95
0.48936170212766	2	38	0.95
0.39344262295082	2	38	0.95
0.325	2	38	0.95
0.5	2	38	0.95
0.130434782608696	2	38	0.95
0.53125	2	38	0.95
0.428571428571429	2	38	0.95
0.425	2	38	0.95
0.384615384615385	2	38	0.95
0.521739130434783	2	38	0.95
0.555555555555556	2	38	0.95
0.536585365853659	2	38	0.95
0.32258064516129	2	38	0.95
0.428571428571429	2	38	0.95
0.409090909090909	2	38	0.95
0.306122448979592	2	38	0.95
0.558139534883721	2	38	0.95
0.518518518518518	2	38	0.95
0.6	2	38	0.95
0.979166666666667	2	38	0.95
0.882352941176471	2	38	0.95
0.977777777777778	2	38	0.95
0.961538461538462	2	38	0.95
0.933333333333333	2	38	0.95
0.325581395348837	2	38	0.95
0.136363636363636	2	38	0.95
0.46875	2	38	0.95
0.236842105263158	2	38	0.95
0.96969696969697	2	38	0.95
0.96875	2	38	0.95
1	2	38	0.95
0.478260869565217	2	38	0.95
0.976190476190476	2	38	0.95
0.625	2	38	0.95
0.230769230769231	2	38	0.95
0.35	2	38	0.95
0.225806451612903	2	38	0.95
0.516129032258065	2	38	0.95
0.441176470588235	2	38	0.95
0.95	2	38	0.95
0.404255319148936	2	38	0.95
0.241379310344828	2	38	0.95
1	2	38	0.95
0.142857142857143	2	38	0.95
0.466666666666667	2	38	0.95
0.558139534883721	2	38	0.95
0.833333333333333	2	38	0.95
0.346938775510204	2	38	0.95
0.777777777777778	2	38	0.95
0.777777777777778	2	38	0.95
0.48936170212766	2	38	0.95
0.885714285714286	2	38	0.95
0.918918918918919	2	38	0.95
0.934782608695652	2	38	0.95
0.96969696969697	2	38	0.95
0.454545454545455	2	38	0.95
0.368421052631579	2	38	0.95
0.96	2	38	0.95
0.861111111111111	2	38	0.95
1	2	38	0.95
0.923076923076923	2	38	0.95
0.951219512195122	2	38	0.95
0.942857142857143	2	38	0.95
0.448979591836735	2	38	0.95
0.91304347826087	2	38	0.95
0.979591836734694	2	38	0.95
0.333333333333333	2	38	0.95
0.444444444444444	2	38	0.95
0.526315789473684	2	38	0.95
0.972222222222222	2	38	0.95
0.156862745098039	2	38	0.95
0.371428571428571	2	38	0.95
0.45	2	38	0.95
0.315789473684211	2	38	0.95
0.972222222222222	2	38	0.95
1	2	38	0.95
1	2	38	0.95
0.945945945945946	2	38	0.95
1	2	38	0.95
0.408163265306122	2	38	0.95
0.5	2	38	0.95
0.470588235294118	2	38	0.95
0.454545454545455	2	38	0.95
0.424242424242424	2	38	0.95
0.541666666666667	2	38	0.95
0.448275862068966	2	38	0.95
0.4	2	38	0.95
0.580645161290323	2	38	0.95
0.387096774193548	2	38	0.95
0.416666666666667	2	38	0.95
0.333333333333333	2	38	0.95
0.428571428571429	2	38	0.95
0.382352941176471	2	38	0.95
0.5	2	38	0.95
0.435897435897436	2	38	0.95
0.6	2	38	0.95
0.142857142857143	2	38	0.95
0.444444444444444	2	38	0.95
0.583333333333333	2	38	0.95
0.555555555555556	2	38	0.95
0.475409836065574	2	38	0.95
0.536585365853659	2	38	0.95
0.522727272727273	2	38	0.95
0.368421052631579	2	38	0.95
0.613636363636364	2	38	0.95
0.5	2	38	0.95
0.166666666666667	2	38	0.95
0.166666666666667	2	38	0.95
0.302325581395349	2	38	0.95
0.666666666666667	2	38	0.95
0.551020408163265	2	38	0.95
0.588235294117647	2	38	0.95
0.5	2	38	0.95
0.454545454545455	2	38	0.95
0.516129032258065	2	38	0.95
0.421052631578947	2	38	0.95
0.461538461538462	2	38	0.95
0.473684210526316	2	38	0.95
0.444444444444444	2	38	0.95
0.48	2	38	0.95
0.6	2	38	0.95
0.551724137931034	2	38	0.95
0.4	2	38	0.95
0.428571428571429	2	38	0.95
0.625	2	38	0.95
0.305555555555556	2	38	0.95
0.366666666666667	2	38	0.95
0.526315789473684	2	38	0.95
0.642857142857143	2	38	0.95
0.166666666666667	2	38	0.95
0.529411764705882	2	38	0.95
0.444444444444444	2	38	0.95
0.431818181818182	2	38	0.95
0.388888888888889	2	38	0.95
0.480769230769231	2	38	0.95
0.463414634146341	2	38	0.95
0.571428571428571	2	38	0.95
0.666666666666667	2	38	0.95
0.487179487179487	2	38	0.95
0.418604651162791	2	38	0.95
0.333333333333333	2	38	0.95
0.520833333333333	2	38	0.95
0.358974358974359	2	38	0.95
0.551020408163265	2	38	0.95
0.315789473684211	2	38	0.95
0.222222222222222	2	38	0.95
0.472222222222222	2	38	0.95
0.717948717948718	2	38	0.95
0.525	2	38	0.95
0.433333333333333	2	38	0.95
0.487179487179487	2	38	0.95
0.233333333333333	2	38	0.95
0.404255319148936	2	38	0.95
0.444444444444444	2	38	0.95
0.217391304347826	2	38	0.95
0.390243902439024	2	38	0.95
0.465116279069767	2	38	0.95
0.531914893617021	2	38	0.95
0.375	2	38	0.95
0.361111111111111	2	38	0.95
0.230769230769231	2	38	0.95
0.421052631578947	2	38	0.95
0.166666666666667	2	38	0.95
0.318181818181818	2	38	0.95
0.395348837209302	2	38	0.95
0.46	2	38	0.95
0.38	2	38	0.95
0.564102564102564	2	38	0.95
0.595238095238095	2	38	0.95
0.422222222222222	2	38	0.95
0.480769230769231	2	38	0.95
0.348837209302326	2	38	0.95
0.46875	2	38	0.95
0.393939393939394	2	38	0.95
0.276595744680851	2	38	0.95
0.441860465116279	2	38	0.95
0.342105263157895	2	38	0.95
0.382978723404255	2	38	0.95
0.379310344827586	2	38	0.95
0.4	2	38	0.95
0.490909090909091	2	38	0.95
0.44	2	38	0.95
0.454545454545455	2	38	0.95
0.444444444444444	2	38	0.95
0.393939393939394	2	38	0.95
0.41304347826087	2	38	0.95
0.404761904761905	2	38	0.95
0.615384615384615	2	38	0.95
0.186046511627907	2	38	0.95
0.464285714285714	2	38	0.95
0.48780487804878	2	38	0.95
0.446428571428571	2	38	0.95
0.37037037037037	2	38	0.95
0.538461538461538	2	38	0.95
0.452380952380952	2	38	0.95
0.574468085106383	2	38	0.95
0.268292682926829	2	38	0.95
0.5	2	38	0.95
0.307692307692308	2	38	0.95
0.411764705882353	2	38	0.95
0.522727272727273	2	38	0.95
0.391304347826087	2	38	0.95
0.48	2	38	0.95
0.324324324324324	2	38	0.95
0.552631578947368	2	38	0.95
0.314285714285714	2	38	0.95
0.5	2	38	0.95
0.432432432432432	2	38	0.95
0.3	2	38	0.95
0.444444444444444	2	38	0.95
0.452830188679245	2	38	0.95
0.5	2	38	0.95
0.577777777777778	2	38	0.95
0.363636363636364	2	38	0.95
0.358974358974359	2	38	0.95
0.558139534883721	2	38	0.95
0.583333333333333	2	38	0.95
0.4	2	38	0.95
0.392857142857143	2	38	0.95
0.5	2	38	0.95
0.366666666666667	2	38	0.95
0.538461538461538	2	38	0.95
0.46875	2	38	0.95
0.448979591836735	2	38	0.95
0.693877551020408	2	38	0.95
0.434782608695652	2	38	0.95
0.51219512195122	2	38	0.95
0.4375	2	38	0.95
0.578947368421053	2	38	0.95
0.230769230769231	2	38	0.95
0.421052631578947	2	38	0.95
0.454545454545455	2	38	0.95
0.258064516129032	2	38	0.95
0.439024390243902	2	38	0.95
0.206896551724138	2	38	0.95
0.6	2	38	0.95
0.46875	2	38	0.95
0.538461538461538	2	38	0.95
0.30952380952381	2	38	0.95
0.387755102040816	2	38	0.95
0.285714285714286	2	38	0.95
0.552631578947368	2	38	0.95
0.595744680851064	2	38	0.95
0.324324324324324	2	38	0.95
0.325581395348837	2	38	0.95
0.333333333333333	2	38	0.95
0.456521739130435	2	38	0.95
0.485714285714286	2	38	0.95
0.51219512195122	2	38	0.95
0.557692307692308	2	38	0.95
0.333333333333333	2	38	0.95
0.305555555555556	2	38	0.95
0.59375	2	38	0.95
0.549019607843137	2	38	0.95
0.777777777777778	2	38	0.95
0.368421052631579	2	38	0.95
0.304347826086957	2	38	0.95
0.560975609756098	2	38	0.95
0.447368421052632	2	38	0.95
0.294117647058824	2	38	0.95
0.478260869565217	2	38	0.95
0.107142857142857	2	38	0.95
0.315789473684211	2	38	0.95
0.645161290322581	2	38	0.95
0.195121951219512	2	38	0.95
0.416666666666667	2	38	0.95
0.117647058823529	2	38	0.95
0.574468085106383	2	38	0.95
0.342105263157895	2	38	0.95
0.473684210526316	2	38	0.95
0.436363636363636	2	38	0.95
0.5	2	38	0.95
0.458333333333333	2	38	0.95
0.411764705882353	2	38	0.95
0.444444444444444	2	38	0.95
0.382352941176471	2	38	0.95
0.488888888888889	2	38	0.95
0.5	2	38	0.95
0.454545454545455	2	38	0.95
0.275862068965517	2	38	0.95
0.513513513513513	2	38	0.95
0.394736842105263	2	38	0.95
0.428571428571429	2	38	0.95
0.380952380952381	2	38	0.95
0.368421052631579	2	38	0.95
0.365853658536585	2	38	0.95
0.297297297297297	2	38	0.95
0.411764705882353	2	38	0.95
0.511111111111111	2	38	0.95
0.444444444444444	2	38	0.95
0.146341463414634	2	38	0.95
0.130434782608696	2	38	0.95
0.3	2	38	0.95
0.142857142857143	2	38	0.95
0.525	2	38	0.95
0.317073170731707	2	38	0.95
0.305555555555556	2	38	0.95
0.352941176470588	2	38	0.95
0.388888888888889	2	38	0.95
0.290322580645161	2	38	0.95
0.46	2	38	0.95
0.533333333333333	2	38	0.95
0.363636363636364	2	38	0.95
0.571428571428571	2	38	0.95
0.285714285714286	2	38	0.95
0.476190476190476	2	38	0.95
0.475	2	38	0.95
0.555555555555556	2	38	0.95
0.517241379310345	2	38	0.95
0.461538461538462	2	38	0.95
0.5	2	38	0.95
0.263157894736842	2	38	0.95
0.375	2	38	0.95
0.326086956521739	2	38	0.95
0.348837209302326	2	38	0.95
0.5	2	38	0.95
0.58695652173913	2	38	0.95
0.595744680851064	2	38	0.95
0.363636363636364	2	38	0.95
0.5	2	38	0.95
0.545454545454545	2	38	0.95
0.476190476190476	2	38	0.95
0.268292682926829	2	38	0.95
0.342857142857143	2	38	0.95
0.270833333333333	2	38	0.95
0.566666666666667	2	38	0.95
0.628571428571429	2	38	0.95
0.471698113207547	2	38	0.95
0.233333333333333	2	38	0.95
0.424242424242424	2	38	0.95
0.363636363636364	2	38	0.95
0.365853658536585	2	38	0.95
0.395348837209302	2	38	0.95
0.5	2	38	0.95
0.431818181818182	2	38	0.95
0.513513513513513	2	38	0.95
0.1875	2	38	0.95
0.46875	2	38	0.95
0.411764705882353	2	38	0.95
0.365853658536585	2	38	0.95
0.510204081632653	2	38	0.95
0.470588235294118	2	38	0.95
0.733333333333333	2	38	0.95
0.4	2	38	0.95
0.473684210526316	2	38	0.95
0.425	2	38	0.95
0.421052631578947	2	38	0.95
0.5	2	38	0.95
0.388888888888889	2	38	0.95
0.30952380952381	2	38	0.95
0.333333333333333	2	38	0.95
0.425925925925926	2	38	0.95
0.638297872340426	2	38	0.95
0.628571428571429	2	38	0.95
0.19047619047619	2	38	0.95
0.325	2	38	0.95
0.142857142857143	2	38	0.95
0.533333333333333	2	38	0.95
0.511111111111111	2	38	0.95
0.473684210526316	2	38	0.95
0.448979591836735	2	38	0.95
0.577777777777778	2	38	0.95
0.485714285714286	2	38	0.95
0.571428571428571	2	38	0.95
0.428571428571429	2	38	0.95
0.5	2	38	0.95
0.444444444444444	2	38	0.95
0.511627906976744	2	38	0.95
0.351351351351351	2	38	0.95
0.456521739130435	2	38	0.95
0.6	2	38	0.95
0.5	2	38	0.95
0.44	2	38	0.95
0.5	2	38	0.95
0.489795918367347	2	38	0.95
0.2	2	38	0.95
0.5	2	38	0.95
0.371428571428571	2	38	0.95
0.46875	2	38	0.95
0.615384615384615	2	38	0.95
0.48936170212766	2	38	0.95
0.394736842105263	2	38	0.95
0.222222222222222	2	38	0.95
0.611111111111111	2	38	0.95
0.28	2	38	0.95
0.411764705882353	2	38	0.95
0.464285714285714	2	38	0.95
0.450980392156863	2	38	0.95
0.552631578947368	2	38	0.95
0.5	2	38	0.95
0.514285714285714	2	38	0.95
0.560975609756098	2	38	0.95
0.536585365853659	2	38	0.95
0.405405405405405	2	38	0.95
0.372093023255814	2	38	0.95
0.444444444444444	2	38	0.95
0.513513513513513	2	38	0.95
0.444444444444444	2	38	0.95
0.425	2	38	0.95
0.476190476190476	2	38	0.95
0.363636363636364	2	38	0.95
0.58695652173913	2	38	0.95
0.425925925925926	2	38	0.95
0.487179487179487	2	38	0.95
0.387096774193548	2	38	0.95
0.540540540540541	2	38	0.95
0.44	2	38	0.95
0.785714285714286	2	38	0.95
0.6	2	38	0.95
0.4	2	38	0.95
0.48936170212766	2	38	0.95
0.444444444444444	2	38	0.95
0.444444444444444	2	38	0.95
0.5	2	38	0.95
0.4	2	38	0.95
0.5	2	38	0.95
0.13953488372093	2	38	0.95
0.470588235294118	2	38	0.95
0.354838709677419	2	38	0.95
0.444444444444444	2	38	0.95
0.171428571428571	2	38	0.95
0.157894736842105	2	38	0.95
0.645161290322581	2	38	0.95
0.488372093023256	2	38	0.95
0.525423728813559	2	38	0.95
0.466666666666667	2	38	0.95
0.404761904761905	2	38	0.95
0.519230769230769	2	38	0.95
0.470588235294118	2	38	0.95
0.48	2	38	0.95
0.136363636363636	2	38	0.95
0.442307692307692	2	38	0.95
0.5	2	38	0.95
0.490566037735849	2	38	0.95
0.547169811320755	2	38	0.95
0.186046511627907	2	38	0.95
0.193548387096774	2	38	0.95
0.567567567567568	2	38	0.95
0.382352941176471	2	38	0.95
0.458333333333333	2	38	0.95
0.166666666666667	2	38	0.95
0.275	2	38	0.95
0.476190476190476	2	38	0.95
0.390243902439024	2	38	0.95
0.25531914893617	2	38	0.95
0.4	2	38	0.95
0.285714285714286	2	38	0.95
0.441176470588235	2	38	0.95
0.568627450980392	2	38	0.95
0.393939393939394	2	38	0.95
0.390243902439024	2	38	0.95
0.59375	2	38	0.95
0.488372093023256	2	38	0.95
0.538461538461538	2	38	0.95
0.571428571428571	2	38	0.95
0.387096774193548	2	38	0.95
0.5	2	38	0.95
0.414634146341463	2	38	0.95
0.404255319148936	2	38	0.95
0.521739130434783	2	38	0.95
0.341463414634146	2	38	0.95
0.486486486486487	2	38	0.95
0.59375	2	38	0.95
0.48780487804878	2	38	0.95
0.452380952380952	2	38	0.95
0.21875	2	38	0.95
0.585365853658537	2	38	0.95
0.461538461538462	2	38	0.95
0.5	2	38	0.95
0.333333333333333	2	38	0.95
0.473684210526316	2	38	0.95
0.465116279069767	2	38	0.95
0.454545454545455	2	38	0.95
0.348837209302326	2	38	0.95
0.48780487804878	2	38	0.95
0.414634146341463	2	38	0.95
0.475	2	38	0.95
0.48	2	38	0.95
0.375	2	38	0.95
0.518518518518518	2	38	0.95
0.465116279069767	2	38	0.95
0.58695652173913	2	38	0.95
0.444444444444444	2	38	0.95
0.469387755102041	2	38	0.95
0.238095238095238	2	38	0.95
0.628571428571429	2	38	0.95
0.431372549019608	2	38	0.95
0.318181818181818	2	38	0.95
0.233333333333333	2	38	0.95
0.354838709677419	2	38	0.95
0.431372549019608	2	38	0.95
0.325	2	38	0.95
0.41304347826087	2	38	0.95
0.230769230769231	2	38	0.95
0.475	2	38	0.95
0.176470588235294	2	38	0.95
0.485714285714286	2	38	0.95
0.444444444444444	2	38	0.95
0.428571428571429	2	38	0.95
0.566666666666667	2	38	0.95
0.214285714285714	2	38	0.95
0.153846153846154	2	38	0.95
0.611111111111111	2	38	0.95
0.410714285714286	2	38	0.95
0.366666666666667	2	38	0.95
0.564102564102564	2	38	0.95
0.403508771929825	2	38	0.95
0.386363636363636	2	38	0.95
0.543478260869565	2	38	0.95
0.456521739130435	2	38	0.95
0.307692307692308	2	38	0.95
0.540540540540541	2	38	0.95
0.152173913043478	2	38	0.95
0.145833333333333	2	38	0.95
0.25	2	38	0.95
0.465116279069767	2	38	0.95
0.415094339622642	2	38	0.95
0.534883720930233	2	38	0.95
0.428571428571429	2	38	0.95
0.342105263157895	2	38	0.95
0.619047619047619	2	38	0.95
0.545454545454545	2	38	0.95
0.565217391304348	2	38	0.95
0.114285714285714	2	38	0.95
0.583333333333333	2	38	0.95
0.3	2	38	0.95
0.404761904761905	2	38	0.95
0.333333333333333	2	38	0.95
0.472222222222222	2	38	0.95
0.333333333333333	2	38	0.95
0.583333333333333	2	38	0.95
0.382352941176471	2	38	0.95
0.444444444444444	2	38	0.95
0.302325581395349	2	38	0.95
0.5	2	38	0.95
0.487179487179487	2	38	0.95
0.571428571428571	2	38	0.95
0.326923076923077	2	38	0.95
0.5	2	38	0.95
0.454545454545455	2	38	0.95
0.4	2	38	0.95
0.56	2	38	0.95
0.472222222222222	2	38	0.95
0.41025641025641	2	38	0.95
0.461538461538462	2	38	0.95
0.471698113207547	2	38	0.95
0.375	2	38	0.95
0.341463414634146	2	38	0.95
0.59375	2	38	0.95
0.523809523809524	2	38	0.95
0.463414634146341	2	38	0.95
0.390243902439024	2	38	0.95
0.538461538461538	2	38	0.95
0.3	2	38	0.95
0.475	2	38	0.95
0.526315789473684	2	38	0.95
0.625	2	38	0.95
0.113636363636364	2	38	0.95
0.4375	2	38	0.95
0.282051282051282	2	38	0.95
0.233333333333333	2	38	0.95
0.263157894736842	2	38	0.95
0.439024390243902	2	38	0.95
0.28	2	38	0.95
0.485714285714286	2	38	0.95
0.442307692307692	2	38	0.95
0.487179487179487	2	38	0.95
0.315789473684211	2	38	0.95
0.3125	2	38	0.95
0.416666666666667	2	38	0.95
0.526315789473684	2	38	0.95
0.441860465116279	2	38	0.95
0.625	2	38	0.95
0.551724137931034	2	38	0.95
0.368421052631579	2	38	0.95
0.357142857142857	2	38	0.95
0.408163265306122	2	38	0.95
0.492063492063492	2	38	0.95
0.418604651162791	2	38	0.95
0.513513513513513	2	38	0.95
0.4375	2	38	0.95
0.484848484848485	2	38	0.95
0.44	2	38	0.95
0.456521739130435	2	38	0.95
0.468085106382979	2	38	0.95
0.480769230769231	2	38	0.95
0.571428571428571	2	38	0.95
0.448275862068966	2	38	0.95
0.441860465116279	2	38	0.95
0.465116279069767	2	38	0.95
0.5	2	38	0.95
0.479166666666667	2	38	0.95
0.419354838709677	2	38	0.95
0.354166666666667	2	38	0.95
0.409090909090909	2	38	0.95
0.432432432432432	2	38	0.95
0.422222222222222	2	38	0.95
0.423076923076923	2	38	0.95
0.461538461538462	2	38	0.95
0.464285714285714	2	38	0.95
0.58974358974359	2	38	0.95
0.368421052631579	2	38	0.95
0.468085106382979	2	38	0.95
0.666666666666667	2	38	0.95
0.352941176470588	2	38	0.95
0.547169811320755	2	38	0.95
0.479166666666667	2	38	0.95
0.6	2	38	0.95
0.609756097560976	2	38	0.95
0.128205128205128	2	38	0.95
0.425	2	38	0.95
0.525	2	38	0.95
0.5	2	38	0.95
0.4	2	38	0.95
0.548387096774194	2	38	0.95
0.484848484848485	2	38	0.95
0.425	2	38	0.95
0.393939393939394	2	38	0.95
0.40625	2	38	0.95
0.15	2	38	0.95
0.534883720930233	2	38	0.95
0.485714285714286	2	38	0.95
0.358974358974359	2	38	0.95
0.525	2	38	0.95
0.421052631578947	2	38	0.95
0.552631578947368	2	38	0.95
0.45	2	38	0.95
0.342857142857143	2	38	0.95
0.390243902439024	2	38	0.95
0.368421052631579	2	38	0.95
0.326530612244898	2	38	0.95
0.483870967741935	2	38	0.95
0.390243902439024	2	38	0.95
0.461538461538462	2	38	0.95
0.425531914893617	2	38	0.95
0.477272727272727	2	38	0.95
0.538461538461538	2	38	0.95
0.56	2	38	0.95
0.588235294117647	2	38	0.95
0.583333333333333	2	38	0.95
0.421052631578947	2	38	0.95
0.571428571428571	2	38	0.95
0.470588235294118	2	38	0.95
0.48780487804878	2	38	0.95
0.285714285714286	2	38	0.95
0.4	2	38	0.95
0.104166666666667	2	38	0.95
0.605263157894737	2	38	0.95
0.414634146341463	2	38	0.95
0.486486486486487	2	38	0.95
0.657142857142857	2	38	0.95
0.580645161290323	2	38	0.95
0.615384615384615	2	38	0.95
0.416666666666667	2	38	0.95
0.509803921568627	2	38	0.95
0.461538461538462	2	38	0.95
0.408163265306122	2	38	0.95
0.595238095238095	2	38	0.95
0.575	2	38	0.95
0.476190476190476	2	38	0.95
0.555555555555556	2	38	0.95
0.477272727272727	2	38	0.95
0.25	2	38	0.95
0.411764705882353	2	38	0.95
0.636363636363636	2	38	0.95
0.405405405405405	2	38	0.95
0.189189189189189	2	38	0.95
0.40625	2	38	0.95
0.485714285714286	2	38	0.95
0.7	2	38	0.95
0.564102564102564	2	38	0.95
0.5	2	38	0.95
0.352941176470588	2	38	0.95
0.604166666666667	2	38	0.95
0.461538461538462	2	38	0.95
0.393939393939394	2	38	0.95
0.409090909090909	2	38	0.95
0.538461538461538	2	38	0.95
0.486486486486487	2	38	0.95
0.295454545454545	2	38	0.95
0.413793103448276	2	38	0.95
0.540540540540541	2	38	0.95
0.6	2	38	0.95
0.44	2	38	0.95
0.612903225806452	2	38	0.95
0.469387755102041	2	38	0.95
0.368421052631579	2	38	0.95
0.368421052631579	2	38	0.95
0.414634146341463	2	38	0.95
0.405405405405405	2	38	0.95
0.464285714285714	2	38	0.95
0.5	2	38	0.95
0.514285714285714	2	38	0.95
0.145833333333333	2	38	0.95
0.351351351351351	2	38	0.95
0.615384615384615	2	38	0.95
0.266666666666667	2	38	0.95
0.588235294117647	2	38	0.95
0.526315789473684	2	38	0.95
1	2	38	0.95
0.428571428571429	2	38	0.95
0.513513513513513	2	38	0.95
0.472222222222222	2	38	0.95
0.557692307692308	2	38	0.95
0.560975609756098	2	38	0.95
0.452380952380952	2	38	0.95
0.488372093023256	2	38	0.95
0.545454545454545	2	38	0.95
0.302325581395349	2	38	0.95
0.51063829787234	2	38	0.95
0.44	2	38	0.95
0.526315789473684	2	38	0.95
0.551724137931034	2	38	0.95
0.5625	2	38	0.95
0.454545454545455	2	38	0.95
0.5	2	38	0.95
0.363636363636364	2	38	0.95
0.382352941176471	2	38	0.95
0.510204081632653	2	38	0.95
0.134615384615385	2	38	0.95
0.484848484848485	2	38	0.95
0.34375	2	38	0.95
0.4	2	38	0.95
1	2	38	0.95
0.578947368421053	2	38	0.95
0.536585365853659	2	38	0.95
0.357142857142857	2	38	0.95
0.303030303030303	2	38	0.95
0.393939393939394	2	38	0.95
0.479166666666667	2	38	0.95
0.363636363636364	2	38	0.95
0.461538461538462	2	38	0.95
0.454545454545455	2	38	0.95
0.538461538461538	2	38	0.95
0.444444444444444	2	38	0.95
0.857142857142857	2	38	0.95
0.352941176470588	2	38	0.95
0.488372093023256	2	38	0.95
0.666666666666667	2	38	0.95
0.466666666666667	2	38	0.95
0.111111111111111	2	38	0.95
0.439024390243902	2	38	0.95
0.46875	2	38	0.95
0.486486486486487	2	38	0.95
0.5	2	38	0.95
0.275	2	38	0.95
0.558823529411765	2	38	0.95
0.540540540540541	2	38	0.95
0.391304347826087	2	38	0.95
0.159090909090909	2	38	0.95
0.325581395348837	2	38	0.95
0.393939393939394	2	38	0.95
0.423076923076923	2	38	0.95
0.431818181818182	2	38	0.95
0.46875	2	38	0.95
0.435483870967742	2	38	0.95
0.372093023255814	2	38	0.95
0.452380952380952	2	38	0.95
0.354838709677419	2	38	0.95
0.378378378378378	2	38	0.95
0.490196078431373	2	38	0.95
0.325	2	38	0.95
0.357142857142857	2	38	0.95
0.314285714285714	2	38	0.95
0.48780487804878	2	38	0.95
0.393939393939394	2	38	0.95
0.393939393939394	2	38	0.95
0.32	2	38	0.95
0.375	2	38	0.95
0.488372093023256	2	38	0.95
0.411764705882353	2	38	0.95
0.644444444444444	2	38	0.95
0.5	2	38	0.95
0.5	2	38	0.95
0.352941176470588	2	38	0.95
0.418604651162791	2	38	0.95
0.388888888888889	2	38	0.95
0.386363636363636	2	38	0.95
0.409090909090909	2	38	0.95
0.447368421052632	2	38	0.95
0.386363636363636	2	38	0.95
0.435897435897436	2	38	0.95
0.5	2	38	0.95
0.214285714285714	2	38	0.95
0.392156862745098	2	38	0.95
0.454545454545455	2	38	0.95
0.447368421052632	2	38	0.95
0.45	2	38	0.95
0.351351351351351	2	38	0.95
0.488372093023256	2	38	0.95
0.51063829787234	2	38	0.95
0.377777777777778	2	38	0.95
0.425531914893617	2	38	0.95
0.333333333333333	2	38	0.95
0.560975609756098	2	38	0.95
0.45	2	38	0.95
0.446808510638298	2	38	0.95
0.390243902439024	2	38	0.95
0.390243902439024	2	38	0.95
0.511111111111111	2	38	0.95
0.472222222222222	2	38	0.95
0.204081632653061	2	38	0.95
0.526315789473684	2	38	0.95
0.454545454545455	2	38	0.95
0.461538461538462	2	38	0.95
0.170212765957447	2	38	0.95
0.58974358974359	2	38	0.95
0.214285714285714	2	38	0.95
0.333333333333333	2	38	0.95
0.357142857142857	2	38	0.95
0.482758620689655	2	38	0.95
0.48780487804878	2	38	0.95
0.419354838709677	2	38	0.95
0.560975609756098	2	38	0.95
0.5	2	38	0.95
0.547169811320755	2	38	0.95
0.566666666666667	2	38	0.95
0.5	2	38	0.95
0.413793103448276	2	38	0.95
0.485714285714286	2	38	0.95
0.327272727272727	2	38	0.95
0.391304347826087	2	38	0.95
0.475	2	38	0.95
0.558823529411765	2	38	0.95
0.620689655172414	2	38	0.95
0.166666666666667	2	38	0.95
0.388888888888889	2	38	0.95
0.56	2	38	0.95
0.488372093023256	2	38	0.95
0.391304347826087	2	38	0.95
0.4	2	38	0.95
0.4	2	38	0.95
0.318181818181818	2	38	0.95
0.366666666666667	2	38	0.95
0.585365853658537	2	38	0.95
0.488372093023256	2	38	0.95
0.256410256410256	2	38	0.95
0.423076923076923	2	38	0.95
0.369565217391304	2	38	0.95
0.32	2	38	0.95
0.541666666666667	2	38	0.95
0.636363636363636	2	38	0.95
0.432432432432432	2	38	0.95
0.657894736842105	2	38	0.95
0.458333333333333	2	38	0.95
0.4	2	38	0.95
0.407407407407407	2	38	0.95
0.510204081632653	2	38	0.95
0.371428571428571	2	38	0.95
0.321428571428571	2	38	0.95
0.470588235294118	2	38	0.95
0.48780487804878	2	38	0.95
0.617647058823529	2	38	0.95
0.511111111111111	2	38	0.95
0.428571428571429	2	38	0.95
0.542857142857143	2	38	0.95
0.583333333333333	2	38	0.95
0.315789473684211	2	38	0.95
0.608695652173913	2	38	0.95
0.628571428571429	2	38	0.95
0.352941176470588	2	38	0.95
0.458333333333333	2	38	0.95
0.441860465116279	2	38	0.95
0.108695652173913	2	38	0.95
0.488372093023256	2	38	0.95
0.48780487804878	2	38	0.95
0.432432432432432	2	38	0.95
0.434782608695652	2	38	0.95
0.25	2	38	0.95
0.476190476190476	2	38	0.95
0.272727272727273	2	38	0.95
0.666666666666667	2	38	0.95
0.372549019607843	2	38	0.95
0.44	2	38	0.95
0.777777777777778	2	38	0.95
0.588235294117647	2	38	0.95
0.421052631578947	2	38	0.95
0.510204081632653	2	38	0.95
0.428571428571429	2	38	0.95
0.0895522388059701	2	38	0.95
0.608695652173913	2	38	0.95
0.475	2	38	0.95
0.542857142857143	2	38	0.95
0.333333333333333	2	38	0.95
0.418604651162791	2	38	0.95
0.333333333333333	2	38	0.95
0.357142857142857	2	38	0.95
0.405405405405405	2	38	0.95
0.702702702702703	2	38	0.95
0.157894736842105	2	38	0.95
0.482758620689655	2	38	0.95
0.479166666666667	2	38	0.95
0.428571428571429	2	38	0.95
0.4375	2	38	0.95
0.411764705882353	2	38	0.95
0.323529411764706	2	38	0.95
0.391304347826087	2	38	0.95
0.515151515151515	2	38	0.95
0.311111111111111	2	38	0.95
0.375	2	38	0.95
0.15	2	38	0.95
0.5	2	38	0.95
0.526315789473684	2	38	0.95
0.256410256410256	2	38	0.95
0.121951219512195	2	38	0.95
0.212121212121212	2	38	0.95
0.339622641509434	2	38	0.95
0.5	2	38	0.95
0.315789473684211	2	38	0.95
0.113207547169811	2	38	0.95
0.441176470588235	2	38	0.95
0.392857142857143	2	38	0.95
0.511111111111111	2	38	0.95
0.342105263157895	2	38	0.95
0.181818181818182	2	38	0.95
0.404761904761905	2	38	0.95
0.5625	2	38	0.95
0.416666666666667	2	38	0.95
0.162162162162162	2	38	0.95
0.444444444444444	2	38	0.95
0.146341463414634	2	38	0.95
0.432432432432432	2	38	0.95
0.435897435897436	2	38	0.95
0.51219512195122	2	38	0.95
0.566666666666667	2	38	0.95
0.512820512820513	2	38	0.95
0.413793103448276	2	38	0.95
0.575757575757576	2	38	0.95
0.590909090909091	2	38	0.95
0.5	2	38	0.95
0.485714285714286	2	38	0.95
0.368421052631579	2	38	0.95
0.486486486486487	2	38	0.95
0.461538461538462	2	38	0.95
0.333333333333333	2	38	0.95
0.448979591836735	2	38	0.95
0.619047619047619	2	38	0.95
0.452380952380952	2	38	0.95
0.555555555555556	2	38	0.95
0.5625	2	38	0.95
0.485714285714286	2	38	0.95
0.394736842105263	2	38	0.95
0.358974358974359	2	38	0.95
0.482758620689655	2	38	0.95
0.488888888888889	2	38	0.95
0.555555555555556	2	38	0.95
0.3125	2	38	0.95
0.446428571428571	2	38	0.95
0.468085106382979	2	38	0.95
0.5	2	38	0.95
0.485714285714286	2	38	0.95
0.4	2	38	0.95
0.533333333333333	2	38	0.95
0.444444444444444	2	38	0.95
0.441176470588235	2	38	0.95
0.333333333333333	2	38	0.95
0.529411764705882	2	38	0.95
0.5	2	38	0.95
0.4	2	38	0.95
0.333333333333333	2	38	0.95
0.575	2	38	0.95
0.153846153846154	2	38	0.95
0.395348837209302	2	38	0.95
0.166666666666667	2	38	0.95
0.571428571428571	2	38	0.95
0.358974358974359	2	38	0.95
0.517241379310345	2	38	0.95
0.551724137931034	2	38	0.95
0.425	2	38	0.95
0.490566037735849	2	38	0.95
0.540540540540541	2	38	0.95
0.318181818181818	2	38	0.95
0.375	2	38	0.95
0.387096774193548	2	38	0.95
0.346153846153846	2	38	0.95
0.576923076923077	2	38	0.95
0.424242424242424	2	38	0.95
0.423076923076923	2	38	0.95
0.3	2	38	0.95
0.294117647058824	2	38	0.95
0.563636363636364	2	38	0.95
0.521739130434783	2	38	0.95
0.481481481481481	2	38	0.95
0.404761904761905	2	38	0.95
0.45	2	38	0.95
0.566666666666667	2	38	0.95
0.469387755102041	2	38	0.95
0.516129032258065	2	38	0.95
0.521739130434783	2	38	0.95
0.333333333333333	2	38	0.95
0.357142857142857	2	38	0.95
0.5	2	38	0.95
0.222222222222222	2	38	0.95
0.25	2	38	0.95
0.285714285714286	2	38	0.95
0.266666666666667	2	38	0.95
0.266666666666667	2	38	0.95
0.3	2	38	0.95
0.517241379310345	2	38	0.95
0.388888888888889	2	38	0.95
0.578947368421053	2	38	0.95
0.456521739130435	2	38	0.95
0.468085106382979	2	38	0.95
0.3125	2	38	0.95
0.466666666666667	2	38	0.95
0.612903225806452	2	38	0.95
0.5	2	38	0.95
0.46875	2	38	0.95
0.127659574468085	2	38	0.95
0.481481481481481	2	38	0.95
0.485714285714286	2	38	0.95
0.371428571428571	2	38	0.95
0.51063829787234	2	38	0.95
0.575	2	38	0.95
0.565217391304348	2	38	0.95
0.534883720930233	2	38	0.95
0.511627906976744	2	38	0.95
0.530612244897959	2	38	0.95
0.394736842105263	2	38	0.95
0.375	2	38	0.95
0.613636363636364	2	38	0.95
0.5	2	38	0.95
0.432432432432432	2	38	0.95
0.441860465116279	2	38	0.95
0.522727272727273	2	38	0.95
0.513513513513513	2	38	0.95
0.6	2	38	0.95
0.580645161290323	2	38	0.95
0.194444444444444	2	38	0.95
0.529411764705882	2	38	0.95
0.472222222222222	2	38	0.95
0.319148936170213	2	38	0.95
0.4	2	38	0.95
0.565217391304348	2	38	0.95
0.227272727272727	2	38	0.95
0.175	2	38	0.95
0.377777777777778	2	38	0.95
0.571428571428571	2	38	0.95
0.529411764705882	2	38	0.95
0.44	2	38	0.95
0.536585365853659	2	38	0.95
0.181818181818182	2	38	0.95
0.357142857142857	2	38	0.95
0.191489361702128	2	38	0.95
0.358974358974359	2	38	0.95
0.472222222222222	2	38	0.95
0.511627906976744	2	38	0.95
0.409090909090909	2	38	0.95
0.480769230769231	2	38	0.95
0.295454545454545	2	38	0.95
0.416666666666667	2	38	0.95
0.461538461538462	2	38	0.95
0.358974358974359	2	38	0.95
0.416666666666667	2	38	0.95
0.432432432432432	2	38	0.95
0.634146341463415	2	38	0.95
0.424242424242424	2	38	0.95
0.418604651162791	2	38	0.95
0.378378378378378	2	38	0.95
0.575757575757576	2	38	0.95
0.432432432432432	2	38	0.95
0.533333333333333	2	38	0.95
0.416666666666667	2	38	0.95
0.142857142857143	2	38	0.95
0.552631578947368	2	38	0.95
0.375	2	38	0.95
0.318181818181818	2	38	0.95
0.461538461538462	2	38	0.95
0.463414634146341	2	38	0.95
0.25	2	38	0.95
0.352941176470588	2	38	0.95
0.542857142857143	2	38	0.95
0.294117647058824	2	38	0.95
0.511111111111111	2	38	0.95
0.428571428571429	2	38	0.95
0.488372093023256	2	38	0.95
0.471698113207547	2	38	0.95
0.448275862068966	2	38	0.95
0.511627906976744	2	38	0.95
0.122448979591837	2	38	0.95
0.605263157894737	2	38	0.95
0.515151515151515	2	38	0.95
0.388888888888889	2	38	0.95
0.318181818181818	2	38	0.95
0.5	2	38	0.95
0.428571428571429	2	38	0.95
0.404255319148936	2	38	0.95
0.446808510638298	2	38	0.95
0.4	2	38	0.95
0.44	2	38	0.95
0.461538461538462	2	38	0.95
0.354166666666667	2	38	0.95
0.324324324324324	2	38	0.95
0.5625	2	38	0.95
0.235294117647059	2	38	0.95
0.481481481481481	2	38	0.95
0.486486486486487	2	38	0.95
0.478260869565217	2	38	0.95
0.466666666666667	2	38	0.95
0.684210526315789	2	38	0.95
0.615384615384615	2	38	0.95
0.394736842105263	2	38	0.95
0.266666666666667	2	38	0.95
0.269230769230769	2	38	0.95
0.548387096774194	2	38	0.95
0.657142857142857	2	38	0.95
1	2	38	0.95
0.526315789473684	2	38	0.95
0.58974358974359	2	38	0.95
0.405405405405405	2	38	0.95
0.35	2	38	0.95
0.642857142857143	2	38	0.95
0.586206896551724	2	38	0.95
0.368421052631579	2	38	0.95
0.45	2	38	0.95
0.44	2	38	0.95
0.477272727272727	2	38	0.95
0.509803921568627	2	38	0.95
0.4	2	38	0.95
0.428571428571429	2	38	0.95
0.5	2	38	0.95
0.181818181818182	2	38	0.95
0.366666666666667	2	38	0.95
0.41304347826087	2	38	0.95
0.45	2	38	0.95
0.48	2	38	0.95
0.51219512195122	2	38	0.95
0.447368421052632	2	38	0.95
0.48	2	38	0.95
0.456521739130435	2	38	0.95
0.375	2	38	0.95
0.461538461538462	2	38	0.95
0.485714285714286	2	38	0.95
0.5	2	38	0.95
0.609756097560976	2	38	0.95
0.105263157894737	2	38	0.95
0.540540540540541	2	38	0.95
0.5	2	38	0.95
0.272727272727273	2	38	0.95
0.48780487804878	2	38	0.95
0.5	2	38	0.95
0.515151515151515	2	38	0.95
0.476190476190476	2	38	0.95
0.488888888888889	2	38	0.95
0.512820512820513	2	38	0.95
0.5	2	38	0.95
0.448979591836735	2	38	0.95
0.5	2	38	0.95
0.472222222222222	2	38	0.95
0.489795918367347	2	38	0.95
0.157894736842105	2	38	0.95
0.51219512195122	2	38	0.95
0.5	2	38	0.95
0.535714285714286	2	38	0.95
0.4	2	38	0.95
0.526315789473684	2	38	0.95
0.304347826086957	2	38	0.95
0.470588235294118	2	38	0.95
0.488888888888889	2	38	0.95
0.459459459459459	2	38	0.95
0.5	2	38	0.95
0.433333333333333	2	38	0.95
0.421052631578947	2	38	0.95
0.395833333333333	2	38	0.95
0.147058823529412	2	38	0.95
0.476190476190476	2	38	0.95
0.689655172413793	2	38	0.95
0.527777777777778	2	38	0.95
0.411764705882353	2	38	0.95
0.512820512820513	2	38	0.95
0.395348837209302	2	38	0.95
0.307692307692308	2	38	0.95
0.36	2	38	0.95
0.540540540540541	2	38	0.95
0.408163265306122	2	38	0.95
0.454545454545455	2	38	0.95
0.488372093023256	2	38	0.95
0.358974358974359	2	38	0.95
0.454545454545455	2	38	0.95
0.425925925925926	2	38	0.95
0.259259259259259	2	38	0.95
0.41025641025641	2	38	0.95
0.166666666666667	2	38	0.95
0.470588235294118	2	38	0.95
0.482142857142857	2	38	0.95
0.647058823529412	2	38	0.95
0.476190476190476	2	38	0.95
0.511111111111111	2	38	0.95
0.894736842105263	2	38	0.95
0.461538461538462	2	38	0.95
0.52	2	38	0.95
0.421052631578947	2	38	0.95
0.534883720930233	2	38	0.95
0.459459459459459	2	38	0.95
0.36734693877551	2	38	0.95
0.552631578947368	2	38	0.95
0.65	2	38	0.95
0.475	2	38	0.95
0.366666666666667	2	38	0.95
0.580645161290323	2	38	0.95
0.535714285714286	2	38	0.95
0.35	2	38	0.95
0.52	2	38	0.95
0.5	2	38	0.95
0.461538461538462	2	38	0.95
0.333333333333333	2	38	0.95
0.575	2	38	0.95
0.333333333333333	2	38	0.95
0.405405405405405	2	38	0.95
0.351851851851852	2	38	0.95
0.588235294117647	2	38	0.95
0.475	2	38	0.95
0.478260869565217	2	38	0.95
0.4	2	38	0.95
0.432432432432432	2	38	0.95
0.387755102040816	2	38	0.95
0.475	2	38	0.95
0.333333333333333	2	38	0.95
0.403508771929825	2	38	0.95
0.441176470588235	2	38	0.95
0.422222222222222	2	38	0.95
0.157894736842105	2	38	0.95
0.371428571428571	2	38	0.95
0.351351351351351	2	38	0.95
0.519230769230769	2	38	0.95
0.323529411764706	2	38	0.95
0.425	2	38	0.95
0.485714285714286	2	38	0.95
0.380952380952381	2	38	0.95
0.456521739130435	2	38	0.95
0.431372549019608	2	38	0.95
0.575	2	38	0.95
0.319148936170213	2	38	0.95
0.395348837209302	2	38	0.95
0.583333333333333	2	38	0.95
0.311111111111111	2	38	0.95
0.304347826086957	2	38	0.95
0.458333333333333	2	38	0.95
0.230769230769231	2	38	0.95
0.5	2	38	0.95
0.535714285714286	2	38	0.95
0.525	2	38	0.95
0.447368421052632	2	38	0.95
0.19047619047619	2	38	0.95
0.466666666666667	2	38	0.95
0.422222222222222	2	38	0.95
0.486486486486487	2	38	0.95
0.564102564102564	2	38	0.95
0.386363636363636	2	38	0.95
0.419354838709677	2	38	0.95
0.4	2	38	0.95
0.466666666666667	2	38	0.95
0.647058823529412	2	38	0.95
0.421052631578947	2	38	0.95
0.302325581395349	2	38	0.95
0.447368421052632	2	38	0.95
0.547169811320755	2	38	0.95
0.638888888888889	2	38	0.95
0.470588235294118	2	38	0.95
0.416666666666667	2	38	0.95
0.333333333333333	2	38	0.95
0.447368421052632	2	38	0.95
0.51219512195122	2	38	0.95
0.5	2	38	0.95
0.34375	2	38	0.95
0.465116279069767	2	38	0.95
0.384615384615385	2	38	0.95
0.119047619047619	2	38	0.95
0.439024390243902	2	38	0.95
0.447368421052632	2	38	0.95
0.450980392156863	2	38	0.95
0.551724137931034	2	38	0.95
0.361702127659574	2	38	0.95
0.564102564102564	2	38	0.95
0.272727272727273	2	38	0.95
0.354838709677419	2	38	0.95
0.421052631578947	2	38	0.95
0.5	2	38	0.95
0.428571428571429	2	38	0.95
0.411764705882353	2	38	0.95
0.4375	2	38	0.95
0.394736842105263	2	38	0.95
0.41025641025641	2	38	0.95
0.416666666666667	2	38	0.95
0.590909090909091	2	38	0.95
0.266666666666667	2	38	0.95
0.442307692307692	2	38	0.95
0.555555555555556	2	38	0.95
0.416666666666667	2	38	0.95
0.41025641025641	2	38	0.95
0.451612903225806	2	38	0.95
0.30952380952381	2	38	0.95
0.530612244897959	2	38	0.95
0.644444444444444	2	38	0.95
0.333333333333333	2	38	0.95
0.543478260869565	2	38	0.95
0.451612903225806	2	38	0.95
0.466666666666667	2	38	0.95
0.769230769230769	2	38	0.95
0.136363636363636	2	38	0.95
0.421052631578947	2	38	0.95
0.227272727272727	2	38	0.95
0.380952380952381	2	38	0.95
0.472222222222222	2	38	0.95
0.404255319148936	2	38	0.95
0.366666666666667	2	38	0.95
0.285714285714286	2	38	0.95
0.342105263157895	2	38	0.95
0.4375	2	38	0.95
0.307692307692308	2	38	0.95
0.5	2	38	0.95
0.590909090909091	2	38	0.95
0.525	2	38	0.95
0.209302325581395	2	38	0.95
0.375	2	38	0.95
0.303030303030303	2	38	0.95
0.358974358974359	2	38	0.95
0.428571428571429	2	38	0.95
0.382352941176471	2	38	0.95
0.439024390243902	2	38	0.95
0.377777777777778	2	38	0.95
0.571428571428571	2	38	0.95
0.566666666666667	2	38	0.95
0.441860465116279	2	38	0.95
0.542857142857143	2	38	0.95
0.4375	2	38	0.95
0.405405405405405	2	38	0.95
0.355555555555556	2	38	0.95
0.5	2	38	0.95
0.470588235294118	2	38	0.95
0.681818181818182	2	38	0.95
0.407407407407407	2	38	0.95
0.432432432432432	2	38	0.95
0.529411764705882	2	38	0.95
0.45	2	38	0.95
0.162162162162162	2	38	0.95
0.552631578947368	2	38	0.95
0.46	2	38	0.95
0.404761904761905	2	38	0.95
0.157894736842105	2	38	0.95
0.428571428571429	2	38	0.95
0.390243902439024	2	38	0.95
0.181818181818182	2	38	0.95
0.261904761904762	2	38	0.95
0.40625	2	38	0.95
0.444444444444444	2	38	0.95
0.395833333333333	2	38	0.95
0.254901960784314	2	38	0.95
0.468085106382979	2	38	0.95
0.321428571428571	2	38	0.95
0.372549019607843	2	38	0.95
0.388888888888889	2	38	0.95
0.457142857142857	2	38	0.95
0.454545454545455	2	38	0.95
0.5	2	38	0.95
0.394736842105263	2	38	0.95
0.393939393939394	2	38	0.95
0.55	2	38	0.95
0.15	2	38	0.95
0.511111111111111	2	38	0.95
0.333333333333333	2	38	0.95
0.615384615384615	2	38	0.95
0.346938775510204	2	38	0.95
0.393939393939394	2	38	0.95
0.352941176470588	2	38	0.95
0.428571428571429	2	38	0.95
0.393939393939394	2	38	0.95
0.48936170212766	2	38	0.95
0.28	2	38	0.95
0.272727272727273	2	38	0.95
0.488372093023256	2	38	0.95
0.346153846153846	2	38	0.95
0.533333333333333	2	38	0.95
0.428571428571429	2	38	0.95
0.441860465116279	2	38	0.95
0.395348837209302	2	38	0.95
0.4375	2	38	0.95
0.486486486486487	2	38	0.95
0.2	2	38	0.95
0.333333333333333	2	38	0.95
0.363636363636364	2	38	0.95
0.388888888888889	2	38	0.95
0.571428571428571	2	38	0.95
0.578947368421053	2	38	0.95
0.414634146341463	2	38	0.95
0.545454545454545	2	38	0.95
0.3	2	38	0.95
0.384615384615385	2	38	0.95
0.523809523809524	2	38	0.95
0.470588235294118	2	38	0.95
0.371428571428571	2	38	0.95
0.468085106382979	2	38	0.95
0.464285714285714	2	38	0.95
0.528301886792453	2	38	0.95
0.571428571428571	2	38	0.95
0.371428571428571	2	38	0.95
0.580645161290323	2	38	0.95
0.55	2	38	0.95
0.416666666666667	2	38	0.95
0.538461538461538	2	38	0.95
0.419354838709677	2	38	0.95
0.432432432432432	2	38	0.95
0.222222222222222	2	38	0.95
0.468085106382979	2	38	0.95
0.428571428571429	2	38	0.95
0.541666666666667	2	38	0.95
0.481481481481481	2	38	0.95
0.584905660377358	2	38	0.95
0.4	2	38	0.95
0.4	2	38	0.95
0.472222222222222	2	38	0.95
0.542857142857143	2	38	0.95
0.407407407407407	2	38	0.95
0.431818181818182	2	38	0.95
0.463414634146341	2	38	0.95
0.541666666666667	2	38	0.95
0.526315789473684	2	38	0.95
0.409090909090909	2	38	0.95
0.483870967741935	2	38	0.95
0.475	2	38	0.95
0.222222222222222	2	38	0.95
0.5	2	38	0.95
0.5	2	38	0.95
0.461538461538462	2	38	0.95
0.583333333333333	2	38	0.95
0.363636363636364	2	38	0.95
0.540540540540541	2	38	0.95
0.363636363636364	2	38	0.95
0.441860465116279	2	38	0.95
0.388888888888889	2	38	0.95
0.483870967741935	2	38	0.95
0.470588235294118	2	38	0.95
0.466666666666667	2	38	0.95
0.409090909090909	2	38	0.95
0.452380952380952	2	38	0.95
0.2	2	38	0.95
0.125	2	38	0.95
0.305882352941176	2	38	0.95
0.358974358974359	2	38	0.95
0.435897435897436	2	38	0.95
0.433333333333333	2	38	0.95
0.4375	2	38	0.95
0.297297297297297	2	38	0.95
0.315789473684211	2	38	0.95
0.555555555555556	2	38	0.95
0.555555555555556	2	38	0.95
0.477272727272727	2	38	0.95
0.433333333333333	2	38	0.95
0.622222222222222	2	38	0.95
0.5	2	38	0.95
0.368421052631579	2	38	0.95
0.409090909090909	2	38	0.95
0.358974358974359	2	38	0.95
0.282051282051282	2	38	0.95
0.545454545454545	2	38	0.95
0.425	2	38	0.95
0.439024390243902	2	38	0.95
0.441176470588235	2	38	0.95
0.295454545454545	2	38	0.95
0.418604651162791	2	38	0.95
0.5	2	38	0.95
0.529411764705882	2	38	0.95
0.418604651162791	2	38	0.95
0.522727272727273	2	38	0.95
0.451612903225806	2	38	0.95
0.552631578947368	2	38	0.95
0.4375	2	38	0.95
0.5625	2	38	0.95
0.4	2	38	0.95
0.193548387096774	2	38	0.95
0.521739130434783	2	38	0.95
0.333333333333333	2	38	0.95
0.513513513513513	2	38	0.95
0.488888888888889	2	38	0.95
0.390243902439024	2	38	0.95
0.571428571428571	2	38	0.95
0.46	2	38	0.95
0.6	2	38	0.95
0.369565217391304	2	38	0.95
0.3	2	38	0.95
0.6	2	38	0.95
0.52	2	38	0.95
0.475	2	38	0.95
0.432432432432432	2	38	0.95
0.35	2	38	0.95
0.272727272727273	2	38	0.95
0.53125	2	38	0.95
0.46875	2	38	0.95
0.512820512820513	2	38	0.95
0.4375	2	38	0.95
0.285714285714286	2	38	0.95
0.535714285714286	2	38	0.95
0.405405405405405	2	38	0.95
0.347826086956522	2	38	0.95
0.571428571428571	2	38	0.95
0.45	2	38	0.95
0.136363636363636	2	38	0.95
0.471698113207547	2	38	0.95
0.421052631578947	2	38	0.95
0.333333333333333	2	38	0.95
0.382978723404255	2	38	0.95
0.525	2	38	0.95
0.365384615384615	2	38	0.95
0.216216216216216	2	38	0.95
0.409090909090909	2	38	0.95
0.666666666666667	2	38	0.95
0.48936170212766	2	38	0.95
0.490566037735849	2	38	0.95
0.313725490196078	2	38	0.95
0.444444444444444	2	38	0.95
0.5	2	38	0.95
0.545454545454545	2	38	0.95
0.476190476190476	2	38	0.95
0.458333333333333	2	38	0.95
0.846153846153846	2	38	0.95
0.558823529411765	2	38	0.95
0.464285714285714	2	38	0.95
0.472222222222222	2	38	0.95
0.4	2	38	0.95
0.392857142857143	2	38	0.95
0.461538461538462	2	38	0.95
0.478260869565217	2	38	0.95
0.5	2	38	0.95
0.447368421052632	2	38	0.95
0.333333333333333	2	38	0.95
0.518518518518518	2	38	0.95
0.419354838709677	2	38	0.95
0.428571428571429	2	38	0.95
0.585365853658537	2	38	0.95
0.5625	2	38	0.95
0.517241379310345	2	38	0.95
0.580645161290323	2	38	0.95
0.333333333333333	2	38	0.95
0.285714285714286	2	38	0.95
0.411764705882353	2	38	0.95
0.512820512820513	2	38	0.95
0.487179487179487	2	38	0.95
0.518518518518518	2	38	0.95
0.414634146341463	2	38	0.95
0.571428571428571	2	38	0.95
0.263157894736842	2	38	0.95
0.484848484848485	2	38	0.95
0.354166666666667	2	38	0.95
0.225806451612903	2	38	0.95
0.454545454545455	2	38	0.95
0.352941176470588	2	38	0.95
0.552631578947368	2	38	0.95
0.666666666666667	2	38	0.95
0.535714285714286	2	38	0.95
0.4	2	38	0.95
0.48780487804878	2	38	0.95
0.457142857142857	2	38	0.95
0.333333333333333	2	38	0.95
0.575757575757576	2	38	0.95
0.526315789473684	2	38	0.95
0.517241379310345	2	38	0.95
0.476190476190476	2	38	0.95
0.5	2	38	0.95
0.456521739130435	2	38	0.95
0.551724137931034	2	38	0.95
0.571428571428571	2	38	0.95
0.386363636363636	2	38	0.95
0.555555555555556	2	38	0.95
0.363636363636364	2	38	0.95
0.34375	2	38	0.95
0.416666666666667	2	38	0.95
0.575757575757576	2	38	0.95
0.551020408163265	2	38	0.95
0.535714285714286	2	38	0.95
0.566666666666667	2	38	0.95
0.157894736842105	2	38	0.95
0.37037037037037	2	38	0.95
0.477272727272727	2	38	0.95
0.282051282051282	2	38	0.95
0.428571428571429	2	38	0.95
0.309090909090909	2	38	0.95
0.463414634146341	2	38	0.95
0.254545454545455	2	38	0.95
0.594594594594595	2	38	0.95
0.4375	2	38	0.95
0.5	2	38	0.95
0.514285714285714	2	38	0.95
0.571428571428571	2	38	0.95
0.4	2	38	0.95
0.323529411764706	2	38	0.95
0.4	2	38	0.95
0.487179487179487	2	38	0.95
0.368421052631579	2	38	0.95
0.473684210526316	2	38	0.95
0.48	2	38	0.95
0.48936170212766	2	38	0.95
0.44	2	38	0.95
0.323529411764706	2	38	0.95
0.405405405405405	2	38	0.95
0.627906976744186	2	38	0.95
0.526315789473684	2	38	0.95
0.32258064516129	2	38	0.95
0.463414634146341	2	38	0.95
0.444444444444444	2	38	0.95
0.483870967741935	2	38	0.95
0.666666666666667	2	38	0.95
0.290322580645161	2	38	0.95
0.230769230769231	2	38	0.95
0.236842105263158	2	38	0.95
0.256410256410256	2	38	0.95
0.230769230769231	2	38	0.95
0.230769230769231	2	38	0.95
0.269230769230769	2	38	0.95
0.606060606060606	2	38	0.95
0.19047619047619	2	38	0.95
0.45	2	38	0.95
0.6	2	38	0.95
0.95	2	38	0.95
0.5	2	38	0.95
0.574468085106383	2	38	0.95
0.371428571428571	2	38	0.95
0.206896551724138	2	38	0.95
0.9375	2	38	0.95
0.448275862068966	2	38	0.95
0.409090909090909	2	38	0.95
0.463414634146341	2	38	0.95
0.441860465116279	2	38	0.95
0.162162162162162	2	38	0.95
0.6	2	38	0.95
0.459459459459459	2	38	0.95
0.181818181818182	2	38	0.95
0.361111111111111	2	38	0.95
0.523809523809524	2	38	0.95
0.461538461538462	2	38	0.95
0.53448275862069	2	38	0.95
0.571428571428571	2	38	0.95
0.5	2	38	0.95
0.5625	2	38	0.95
0.145454545454545	2	38	0.95
0.472222222222222	2	38	0.95
0.304347826086957	2	38	0.95
0.475	2	38	0.95
0.422222222222222	2	38	0.95
0.333333333333333	2	38	0.95
0.439024390243902	2	38	0.95
0.51063829787234	2	38	0.95
0.444444444444444	2	38	0.95
0.357142857142857	2	38	0.95
0.388888888888889	2	38	0.95
0.5	2	38	0.95
0.352941176470588	2	38	0.95
0.733333333333333	2	38	0.95
0.341463414634146	2	38	0.95
0.435897435897436	2	38	0.95
0.407407407407407	2	38	0.95
0.558823529411765	2	38	0.95
0.481481481481481	2	38	0.95
0.46875	2	38	0.95
0.478260869565217	2	38	0.95
0.326086956521739	2	38	0.95
0.24	2	38	0.95
0.473684210526316	2	38	0.95
0.526315789473684	2	38	0.95
0.904761904761905	2	38	0.95
0.56	2	38	0.95
0.37037037037037	2	38	0.95
0.533333333333333	2	38	0.95
0.269230769230769	2	38	0.95
0.375	2	38	0.95
0.529411764705882	2	38	0.95
0.558823529411765	2	38	0.95
0.4	2	38	0.95
0.235294117647059	2	38	0.95
0.260869565217391	2	38	0.95
0.5	2	38	0.95
0.458333333333333	2	38	0.95
0.454545454545455	2	38	0.95
0.368421052631579	2	38	0.95
0.44	2	38	0.95
0.5625	2	38	0.95
0.612903225806452	2	38	0.95
0.142857142857143	2	38	0.95
0.404761904761905	2	38	0.95
