VAF	CN	avg.depth	purity
1	1	15	1
0.888888888888889	1	15	1
0.6	2	30	1
0.6875	2	30	1
0.4375	2	30	1
0.478260869565217	2	30	1
0.571428571428571	2	30	1
0.366666666666667	2	30	1
0.535714285714286	2	30	1
0.526315789473684	2	30	1
0.538461538461538	2	30	1
0.458333333333333	2	30	1
0.352941176470588	2	30	1
0.481481481481481	2	30	1
0.48	2	30	1
0.210526315789474	2	30	1
0.176470588235294	2	30	1
0.428571428571429	2	30	1
0.5	2	30	1
0.225806451612903	2	30	1
0.545454545454545	2	30	1
0.15	2	30	1
0.411764705882353	2	30	1
0.488372093023256	2	30	1
0.590909090909091	2	30	1
0.382352941176471	2	30	1
0.521739130434783	2	30	1
0.647058823529412	2	30	1
0.527777777777778	2	30	1
0.241379310344828	2	30	1
0.37037037037037	2	30	1
0.5625	2	30	1
0.647058823529412	2	30	1
0.542857142857143	2	30	1
0.419354838709677	2	30	1
0.473684210526316	2	30	1
0.5	2	30	1
0.465116279069767	2	30	1
0.428571428571429	2	30	1
0.1875	2	30	1
0.3	2	30	1
0.344827586206897	2	30	1
0.175	2	30	1
0.275862068965517	2	30	1
0.511627906976744	2	30	1
0.228571428571429	2	30	1
0.352941176470588	2	30	1
0.304347826086957	2	30	1
0.121212121212121	2	30	1
0.40625	2	30	1
0.32258064516129	2	30	1
0.526315789473684	2	30	1
0.5	2	30	1
0.515151515151515	2	30	1
0.466666666666667	2	30	1
0.432432432432432	2	30	1
0.481481481481481	2	30	1
0.470588235294118	2	30	1
0.392857142857143	2	30	1
0.472222222222222	2	30	1
0.411764705882353	2	30	1
0.551724137931034	2	30	1
0.166666666666667	2	30	1
0.448275862068966	2	30	1
0.379310344827586	2	30	1
0.583333333333333	2	30	1
0.463414634146341	2	30	1
0.5	2	30	1
0.645161290322581	2	30	1
0.25	2	30	1
0.580645161290323	2	30	1
0.391304347826087	2	30	1
0.666666666666667	2	30	1
0.461538461538462	2	30	1
0.173913043478261	2	30	1
0.4	2	30	1
0.371428571428571	2	30	1
0.45	2	30	1
0.542857142857143	2	30	1
0.52	2	30	1
0.533333333333333	2	30	1
0.566666666666667	2	30	1
0.40625	2	30	1
0.423076923076923	2	30	1
0.416666666666667	2	30	1
0.578947368421053	2	30	1
0.5	2	30	1
0.4	2	30	1
0.4375	2	30	1
0.233333333333333	2	30	1
0.380952380952381	2	30	1
0.571428571428571	2	30	1
0.485714285714286	2	30	1
0.625	2	30	1
0.5	2	30	1
0.486486486486487	2	30	1
0.5	2	30	1
0.5	2	30	1
0.6	2	30	1
0.434782608695652	2	30	1
0.303030303030303	2	30	1
0.636363636363636	2	30	1
0.173913043478261	2	30	1
0.696969696969697	2	30	1
0.405405405405405	2	30	1
0.404255319148936	2	30	1
0.472222222222222	2	30	1
0.525	2	30	1
0.473684210526316	2	30	1
0.392857142857143	2	30	1
0.565217391304348	2	30	1
0.166666666666667	2	30	1
0.609756097560976	2	30	1
0.129032258064516	2	30	1
0.375	2	30	1
0.433333333333333	2	30	1
0.176470588235294	2	30	1
0.952380952380952	2	30	1
0.423076923076923	2	30	1
0.181818181818182	2	30	1
0.394736842105263	2	30	1
0.605263157894737	2	30	1
0.205882352941176	2	30	1
0.52	2	30	1
0.361111111111111	2	30	1
0.285714285714286	2	30	1
0.333333333333333	2	30	1
0.44	2	30	1
0.5	2	30	1
0.625	2	30	1
0.571428571428571	2	30	1
0.458333333333333	2	30	1
0.470588235294118	2	30	1
0.46875	2	30	1
0.476190476190476	2	30	1
0.580645161290323	2	30	1
0.4	2	30	1
0.3	2	30	1
0.558823529411765	2	30	1
0.433333333333333	2	30	1
0.777777777777778	2	30	1
0.289473684210526	2	30	1
0.529411764705882	2	30	1
0.208333333333333	2	30	1
0.4	2	30	1
0.515151515151515	2	30	1
0.5	2	30	1
0.552631578947368	2	30	1
0.5	2	30	1
0.166666666666667	2	30	1
0.475	2	30	1
0.4	2	30	1
0.526315789473684	2	30	1
0.464285714285714	2	30	1
0.407407407407407	2	30	1
0.515151515151515	2	30	1
0.575	2	30	1
0.52	2	30	1
0.315789473684211	2	30	1
0.366666666666667	2	30	1
0.575	2	30	1
0.472222222222222	2	30	1
0.127659574468085	2	30	1
0.478260869565217	2	30	1
0.179487179487179	2	30	1
0.5625	2	30	1
0.391304347826087	2	30	1
0.375	2	30	1
0.533333333333333	2	30	1
0.478260869565217	2	30	1
0.419354838709677	2	30	1
0.52	2	30	1
0.432432432432432	2	30	1
0.4	2	30	1
0.515151515151515	2	30	1
0.6	2	30	1
0.238095238095238	2	30	1
0.560975609756098	2	30	1
0.472222222222222	2	30	1
0.5625	2	30	1
0.45	2	30	1
0.5	2	30	1
0.594594594594595	2	30	1
0.486486486486487	2	30	1
0.259259259259259	2	30	1
0.517241379310345	2	30	1
0.515151515151515	2	30	1
0.478260869565217	2	30	1
0.5	2	30	1
0.5	2	30	1
0.424242424242424	2	30	1
0.466666666666667	2	30	1
0.558823529411765	2	30	1
0.633333333333333	2	30	1
0.619047619047619	2	30	1
0.514285714285714	2	30	1
0.65	2	30	1
0.482758620689655	2	30	1
0.5	2	30	1
0.515151515151515	2	30	1
0.555555555555556	2	30	1
0.386363636363636	2	30	1
0.352941176470588	2	30	1
0.483870967741935	2	30	1
0.470588235294118	2	30	1
0.5	2	30	1
0.451612903225806	2	30	1
0.62962962962963	2	30	1
0.425	2	30	1
0.485714285714286	2	30	1
0.466666666666667	2	30	1
0.478260869565217	2	30	1
0.625	2	30	1
0.368421052631579	2	30	1
0.4	2	30	1
0.451612903225806	2	30	1
0.44	2	30	1
0.533333333333333	2	30	1
0.5	2	30	1
0.540540540540541	2	30	1
0.583333333333333	2	30	1
0.32	2	30	1
0.404761904761905	2	30	1
0.59375	2	30	1
0.473684210526316	2	30	1
0.457142857142857	2	30	1
0.434782608695652	2	30	1
0.583333333333333	2	30	1
0.5	2	30	1
0.441176470588235	2	30	1
0.513513513513513	2	30	1
0.558823529411765	2	30	1
0.424242424242424	2	30	1
0.642857142857143	2	30	1
0.551724137931034	2	30	1
0.48	2	30	1
0.5	2	30	1
0.615384615384615	2	30	1
0.418604651162791	2	30	1
0.454545454545455	2	30	1
0.5	2	30	1
0.392857142857143	2	30	1
0.384615384615385	2	30	1
0.393939393939394	2	30	1
0.433333333333333	2	30	1
0.342857142857143	2	30	1
0.5	2	30	1
0.137931034482759	2	30	1
0.25	2	30	1
0.214285714285714	2	30	1
0.486486486486487	2	30	1
0.555555555555556	2	30	1
0.428571428571429	2	30	1
0.432432432432432	2	30	1
0.5	2	30	1
0.4	2	30	1
0.5	2	30	1
0.37037037037037	2	30	1
0.25	2	30	1
0.515151515151515	2	30	1
0.378378378378378	2	30	1
0.382352941176471	2	30	1
0.1875	2	30	1
0.48936170212766	2	30	1
0.454545454545455	2	30	1
1	2	30	1
0.451612903225806	2	30	1
0.225806451612903	2	30	1
0.5	2	30	1
0.354838709677419	2	30	1
0.317073170731707	2	30	1
0.166666666666667	2	30	1
0.424242424242424	2	30	1
0.548387096774194	2	30	1
0.444444444444444	2	30	1
0.526315789473684	2	30	1
0.444444444444444	2	30	1
0.229166666666667	2	30	1
0.291666666666667	2	30	1
0.5	2	30	1
0.588235294117647	2	30	1
0.512820512820513	2	30	1
0.458333333333333	2	30	1
0.454545454545455	2	30	1
0.515151515151515	2	30	1
0.566666666666667	2	30	1
0.4	2	30	1
0.608695652173913	2	30	1
0.439024390243902	2	30	1
0.352941176470588	2	30	1
0.470588235294118	2	30	1
0.21875	2	30	1
0.583333333333333	2	30	1
0.363636363636364	2	30	1
0.612903225806452	2	30	1
0.472222222222222	2	30	1
0.162162162162162	2	30	1
0.5625	2	30	1
0.441176470588235	2	30	1
0.479166666666667	2	30	1
0.676470588235294	2	30	1
0.578947368421053	2	30	1
0.352941176470588	2	30	1
0.482758620689655	2	30	1
0.257142857142857	2	30	1
0.466666666666667	2	30	1
0.4	2	30	1
0.36	2	30	1
0.459459459459459	2	30	1
0.527777777777778	2	30	1
0.6	2	30	1
0.375	2	30	1
0.375	2	30	1
0.5	2	30	1
0.517241379310345	2	30	1
0.444444444444444	2	30	1
0.538461538461538	2	30	1
0.447368421052632	2	30	1
0.568181818181818	2	30	1
0.333333333333333	2	30	1
0.25	2	30	1
0.576923076923077	2	30	1
0.588235294117647	2	30	1
0.655172413793103	2	30	1
0.538461538461538	2	30	1
0.555555555555556	2	30	1
0.513513513513513	2	30	1
0.516129032258065	2	30	1
0.56	2	30	1
0.193548387096774	2	30	1
0.555555555555556	2	30	1
0.392857142857143	2	30	1
0.607142857142857	2	30	1
0.46875	2	30	1
0.534883720930233	2	30	1
0.482758620689655	2	30	1
0.5	2	30	1
0.517241379310345	2	30	1
0.527777777777778	2	30	1
0.514285714285714	2	30	1
0.580645161290323	2	30	1
0.454545454545455	2	30	1
0.416666666666667	2	30	1
0.333333333333333	2	30	1
0.538461538461538	2	30	1
0.548387096774194	2	30	1
0.225806451612903	2	30	1
0.566666666666667	2	30	1
0.307692307692308	2	30	1
0.290322580645161	2	30	1
0.6	2	30	1
0.485714285714286	2	30	1
0.447368421052632	2	30	1
0.375	2	30	1
0.606060606060606	2	30	1
0.421052631578947	2	30	1
0.394736842105263	2	30	1
0.379310344827586	2	30	1
0.46875	2	30	1
0.53125	2	30	1
0.34375	2	30	1
0.5	2	30	1
0.210526315789474	2	30	1
0.206896551724138	2	30	1
0.177777777777778	2	30	1
0.535714285714286	2	30	1
0.473684210526316	2	30	1
0.384615384615385	2	30	1
0.62962962962963	2	30	1
0.482758620689655	2	30	1
0.454545454545455	2	30	1
0.56	2	30	1
0.441176470588235	2	30	1
0.5	2	30	1
0.485714285714286	2	30	1
0.538461538461538	2	30	1
0.45	2	30	1
0.307692307692308	2	30	1
0.59375	2	30	1
0.461538461538462	2	30	1
0.433333333333333	2	30	1
0.416666666666667	2	30	1
0.533333333333333	2	30	1
0.318181818181818	2	30	1
0.512820512820513	2	30	1
0.321428571428571	2	30	1
0.463414634146341	2	30	1
0.454545454545455	2	30	1
0.333333333333333	2	30	1
0.25	2	30	1
0.611111111111111	2	30	1
0.53125	2	30	1
0.487179487179487	2	30	1
0.515151515151515	2	30	1
0.272727272727273	2	30	1
0.236842105263158	2	30	1
0.7	2	30	1
0.285714285714286	2	30	1
0.444444444444444	2	30	1
0.172413793103448	2	30	1
0.375	2	30	1
0.2	2	30	1
0.71875	2	30	1
0.516129032258065	2	30	1
0.161290322580645	2	30	1
0.571428571428571	2	30	1
0.696969696969697	2	30	1
0.483870967741935	2	30	1
0.466666666666667	2	30	1
0.4375	2	30	1
0.40625	2	30	1
0.48	2	30	1
0.451612903225806	2	30	1
0.2	2	30	1
0.5	2	30	1
0.518518518518518	2	30	1
0.575757575757576	2	30	1
0.424242424242424	2	30	1
0.5	2	30	1
0.48	2	30	1
0.636363636363636	2	30	1
0.483870967741935	2	30	1
0.432432432432432	2	30	1
0.568181818181818	2	30	1
0.5	2	30	1
0.46875	2	30	1
0.625	2	30	1
0.457142857142857	2	30	1
0.558823529411765	2	30	1
0.264705882352941	2	30	1
0.366666666666667	2	30	1
0.5	2	30	1
0.666666666666667	2	30	1
0.538461538461538	2	30	1
0.607142857142857	2	30	1
0.514285714285714	2	30	1
0.46875	2	30	1
0.5	2	30	1
0.375	2	30	1
0.611111111111111	2	30	1
0.695652173913043	2	30	1
0.205882352941176	2	30	1
0.482758620689655	2	30	1
0.434782608695652	2	30	1
0.571428571428571	2	30	1
0.657142857142857	2	30	1
0.545454545454545	2	30	1
0.558823529411765	2	30	1
0.525	2	30	1
0.484848484848485	2	30	1
0.375	2	30	1
0.555555555555556	2	30	1
0.44	2	30	1
0.615384615384615	2	30	1
0.166666666666667	2	30	1
0.363636363636364	2	30	1
0.21875	2	30	1
0.523809523809524	2	30	1
0.5	2	30	1
0.387096774193548	2	30	1
0.607142857142857	2	30	1
0.5	2	30	1
0.387096774193548	2	30	1
0.535714285714286	2	30	1
0.551724137931034	2	30	1
0.461538461538462	2	30	1
0.125	2	30	1
0.56	2	30	1
0.333333333333333	2	30	1
0.48	2	30	1
0.625	2	30	1
0.578947368421053	2	30	1
0.407407407407407	2	30	1
0.571428571428571	2	30	1
0.594594594594595	2	30	1
0.657894736842105	2	30	1
0.46875	2	30	1
0.608695652173913	2	30	1
0.290322580645161	2	30	1
0.567567567567568	2	30	1
0.533333333333333	2	30	1
0.380952380952381	2	30	1
0.576923076923077	2	30	1
0.576923076923077	2	30	1
0.433333333333333	2	30	1
0.5	2	30	1
0.576923076923077	2	30	1
0.454545454545455	2	30	1
0.485714285714286	2	30	1
0.439024390243902	2	30	1
0.228571428571429	2	30	1
0.434782608695652	2	30	1
0.541666666666667	2	30	1
0.354838709677419	2	30	1
0.611111111111111	2	30	1
0.448275862068966	2	30	1
0.34375	2	30	1
0.487179487179487	2	30	1
0.388888888888889	2	30	1
0.32258064516129	2	30	1
0.411764705882353	2	30	1
0.294117647058824	2	30	1
0.513513513513513	2	30	1
0.5	2	30	1
0.4	2	30	1
0.277777777777778	2	30	1
0.5	2	30	1
0.5	2	30	1
0.206896551724138	2	30	1
0.388888888888889	2	30	1
0.485714285714286	2	30	1
0.40625	2	30	1
0.590909090909091	2	30	1
0.162162162162162	2	30	1
0.515151515151515	2	30	1
0.380952380952381	2	30	1
0.333333333333333	2	30	1
0.5	2	30	1
0.642857142857143	2	30	1
0.525	2	30	1
0.564102564102564	2	30	1
0.2	2	30	1
0.380952380952381	2	30	1
0.428571428571429	2	30	1
0.4	2	30	1
0.454545454545455	2	30	1
0.366666666666667	2	30	1
0.290322580645161	2	30	1
0.27027027027027	2	30	1
0.205882352941176	2	30	1
0.307692307692308	2	30	1
0.433333333333333	2	30	1
0.351351351351351	2	30	1
0.527777777777778	2	30	1
0.52	2	30	1
0.454545454545455	2	30	1
0.375	2	30	1
0.473684210526316	2	30	1
0.5	2	30	1
0.476190476190476	2	30	1
0.416666666666667	2	30	1
0.371428571428571	2	30	1
0.529411764705882	2	30	1
0.486486486486487	2	30	1
0.24	2	30	1
0.428571428571429	2	30	1
0.592592592592593	2	30	1
0.15	2	30	1
0.333333333333333	2	30	1
0.533333333333333	2	30	1
0.470588235294118	2	30	1
0.179487179487179	2	30	1
0.655172413793103	2	30	1
0.5	2	30	1
0.181818181818182	2	30	1
0.419354838709677	2	30	1
0.533333333333333	2	30	1
0.451612903225806	2	30	1
0.458333333333333	2	30	1
0.75	2	30	1
0.473684210526316	2	30	1
0.52	2	30	1
0.541666666666667	2	30	1
0.512820512820513	2	30	1
0.4	2	30	1
0.414634146341463	2	30	1
0.483870967741935	2	30	1
0.487179487179487	2	30	1
0.5	2	30	1
0.642857142857143	2	30	1
0.30952380952381	2	30	1
0.607142857142857	2	30	1
0.366666666666667	2	30	1
0.44	2	30	1
0.428571428571429	2	30	1
0.4375	2	30	1
0.5	2	30	1
0.523809523809524	2	30	1
0.444444444444444	2	30	1
0.517241379310345	2	30	1
0.5	2	30	1
0.393939393939394	2	30	1
0.514285714285714	2	30	1
0.470588235294118	2	30	1
0.515151515151515	2	30	1
0.296296296296296	2	30	1
0.4	2	30	1
0.108108108108108	2	30	1
0.545454545454545	2	30	1
0.3	2	30	1
0.5	2	30	1
0.421052631578947	2	30	1
0.548387096774194	2	30	1
0.473684210526316	2	30	1
0.259259259259259	2	30	1
0.344827586206897	2	30	1
0.558823529411765	2	30	1
0.387096774193548	2	30	1
0.619047619047619	2	30	1
0.482758620689655	2	30	1
0.535714285714286	2	30	1
0.368421052631579	2	30	1
0.694444444444444	2	30	1
0.5	2	30	1
0.318181818181818	2	30	1
0.652173913043478	2	30	1
0.444444444444444	2	30	1
0.560975609756098	2	30	1
0.568181818181818	2	30	1
0.236842105263158	2	30	1
0.617647058823529	2	30	1
0.392857142857143	2	30	1
0.484848484848485	2	30	1
0.590909090909091	2	30	1
0.433333333333333	2	30	1
0.25	2	30	1
0.444444444444444	2	30	1
0.552631578947368	2	30	1
0.4	2	30	1
0.4	2	30	1
0.230769230769231	2	30	1
0.571428571428571	2	30	1
0.604651162790698	2	30	1
0.59375	2	30	1
0.428571428571429	2	30	1
0.428571428571429	2	30	1
0.176470588235294	2	30	1
0.428571428571429	2	30	1
0.5	2	30	1
0.666666666666667	2	30	1
0.52	2	30	1
0.609756097560976	2	30	1
0.55	2	30	1
0.517241379310345	2	30	1
0.40625	2	30	1
0.606060606060606	2	30	1
0.444444444444444	2	30	1
0.551724137931034	2	30	1
0.463414634146341	2	30	1
0.548387096774194	2	30	1
0.32	2	30	1
0.5	2	30	1
0.59375	2	30	1
0.375	2	30	1
0.432432432432432	2	30	1
0.137931034482759	2	30	1
0.714285714285714	2	30	1
0.515151515151515	2	30	1
0.424242424242424	2	30	1
0.137931034482759	2	30	1
0.535714285714286	2	30	1
0.428571428571429	2	30	1
0.515151515151515	2	30	1
0.448275862068966	2	30	1
0.588235294117647	2	30	1
0.447368421052632	2	30	1
0.5	2	30	1
0.485714285714286	2	30	1
0.564102564102564	2	30	1
0.468085106382979	2	30	1
0.342105263157895	2	30	1
0.5	2	30	1
0.34375	2	30	1
0.4	2	30	1
0.538461538461538	2	30	1
0.482758620689655	2	30	1
0.285714285714286	2	30	1
0.608695652173913	2	30	1
0.153846153846154	2	30	1
0.526315789473684	2	30	1
0.566666666666667	2	30	1
0.486486486486487	2	30	1
0.35	2	30	1
0.6	2	30	1
0.205882352941176	2	30	1
0.5	2	30	1
0.317073170731707	2	30	1
0.346153846153846	2	30	1
0.424242424242424	2	30	1
0.5	2	30	1
0.347826086956522	2	30	1
0.739130434782609	2	30	1
0.4	2	30	1
0.178571428571429	2	30	1
0.315789473684211	2	30	1
0.465116279069767	2	30	1
0.5	2	30	1
0.5	2	30	1
0.676470588235294	2	30	1
0.5	2	30	1
0.740740740740741	2	30	1
0.435897435897436	2	30	1
0.366666666666667	2	30	1
0.423076923076923	2	30	1
0.558139534883721	2	30	1
0.526315789473684	2	30	1
0.4375	2	30	1
0.461538461538462	2	30	1
0.473684210526316	2	30	1
0.571428571428571	2	30	1
0.419354838709677	2	30	1
0.342857142857143	2	30	1
0.428571428571429	2	30	1
0.513513513513513	2	30	1
0.304347826086957	2	30	1
0.4	2	30	1
0.458333333333333	2	30	1
0.517241379310345	2	30	1
0.75	2	30	1
0.5	2	30	1
0.5	2	30	1
0.285714285714286	2	30	1
0.285714285714286	2	30	1
0.535714285714286	2	30	1
0.448275862068966	2	30	1
0.272727272727273	2	30	1
0.391304347826087	2	30	1
0.516129032258065	2	30	1
0.242424242424242	2	30	1
0.9	2	30	1
0.666666666666667	2	30	1
0.214285714285714	2	30	1
0.448275862068966	2	30	1
0.391304347826087	2	30	1
0.515151515151515	2	30	1
0.454545454545455	2	30	1
0.45	2	30	1
0.448275862068966	2	30	1
0.571428571428571	2	30	1
0.416666666666667	2	30	1
0.4	2	30	1
0.51219512195122	2	30	1
0.444444444444444	2	30	1
0.541666666666667	2	30	1
0.37037037037037	2	30	1
0.564102564102564	2	30	1
0.482758620689655	2	30	1
0.485714285714286	2	30	1
0.578947368421053	2	30	1
0.483870967741935	2	30	1
0.666666666666667	2	30	1
0.478260869565217	2	30	1
0.421052631578947	2	30	1
0.6	2	30	1
0.291666666666667	2	30	1
0.318181818181818	2	30	1
0.380952380952381	2	30	1
0.481481481481481	2	30	1
0.173913043478261	2	30	1
0.451612903225806	2	30	1
0.527777777777778	2	30	1
0.484848484848485	2	30	1
0.619047619047619	2	30	1
0.464285714285714	2	30	1
0.545454545454545	2	30	1
0.695652173913043	2	30	1
0.478260869565217	2	30	1
0.375	2	30	1
0.25	2	30	1
0.21875	2	30	1
0.409090909090909	2	30	1
0.375	2	30	1
0.296296296296296	2	30	1
0.274509803921569	3	45	1
0.272727272727273	3	45	1
0.310344827586207	3	45	1
0.340425531914894	3	45	1
0.342857142857143	3	45	1
0.484848484848485	3	45	1
0.241379310344828	3	45	1
0.255813953488372	3	45	1
0.325581395348837	3	45	1
0.304347826086957	3	45	1
0.318181818181818	3	45	1
0.2	3	45	1
0.244897959183673	3	45	1
0.206349206349206	3	45	1
0.295454545454545	3	45	1
0.315789473684211	3	45	1
0.270833333333333	3	45	1
0.37037037037037	3	45	1
0.222222222222222	3	45	1
0.285714285714286	3	45	1
0.341463414634146	3	45	1
0.226415094339623	3	45	1
0.41304347826087	3	45	1
0.239130434782609	3	45	1
0.162162162162162	3	45	1
0.103448275862069	3	45	1
0.354166666666667	3	45	1
0.25	3	45	1
0.25531914893617	3	45	1
0.171428571428571	3	45	1
0.127659574468085	3	45	1
0.259259259259259	3	45	1
0.290322580645161	3	45	1
