VAF	CN	avg.depth	purity
0.857142857142857	1	14	0.95
0.818181818181818	1	14	0.95
0.941176470588235	1	14	0.95
0.882352941176471	1	14	0.95
1	1	14	0.95
0.8	1	14	0.95
0.923076923076923	1	14	0.95
0.875	1	14	0.95
0.8125	1	14	0.95
1	1	14	0.95
0.8	1	14	0.95
0.823529411764706	1	14	0.95
0.146341463414634	2	31	0.95
0.428571428571429	2	31	0.95
0.5	2	31	0.95
0.458333333333333	2	31	0.95
0.611111111111111	2	31	0.95
0.444444444444444	2	31	0.95
0.205128205128205	2	31	0.95
0.527777777777778	2	31	0.95
0.472222222222222	2	31	0.95
0.435897435897436	2	31	0.95
0.454545454545455	2	31	0.95
0.75	2	31	0.95
0.542857142857143	2	31	0.95
0.538461538461538	2	31	0.95
0.302325581395349	2	31	0.95
0.4	2	31	0.95
0.481481481481481	2	31	0.95
0.2	2	31	0.95
0.414634146341463	2	31	0.95
0.4	2	31	0.95
0.413793103448276	2	31	0.95
0.515151515151515	2	31	0.95
0.433333333333333	2	31	0.95
0.421052631578947	2	31	0.95
0.5	2	31	0.95
0.409090909090909	2	31	0.95
0.419354838709677	2	31	0.95
0.552631578947368	2	31	0.95
0.459459459459459	2	31	0.95
0.5	2	31	0.95
0.151515151515152	2	31	0.95
0.527777777777778	2	31	0.95
0.233333333333333	2	31	0.95
0.145833333333333	2	31	0.95
0.583333333333333	2	31	0.95
0.368421052631579	2	31	0.95
0.4	2	31	0.95
0.388888888888889	2	31	0.95
0.434782608695652	2	31	0.95
0.485714285714286	2	31	0.95
0.36	2	31	0.95
0.464285714285714	2	31	0.95
0.461538461538462	2	31	0.95
0.527777777777778	2	31	0.95
0.666666666666667	2	31	0.95
0.357142857142857	2	31	0.95
0.552631578947368	2	31	0.95
0.378378378378378	2	31	0.95
0.592592592592593	2	31	0.95
0.533333333333333	2	31	0.95
0.5	2	31	0.95
0.55	2	31	0.95
0.16	2	31	0.95
0.5	2	31	0.95
0.722222222222222	2	31	0.95
0.6	2	31	0.95
0.44	2	31	0.95
0.375	2	31	0.95
0.3	2	31	0.95
0.5	2	31	0.95
0.485714285714286	2	31	0.95
0.48	2	31	0.95
0.486486486486487	2	31	0.95
0.447368421052632	2	31	0.95
0.5	2	31	0.95
0.214285714285714	2	31	0.95
0.51219512195122	2	31	0.95
0.414634146341463	2	31	0.95
0.645161290322581	2	31	0.95
0.344827586206897	2	31	0.95
0.542857142857143	2	31	0.95
0.387096774193548	2	31	0.95
0.448275862068966	2	31	0.95
0.458333333333333	2	31	0.95
0.516129032258065	2	31	0.95
0.444444444444444	2	31	0.95
0.461538461538462	2	31	0.95
0.103448275862069	2	31	0.95
0.375	2	31	0.95
0.358974358974359	2	31	0.95
0.5625	2	31	0.95
0.166666666666667	2	31	0.95
0.5	2	31	0.95
0.421052631578947	2	31	0.95
0.428571428571429	2	31	0.95
0.243243243243243	2	31	0.95
0.5	2	31	0.95
0.525	2	31	0.95
0.357142857142857	2	31	0.95
0.541666666666667	2	31	0.95
0.5625	2	31	0.95
0.517241379310345	2	31	0.95
0.384615384615385	2	31	0.95
0.676470588235294	2	31	0.95
0.483870967741935	2	31	0.95
0.648648648648649	2	31	0.95
0.433333333333333	2	31	0.95
0.352941176470588	2	31	0.95
0.484848484848485	2	31	0.95
0.476190476190476	2	31	0.95
0.4	2	31	0.95
0.285714285714286	2	31	0.95
0.260869565217391	2	31	0.95
0.566666666666667	2	31	0.95
0.515151515151515	2	31	0.95
0.266666666666667	2	31	0.95
0.516129032258065	2	31	0.95
0.354838709677419	2	31	0.95
0.571428571428571	2	31	0.95
0.511111111111111	2	31	0.95
0.333333333333333	2	31	0.95
0.542857142857143	2	31	0.95
0.428571428571429	2	31	0.95
0.575757575757576	2	31	0.95
0.5	2	31	0.95
0.451612903225806	2	31	0.95
0.48	2	31	0.95
0.5	2	31	0.95
0.142857142857143	2	31	0.95
0.428571428571429	2	31	0.95
0.48	2	31	0.95
0.259259259259259	2	31	0.95
0.540540540540541	2	31	0.95
0.628571428571429	2	31	0.95
0.571428571428571	2	31	0.95
0.485714285714286	2	31	0.95
0.5625	2	31	0.95
0.269230769230769	2	31	0.95
0.483870967741935	2	31	0.95
0.636363636363636	2	31	0.95
0.473684210526316	2	31	0.95
0.428571428571429	2	31	0.95
0.366666666666667	2	31	0.95
0.424242424242424	2	31	0.95
0.428571428571429	2	31	0.95
0.5	2	31	0.95
0.435897435897436	2	31	0.95
0.37037037037037	2	31	0.95
0.3	2	31	0.95
0.666666666666667	2	31	0.95
0.548387096774194	2	31	0.95
0.481481481481481	2	31	0.95
0.310344827586207	2	31	0.95
0.346153846153846	2	31	0.95
0.346153846153846	2	31	0.95
0.476190476190476	2	31	0.95
0.433333333333333	2	31	0.95
0.472222222222222	2	31	0.95
0.206896551724138	2	31	0.95
0.551724137931034	2	31	0.95
0.375	2	31	0.95
0.357142857142857	2	31	0.95
0.483870967741935	2	31	0.95
0.24390243902439	2	31	0.95
0.558823529411765	2	31	0.95
0.466666666666667	2	31	0.95
0.421052631578947	2	31	0.95
0.222222222222222	2	31	0.95
0.568181818181818	2	31	0.95
0.407407407407407	2	31	0.95
0.454545454545455	2	31	0.95
0.15	2	31	0.95
0.0961538461538462	2	31	0.95
0.41025641025641	2	31	0.95
0.424242424242424	2	31	0.95
0.434782608695652	2	31	0.95
0.393939393939394	2	31	0.95
0.514285714285714	2	31	0.95
0.538461538461538	2	31	0.95
0.4	2	31	0.95
0.4	2	31	0.95
0.35	2	31	0.95
0.448275862068966	2	31	0.95
0.56	2	31	0.95
0.321428571428571	2	31	0.95
0.517241379310345	2	31	0.95
0.361111111111111	2	31	0.95
0.375	2	31	0.95
0.321428571428571	2	31	0.95
0.433333333333333	2	31	0.95
0.205128205128205	2	31	0.95
0.583333333333333	2	31	0.95
0.5	2	31	0.95
0.483870967741935	2	31	0.95
0.368421052631579	2	31	0.95
0.551724137931034	2	31	0.95
0.478260869565217	2	31	0.95
0.452380952380952	2	31	0.95
0.419354838709677	2	31	0.95
0.454545454545455	2	31	0.95
0.5	2	31	0.95
0.409090909090909	2	31	0.95
0.9	2	31	0.95
0.444444444444444	2	31	0.95
0.461538461538462	2	31	0.95
0.576923076923077	2	31	0.95
1	2	31	0.95
0.441176470588235	2	31	0.95
0.409090909090909	2	31	0.95
0.46875	2	31	0.95
0.481481481481481	2	31	0.95
0.564102564102564	2	31	0.95
0.482758620689655	2	31	0.95
0.342857142857143	2	31	0.95
0.53125	2	31	0.95
0.375	2	31	0.95
0.454545454545455	2	31	0.95
0.5	2	31	0.95
0.481481481481481	2	31	0.95
0.5	2	31	0.95
0.5	2	31	0.95
0.444444444444444	2	31	0.95
0.681818181818182	2	31	0.95
0.481481481481481	2	31	0.95
0.6	2	31	0.95
0.419354838709677	2	31	0.95
0.416666666666667	2	31	0.95
0.5	2	31	0.95
0.351351351351351	2	31	0.95
0.481481481481481	2	31	0.95
0.45	2	31	0.95
0.181818181818182	2	31	0.95
0.4375	2	31	0.95
0.378378378378378	2	31	0.95
0.342857142857143	2	31	0.95
0.4375	2	31	0.95
0.444444444444444	2	31	0.95
0.5	2	31	0.95
0.5	2	31	0.95
0.692307692307692	2	31	0.95
0.32	2	31	0.95
0.5	2	31	0.95
0.5	2	31	0.95
0.4	2	31	0.95
0.483870967741935	2	31	0.95
0.341463414634146	2	31	0.95
0.609756097560976	2	31	0.95
0.548387096774194	2	31	0.95
0.470588235294118	2	31	0.95
0.346153846153846	2	31	0.95
0.454545454545455	2	31	0.95
0.609756097560976	2	31	0.95
0.518518518518518	2	31	0.95
0.575757575757576	2	31	0.95
0.516129032258065	2	31	0.95
0.366666666666667	2	31	0.95
0.458333333333333	2	31	0.95
0.416666666666667	2	31	0.95
0.6	2	31	0.95
0.5625	2	31	0.95
0.545454545454545	2	31	0.95
0.4	2	31	0.95
0.435897435897436	2	31	0.95
0.333333333333333	2	31	0.95
0.275862068965517	2	31	0.95
0.21875	2	31	0.95
0.378378378378378	2	31	0.95
0.257142857142857	2	31	0.95
0.421052631578947	2	31	0.95
0.407407407407407	2	31	0.95
0.368421052631579	2	31	0.95
0.333333333333333	2	31	0.95
0.482758620689655	2	31	0.95
0.148148148148148	2	31	0.95
0.347826086956522	2	31	0.95
0.4	2	31	0.95
0.525	2	31	0.95
0.464285714285714	2	31	0.95
0.5	2	31	0.95
0.275862068965517	2	31	0.95
0.224489795918367	2	31	0.95
0.611111111111111	2	31	0.95
0.5	2	31	0.95
0.448275862068966	2	31	0.95
0.413793103448276	2	31	0.95
0.428571428571429	2	31	0.95
0.533333333333333	2	31	0.95
0.451612903225806	2	31	0.95
0.54	2	31	0.95
0.351351351351351	2	31	0.95
0.464285714285714	2	31	0.95
0.666666666666667	2	31	0.95
0.515151515151515	2	31	0.95
0.382352941176471	2	31	0.95
0.476190476190476	2	31	0.95
0.526315789473684	2	31	0.95
0.476190476190476	2	31	0.95
0.590909090909091	2	31	0.95
0.5	2	31	0.95
0.5	2	31	0.95
0.368421052631579	2	31	0.95
0.428571428571429	2	31	0.95
0.529411764705882	2	31	0.95
0.5	2	31	0.95
0.465116279069767	2	31	0.95
0.424242424242424	2	31	0.95
0.166666666666667	2	31	0.95
0.304347826086957	2	31	0.95
0.351351351351351	2	31	0.95
0.484848484848485	2	31	0.95
0.41025641025641	2	31	0.95
0.5	2	31	0.95
0.416666666666667	2	31	0.95
0.387096774193548	2	31	0.95
0.483870967741935	2	31	0.95
0.41025641025641	2	31	0.95
0.428571428571429	2	31	0.95
0.422222222222222	2	31	0.95
0.423076923076923	2	31	0.95
0.142857142857143	2	31	0.95
0.448275862068966	2	31	0.95
0.526315789473684	2	31	0.95
0.571428571428571	2	31	0.95
0.28	2	31	0.95
0.28	2	31	0.95
0.28	2	31	0.95
0.303030303030303	2	31	0.95
0.5	2	31	0.95
0.424242424242424	2	31	0.95
0.642857142857143	2	31	0.95
0.419354838709677	2	31	0.95
0.407407407407407	2	31	0.95
0.483870967741935	2	31	0.95
0.32258064516129	2	31	0.95
0.48	2	31	0.95
0.526315789473684	2	31	0.95
0.391304347826087	2	31	0.95
0.25	2	31	0.95
0.384615384615385	2	31	0.95
0.441176470588235	2	31	0.95
0.458333333333333	2	31	0.95
0.482758620689655	2	31	0.95
0.392857142857143	2	31	0.95
0.636363636363636	2	31	0.95
0.470588235294118	2	31	0.95
0.413793103448276	2	31	0.95
0.666666666666667	2	31	0.95
0.538461538461538	2	31	0.95
0.384615384615385	2	31	0.95
0.425	2	31	0.95
0.433333333333333	2	31	0.95
0.45	2	31	0.95
0.457142857142857	2	31	0.95
0.538461538461538	2	31	0.95
0.581395348837209	2	31	0.95
0.555555555555556	2	31	0.95
0.394736842105263	2	31	0.95
0.476190476190476	2	31	0.95
0.476190476190476	2	31	0.95
0.418604651162791	2	31	0.95
0.421052631578947	2	31	0.95
0.628571428571429	2	31	0.95
0.607142857142857	2	31	0.95
0.4375	2	31	0.95
0.461538461538462	2	31	0.95
0.608695652173913	2	31	0.95
0.515151515151515	2	31	0.95
0.48	2	31	0.95
0.386363636363636	2	31	0.95
0.346153846153846	2	31	0.95
0.352941176470588	2	31	0.95
0.5	2	31	0.95
0.551724137931034	2	31	0.95
0.428571428571429	2	31	0.95
0.368421052631579	2	31	0.95
0.433333333333333	2	31	0.95
0.379310344827586	2	31	0.95
0.555555555555556	2	31	0.95
0.481481481481481	2	31	0.95
0.620689655172414	2	31	0.95
0.305555555555556	2	31	0.95
0.472222222222222	2	31	0.95
0.411764705882353	2	31	0.95
0.53125	2	31	0.95
0.375	2	31	0.95
0.65625	2	31	0.95
0.478260869565217	2	31	0.95
0.464285714285714	2	31	0.95
0.421052631578947	2	31	0.95
0.444444444444444	2	31	0.95
0.321428571428571	2	31	0.95
0.653846153846154	2	31	0.95
0.382352941176471	2	31	0.95
0.533333333333333	2	31	0.95
0.6	2	31	0.95
0.516129032258065	2	31	0.95
0.527777777777778	2	31	0.95
0.384615384615385	2	31	0.95
0.447368421052632	2	31	0.95
0.428571428571429	2	31	0.95
0.515151515151515	2	31	0.95
0.483870967741935	2	31	0.95
0.475	2	31	0.95
0.361111111111111	2	31	0.95
0.8125	2	31	0.95
0.5	2	31	0.95
0.392857142857143	2	31	0.95
0.5	2	31	0.95
0.44	2	31	0.95
0.470588235294118	2	31	0.95
0.379310344827586	2	31	0.95
0.391304347826087	2	31	0.95
0.636363636363636	2	31	0.95
0.565217391304348	2	31	0.95
0.5	2	31	0.95
0.5	2	31	0.95
0.65	2	31	0.95
0.363636363636364	2	31	0.95
0.32258064516129	2	31	0.95
0.540540540540541	2	31	0.95
0.433333333333333	2	31	0.95
0.517241379310345	2	31	0.95
0.517241379310345	2	31	0.95
0.514285714285714	2	31	0.95
0.482758620689655	2	31	0.95
0.538461538461538	2	31	0.95
0.392857142857143	2	31	0.95
0.641025641025641	2	31	0.95
0.423076923076923	2	31	0.95
0.25	2	31	0.95
0.478260869565217	2	31	0.95
0.484848484848485	2	31	0.95
0.571428571428571	2	31	0.95
0.441176470588235	2	31	0.95
0.409090909090909	2	31	0.95
0.291666666666667	2	31	0.95
0.5	2	31	0.95
0.260869565217391	2	31	0.95
0.541666666666667	2	31	0.95
0.441176470588235	2	31	0.95
0.472222222222222	2	31	0.95
0.428571428571429	2	31	0.95
0.454545454545455	2	31	0.95
0.459459459459459	2	31	0.95
0.6	2	31	0.95
0.607142857142857	2	31	0.95
0.575	2	31	0.95
0.324324324324324	2	31	0.95
0.547619047619048	2	31	0.95
0.382352941176471	2	31	0.95
0.341463414634146	2	31	0.95
0.44	2	31	0.95
0.633333333333333	2	31	0.95
0.533333333333333	2	31	0.95
0.5	2	31	0.95
0.5	2	31	0.95
0.529411764705882	2	31	0.95
0.5	2	31	0.95
0.558823529411765	2	31	0.95
0.485714285714286	2	31	0.95
0.405405405405405	2	31	0.95
0.52	2	31	0.95
0.176470588235294	2	31	0.95
0.439024390243902	2	31	0.95
0.606060606060606	2	31	0.95
0.458333333333333	2	31	0.95
0.483870967741935	2	31	0.95
0.441860465116279	2	31	0.95
0.294117647058824	2	31	0.95
0.434782608695652	2	31	0.95
0.441176470588235	2	31	0.95
0.592592592592593	2	31	0.95
0.40625	2	31	0.95
0.518518518518518	2	31	0.95
0.6	2	31	0.95
0.318181818181818	2	31	0.95
0.290322580645161	2	31	0.95
0.65625	2	31	0.95
0.333333333333333	2	31	0.95
0.448275862068966	2	31	0.95
0.518518518518518	2	31	0.95
0.382352941176471	2	31	0.95
0.608695652173913	2	31	0.95
0.529411764705882	2	31	0.95
0.545454545454545	2	31	0.95
0.428571428571429	2	31	0.95
0.6	2	31	0.95
0.269230769230769	2	31	0.95
0.486486486486487	2	31	0.95
0.413793103448276	2	31	0.95
0.5	2	31	0.95
0.454545454545455	2	31	0.95
0.580645161290323	2	31	0.95
0.4375	2	31	0.95
0.375	2	31	0.95
0.592592592592593	2	31	0.95
0.428571428571429	2	31	0.95
0.363636363636364	2	31	0.95
0.264705882352941	2	31	0.95
0.387096774193548	2	31	0.95
0.444444444444444	2	31	0.95
0.478260869565217	2	31	0.95
0.416666666666667	2	31	0.95
0.294117647058824	2	31	0.95
0.34375	2	31	0.95
0.387096774193548	2	31	0.95
0.347826086956522	2	31	0.95
0.454545454545455	2	31	0.95
0.5	2	31	0.95
0.387096774193548	2	31	0.95
0.4	2	31	0.95
0.472222222222222	2	31	0.95
0.448275862068966	2	31	0.95
0.390243902439024	2	31	0.95
0.444444444444444	2	31	0.95
0.514285714285714	2	31	0.95
0.363636363636364	2	31	0.95
0.344827586206897	2	31	0.95
0.619047619047619	2	31	0.95
0.406779661016949	2	31	0.95
0.416666666666667	2	31	0.95
0.37037037037037	2	31	0.95
0.518518518518518	2	31	0.95
0.28	2	31	0.95
0.41025641025641	2	31	0.95
0.456521739130435	2	31	0.95
0.434782608695652	2	31	0.95
0.407407407407407	2	31	0.95
0.571428571428571	2	31	0.95
0.41304347826087	2	31	0.95
0.27027027027027	2	31	0.95
0.452380952380952	2	31	0.95
0.434782608695652	2	31	0.95
0.386363636363636	2	31	0.95
0.586206896551724	2	31	0.95
0.366666666666667	2	31	0.95
0.517241379310345	2	31	0.95
0.407407407407407	2	31	0.95
0.535714285714286	2	31	0.95
0.424242424242424	2	31	0.95
0.393939393939394	2	31	0.95
0.666666666666667	2	31	0.95
0.540540540540541	2	31	0.95
0.392857142857143	2	31	0.95
0.285714285714286	2	31	0.95
0.422222222222222	2	31	0.95
0.454545454545455	2	31	0.95
0.583333333333333	2	31	0.95
0.527777777777778	2	31	0.95
0.428571428571429	2	31	0.95
0.483870967741935	2	31	0.95
0.551724137931034	2	31	0.95
0.5	2	31	0.95
0.608695652173913	2	31	0.95
0.444444444444444	2	31	0.95
0.470588235294118	2	31	0.95
0.5	2	31	0.95
0.166666666666667	2	31	0.95
0.581395348837209	2	31	0.95
0.333333333333333	2	31	0.95
0.451612903225806	2	31	0.95
0.46875	2	31	0.95
0.379310344827586	2	31	0.95
0.523809523809524	2	31	0.95
0.166666666666667	2	31	0.95
0.552631578947368	2	31	0.95
0.421052631578947	2	31	0.95
0.32	2	31	0.95
0.4	2	31	0.95
0.516129032258065	2	31	0.95
0.459459459459459	2	31	0.95
0.833333333333333	2	31	0.95
0.375	2	31	0.95
0.666666666666667	2	31	0.95
0.5	2	31	0.95
0.486486486486487	2	31	0.95
0.222222222222222	2	31	0.95
0.310344827586207	2	31	0.95
0.464285714285714	2	31	0.95
0.333333333333333	2	31	0.95
0.464285714285714	2	31	0.95
0.516129032258065	2	31	0.95
0.441176470588235	2	31	0.95
0.5	2	31	0.95
0.513513513513513	2	31	0.95
0.548387096774194	2	31	0.95
0.535714285714286	2	31	0.95
0.5	2	31	0.95
0.388888888888889	2	31	0.95
0.421052631578947	2	31	0.95
0.321428571428571	2	31	0.95
0.5	2	31	0.95
0.28125	2	31	0.95
0.472222222222222	2	31	0.95
0.542857142857143	2	31	0.95
0.352941176470588	2	31	0.95
0.521739130434783	2	31	0.95
0.441860465116279	2	31	0.95
0.5	2	31	0.95
0.558823529411765	2	31	0.95
0.333333333333333	2	31	0.95
0.241379310344828	2	31	0.95
0.482758620689655	2	31	0.95
0.321428571428571	2	31	0.95
0.428571428571429	2	31	0.95
0.375	2	31	0.95
0.638888888888889	2	31	0.95
0.534883720930233	2	31	0.95
0.352941176470588	2	31	0.95
0.476190476190476	2	31	0.95
0.28	2	31	0.95
0.636363636363636	2	31	0.95
0.571428571428571	2	31	0.95
0.487179487179487	2	31	0.95
0.361111111111111	2	31	0.95
0.375	2	31	0.95
0.5	2	31	0.95
0.595238095238095	2	31	0.95
0.346153846153846	2	31	0.95
0.571428571428571	2	31	0.95
0.212121212121212	2	31	0.95
0.5	2	31	0.95
0.470588235294118	2	31	0.95
0.171428571428571	2	31	0.95
0.5	2	31	0.95
0.5	2	31	0.95
0.25	2	31	0.95
0.366666666666667	2	31	0.95
0.194444444444444	2	31	0.95
0.413793103448276	2	31	0.95
0.290322580645161	2	31	0.95
0.37037037037037	2	31	0.95
0.512820512820513	2	31	0.95
0.166666666666667	2	31	0.95
0.424242424242424	2	31	0.95
0.441176470588235	2	31	0.95
0.482758620689655	2	31	0.95
0.361111111111111	2	31	0.95
0.481481481481481	2	31	0.95
0.181818181818182	2	31	0.95
0.193548387096774	2	31	0.95
0.333333333333333	2	31	0.95
0.548387096774194	2	31	0.95
0.483870967741935	2	31	0.95
0.533333333333333	2	31	0.95
0.41025641025641	2	31	0.95
0.472222222222222	2	31	0.95
0.592592592592593	2	31	0.95
0.303030303030303	2	31	0.95
0.5	2	31	0.95
0.5	2	31	0.95
0.470588235294118	2	31	0.95
0.333333333333333	2	31	0.95
0.378378378378378	2	31	0.95
0.363636363636364	2	31	0.95
0.368421052631579	2	31	0.95
0.511111111111111	2	31	0.95
0.476190476190476	2	31	0.95
0.206896551724138	2	31	0.95
0.478260869565217	2	31	0.95
0.607142857142857	2	31	0.95
0.5	2	31	0.95
0.35	2	31	0.95
0.352941176470588	2	31	0.95
0.5	2	31	0.95
0.342857142857143	2	31	0.95
0.555555555555556	2	31	0.95
0.379310344827586	2	31	0.95
0.32	2	31	0.95
0.558823529411765	2	31	0.95
0.586206896551724	2	31	0.95
0.35	2	31	0.95
0.5	2	31	0.95
0.538461538461538	2	31	0.95
0.558823529411765	2	31	0.95
0.363636363636364	2	31	0.95
0.428571428571429	2	31	0.95
0.466666666666667	2	31	0.95
0.352941176470588	2	31	0.95
0.416666666666667	2	31	0.95
0.344827586206897	2	31	0.95
0.435897435897436	2	31	0.95
0.464285714285714	2	31	0.95
0.470588235294118	2	31	0.95
0.459459459459459	2	31	0.95
0.378378378378378	2	31	0.95
0.375	2	31	0.95
0.441176470588235	2	31	0.95
0.35	2	31	0.95
0.405405405405405	2	31	0.95
0.371428571428571	2	31	0.95
0.423076923076923	2	31	0.95
0.45	2	31	0.95
0.5	2	31	0.95
0.484848484848485	2	31	0.95
0.481481481481481	2	31	0.95
0.46875	2	31	0.95
0.384615384615385	2	31	0.95
0.342857142857143	2	31	0.95
0.314285714285714	2	31	0.95
0.588235294117647	2	31	0.95
0.4	2	31	0.95
0.578947368421053	2	31	0.95
0.321428571428571	2	31	0.95
0.558823529411765	2	31	0.95
0.4	2	31	0.95
0.542857142857143	2	31	0.95
0.384615384615385	2	31	0.95
0.40625	2	31	0.95
0.526315789473684	2	31	0.95
0.526315789473684	2	31	0.95
0.473684210526316	2	31	0.95
0.476190476190476	2	31	0.95
0.290322580645161	2	31	0.95
0.333333333333333	2	31	0.95
0.604651162790698	2	31	0.95
0.475	2	31	0.95
0.425531914893617	2	31	0.95
0.538461538461538	2	31	0.95
0.291666666666667	2	31	0.95
0.32	2	31	0.95
0.620689655172414	2	31	0.95
0.586206896551724	2	31	0.95
0.173913043478261	2	31	0.95
0.307692307692308	2	31	0.95
0.380952380952381	2	31	0.95
0.423076923076923	2	31	0.95
0.5	2	31	0.95
0.375	2	31	0.95
0.485714285714286	2	31	0.95
0.382352941176471	2	31	0.95
0.419354838709677	2	31	0.95
0.470588235294118	2	31	0.95
0.348837209302326	2	31	0.95
0.466666666666667	2	31	0.95
0.548387096774194	2	31	0.95
0.395833333333333	2	31	0.95
0.32258064516129	2	31	0.95
0.3125	2	31	0.95
0.478260869565217	2	31	0.95
0.432432432432432	2	31	0.95
0.464285714285714	2	31	0.95
0.631578947368421	2	31	0.95
0.465116279069767	2	31	0.95
0.485714285714286	2	31	0.95
0.384615384615385	2	31	0.95
0.64	2	31	0.95
0.482758620689655	2	31	0.95
0.5	2	31	0.95
0.487179487179487	2	31	0.95
0.625	2	31	0.95
0.689655172413793	2	31	0.95
0.466666666666667	2	31	0.95
0.857142857142857	2	31	0.95
0.578947368421053	2	31	0.95
0.44	2	31	0.95
0.566666666666667	2	31	0.95
0.194444444444444	2	31	0.95
0.416666666666667	2	31	0.95
0.454545454545455	2	31	0.95
0.407407407407407	2	31	0.95
0.40625	2	31	0.95
0.5	2	31	0.95
0.769230769230769	2	31	0.95
0.625	2	31	0.95
0.41025641025641	2	31	0.95
0.466666666666667	2	31	0.95
0.567567567567568	2	31	0.95
0.416666666666667	2	31	0.95
0.571428571428571	2	31	0.95
0.535714285714286	2	31	0.95
0.518518518518518	2	31	0.95
0.407407407407407	2	31	0.95
0.4375	2	31	0.95
0.533333333333333	2	31	0.95
0.564102564102564	2	31	0.95
0.341463414634146	2	31	0.95
0.347826086956522	2	31	0.95
0.641025641025641	2	31	0.95
0.592592592592593	2	31	0.95
0.411764705882353	2	31	0.95
0.517241379310345	2	31	0.95
0.433333333333333	2	31	0.95
0.428571428571429	2	31	0.95
0.206896551724138	2	31	0.95
0.428571428571429	2	31	0.95
0.625	2	31	0.95
0.366666666666667	2	31	0.95
0.472222222222222	2	31	0.95
0.382352941176471	2	31	0.95
0.416666666666667	2	31	0.95
0.53125	2	31	0.95
0.538461538461538	2	31	0.95
0.590909090909091	2	31	0.95
0.4	2	31	0.95
0.384615384615385	2	31	0.95
0.4	2	31	0.95
0.578947368421053	2	31	0.95
0.529411764705882	2	31	0.95
0.384615384615385	2	31	0.95
0.5	2	31	0.95
0.481481481481481	2	31	0.95
0.382352941176471	2	31	0.95
0.275862068965517	2	31	0.95
0.633333333333333	2	31	0.95
0.119047619047619	2	31	0.95
0.24390243902439	2	31	0.95
0.675	2	31	0.95
0.375	2	31	0.95
0.352941176470588	2	31	0.95
0.514285714285714	2	31	0.95
0.517241379310345	2	31	0.95
0.483870967741935	2	31	0.95
0.4	2	31	0.95
0.416666666666667	2	31	0.95
0.464285714285714	2	31	0.95
0.413793103448276	2	31	0.95
0.258064516129032	2	31	0.95
0.46875	2	31	0.95
0.619047619047619	2	31	0.95
0.413793103448276	2	31	0.95
0.361111111111111	2	31	0.95
0.472222222222222	2	31	0.95
0.478260869565217	2	31	0.95
0.409090909090909	2	31	0.95
0.363636363636364	2	31	0.95
0.4	2	31	0.95
0.307692307692308	2	31	0.95
0.461538461538462	2	31	0.95
0.379310344827586	2	31	0.95
0.605263157894737	2	31	0.95
0.413793103448276	2	31	0.95
0.371428571428571	2	31	0.95
0.407407407407407	2	31	0.95
0.6	2	31	0.95
0.5	2	31	0.95
0.454545454545455	2	31	0.95
0.472222222222222	2	31	0.95
0.4	2	31	0.95
0.48780487804878	2	31	0.95
0.304347826086957	2	31	0.95
0.212121212121212	2	31	0.95
0.205882352941176	2	31	0.95
0.1875	2	31	0.95
0.181818181818182	2	31	0.95
0.512820512820513	2	31	0.95
0.472222222222222	2	31	0.95
0.323529411764706	2	31	0.95
0.409090909090909	2	31	0.95
0.470588235294118	2	31	0.95
0.512820512820513	2	31	0.95
0.4	2	31	0.95
0.542857142857143	2	31	0.95
0.65625	2	31	0.95
0.518518518518518	2	31	0.95
0.380952380952381	2	31	0.95
0.387096774193548	2	31	0.95
0.575757575757576	2	31	0.95
0.482758620689655	2	31	0.95
0.457142857142857	2	31	0.95
0.576923076923077	2	31	0.95
0.233333333333333	2	31	0.95
0.34375	2	31	0.95
0.439024390243902	2	31	0.95
0.487179487179487	2	31	0.95
0.363636363636364	2	31	0.95
0.5	2	31	0.95
0.575757575757576	2	31	0.95
0.351351351351351	2	31	0.95
0.458333333333333	2	31	0.95
0.375	2	31	0.95
0.321428571428571	2	31	0.95
0.6	2	31	0.95
0.435897435897436	2	31	0.95
0.394736842105263	2	31	0.95
0.5	2	31	0.95
0.333333333333333	2	31	0.95
0.585365853658537	2	31	0.95
0.346153846153846	2	31	0.95
0.615384615384615	2	31	0.95
0.512820512820513	2	31	0.95
0.628571428571429	2	31	0.95
0.653846153846154	2	31	0.95
0.666666666666667	2	31	0.95
0.432432432432432	2	31	0.95
0.37037037037037	2	31	0.95
0.4	2	31	0.95
0.481481481481481	2	31	0.95
0.25	2	31	0.95
0.44	2	31	0.95
0.428571428571429	2	31	0.95
0.384615384615385	2	31	0.95
0.476190476190476	2	31	0.95
0.529411764705882	2	31	0.95
0.48	2	31	0.95
0.371428571428571	2	31	0.95
0.476190476190476	2	31	0.95
0.357142857142857	2	31	0.95
0.366666666666667	2	31	0.95
0.285714285714286	2	31	0.95
0.484848484848485	2	31	0.95
0.53125	2	31	0.95
0.5	2	31	0.95
0.171428571428571	2	31	0.95
0.576923076923077	2	31	0.95
0.473684210526316	2	31	0.95
0.461538461538462	2	31	0.95
0.259259259259259	2	31	0.95
0.533333333333333	2	31	0.95
0.448275862068966	2	31	0.95
0.458333333333333	2	31	0.95
0.416666666666667	2	31	0.95
0.48	2	31	0.95
0.314285714285714	2	31	0.95
0.393939393939394	2	31	0.95
0.470588235294118	2	31	0.95
0.473684210526316	2	31	0.95
0.517241379310345	2	31	0.95
0.285714285714286	2	31	0.95
0.333333333333333	2	31	0.95
0.363636363636364	2	31	0.95
0.483870967741935	2	31	0.95
0.470588235294118	2	31	0.95
0.413793103448276	2	31	0.95
0.463414634146341	2	31	0.95
0.366666666666667	2	31	0.95
0.454545454545455	2	31	0.95
0.5	2	31	0.95
0.479166666666667	2	31	0.95
0.521739130434783	2	31	0.95
0.583333333333333	2	31	0.95
0.28125	2	31	0.95
0.466666666666667	2	31	0.95
0.482758620689655	2	31	0.95
0.333333333333333	2	31	0.95
0.457142857142857	2	31	0.95
0.382352941176471	2	31	0.95
0.424242424242424	2	31	0.95
0.40625	2	31	0.95
0.357142857142857	2	31	0.95
0.394736842105263	2	31	0.95
0.5	2	31	0.95
0.52	2	31	0.95
0.466666666666667	2	31	0.95
0.514285714285714	2	31	0.95
0.342857142857143	2	31	0.95
0.388888888888889	2	31	0.95
0.472222222222222	2	31	0.95
0.371428571428571	2	31	0.95
0.361111111111111	2	31	0.95
0.545454545454545	2	31	0.95
0.515151515151515	2	31	0.95
0.433333333333333	2	31	0.95
0.387096774193548	2	31	0.95
0.375	2	31	0.95
0.692307692307692	2	31	0.95
0.6	2	31	0.95
0.394736842105263	2	31	0.95
0.512820512820513	2	31	0.95
0.516129032258065	2	31	0.95
0.432432432432432	2	31	0.95
0.454545454545455	2	31	0.95
0.333333333333333	2	31	0.95
0.5	2	31	0.95
0.333333333333333	2	31	0.95
0.35	2	31	0.95
0.806451612903226	2	31	0.95
0.512820512820513	2	31	0.95
0.458333333333333	2	31	0.95
0.4	2	31	0.95
0.409090909090909	2	31	0.95
0.233333333333333	2	31	0.95
0.464285714285714	2	31	0.95
0.111111111111111	2	31	0.95
0.428571428571429	2	31	0.95
0.387096774193548	2	31	0.95
0.428571428571429	2	31	0.95
0.379310344827586	2	31	0.95
0.6	2	31	0.95
0.58974358974359	2	31	0.95
0.393939393939394	2	31	0.95
0.641025641025641	2	31	0.95
0.521739130434783	2	31	0.95
0.615384615384615	2	31	0.95
0.32	2	31	0.95
0.32	2	31	0.95
0.555555555555556	2	31	0.95
0.472222222222222	2	31	0.95
0.454545454545455	2	31	0.95
0.472222222222222	2	31	0.95
0.439024390243902	2	31	0.95
0.484848484848485	2	31	0.95
0.485714285714286	2	31	0.95
0.642857142857143	2	31	0.95
0.558139534883721	2	31	0.95
0.482758620689655	2	31	0.95
0.12	2	31	0.95
0.291666666666667	2	31	0.95
0.321428571428571	2	31	0.95
0.535714285714286	2	31	0.95
0.558139534883721	2	31	0.95
0.652173913043478	2	31	0.95
0.428571428571429	2	31	0.95
0.333333333333333	2	31	0.95
0.525	2	31	0.95
0.379310344827586	2	31	0.95
0.483870967741935	2	31	0.95
0.523809523809524	2	31	0.95
0.642857142857143	2	31	0.95
0.518518518518518	2	31	0.95
0.447368421052632	2	31	0.95
0.275862068965517	2	31	0.95
0.487179487179487	2	31	0.95
0.368421052631579	2	31	0.95
0.615384615384615	2	31	0.95
0.457142857142857	2	31	0.95
0.166666666666667	2	31	0.95
0.538461538461538	2	31	0.95
0.518518518518518	2	31	0.95
0.558823529411765	2	31	0.95
0.483870967741935	2	31	0.95
0.409090909090909	2	31	0.95
0.416666666666667	2	31	0.95
0.487179487179487	2	31	0.95
0.411764705882353	2	31	0.95
0.35	2	31	0.95
0.516129032258065	2	31	0.95
0.388888888888889	2	31	0.95
0.585365853658537	2	31	0.95
0.155555555555556	2	31	0.95
0.4	2	31	0.95
0.484848484848485	2	31	0.95
0.463414634146341	2	31	0.95
0.512820512820513	2	31	0.95
0.333333333333333	2	31	0.95
0.583333333333333	2	31	0.95
0.352941176470588	2	31	0.95
0.44	2	31	0.95
0.214285714285714	2	31	0.95
0.16	2	31	0.95
0.173913043478261	2	31	0.95
0.414634146341463	2	31	0.95
0.53125	2	31	0.95
0.36	2	31	0.95
0.4	2	31	0.95
0.384615384615385	2	31	0.95
0.384615384615385	2	31	0.95
0.384615384615385	2	31	0.95
0.384615384615385	2	31	0.95
0.606060606060606	2	31	0.95
0.390243902439024	2	31	0.95
0.4	2	31	0.95
0.5	2	31	0.95
0.41025641025641	2	31	0.95
0.323529411764706	2	31	0.95
0.344827586206897	2	31	0.95
0.578947368421053	2	31	0.95
0.512820512820513	2	31	0.95
0.5	2	31	0.95
0.457142857142857	2	31	0.95
0.285714285714286	2	31	0.95
0.5	2	31	0.95
0.466666666666667	2	31	0.95
0.432432432432432	2	31	0.95
0.6	2	31	0.95
0.351351351351351	2	31	0.95
0.484848484848485	2	31	0.95
0.476190476190476	2	31	0.95
0.653846153846154	2	31	0.95
0.391304347826087	2	31	0.95
0.517241379310345	2	31	0.95
0.444444444444444	2	31	0.95
0.382352941176471	2	31	0.95
0.392857142857143	2	31	0.95
0.518518518518518	2	31	0.95
0.4	2	31	0.95
0.303030303030303	2	31	0.95
0.366666666666667	2	31	0.95
0.419354838709677	2	31	0.95
0.461538461538462	2	31	0.95
0.545454545454545	2	31	0.95
0.590909090909091	2	31	0.95
0.487179487179487	2	31	0.95
0.538461538461538	2	31	0.95
0.575757575757576	2	31	0.95
0.620689655172414	2	31	0.95
0.125	2	31	0.95
0.466666666666667	2	31	0.95
0.476190476190476	2	31	0.95
0.461538461538462	2	31	0.95
0.533333333333333	2	31	0.95
0.130434782608696	2	31	0.95
0.125	2	31	0.95
0.4	2	31	0.95
0.285714285714286	2	31	0.95
0.461538461538462	2	31	0.95
0.2	2	31	0.95
0.583333333333333	2	31	0.95
0.454545454545455	2	31	0.95
0.387096774193548	2	31	0.95
0.318181818181818	2	31	0.95
0.538461538461538	2	31	0.95
0.454545454545455	2	31	0.95
0.48	2	31	0.95
0.157894736842105	2	31	0.95
0.555555555555556	2	31	0.95
0.324324324324324	2	31	0.95
0.441176470588235	2	31	0.95
0.535714285714286	2	31	0.95
0.538461538461538	2	31	0.95
0.642857142857143	2	31	0.95
0.25	2	31	0.95
0.421052631578947	2	31	0.95
0.384615384615385	2	31	0.95
0.527777777777778	2	31	0.95
0.527777777777778	2	31	0.95
0.34375	2	31	0.95
0.580645161290323	2	31	0.95
0.444444444444444	2	31	0.95
0.571428571428571	2	31	0.95
0.625	2	31	0.95
0.551724137931034	2	31	0.95
0.222222222222222	2	31	0.95
0.633333333333333	2	31	0.95
0.5	2	31	0.95
0.409090909090909	2	31	0.95
0.514285714285714	2	31	0.95
0.363636363636364	2	31	0.95
0.454545454545455	2	31	0.95
0.545454545454545	2	31	0.95
0.388888888888889	2	31	0.95
0.641025641025641	2	31	0.95
0.454545454545455	2	31	0.95
0.428571428571429	2	31	0.95
0.5625	2	31	0.95
0.483870967741935	2	31	0.95
0.6	2	31	0.95
0.384615384615385	2	31	0.95
0.628571428571429	2	31	0.95
0.4	2	31	0.95
0.411764705882353	2	31	0.95
0.388888888888889	2	31	0.95
0.447368421052632	2	31	0.95
0.454545454545455	2	31	0.95
0.448275862068966	2	31	0.95
0.458333333333333	2	31	0.95
0.8	2	31	0.95
0.428571428571429	2	31	0.95
0.423076923076923	2	31	0.95
0.617647058823529	2	31	0.95
0.448275862068966	2	31	0.95
0.382352941176471	2	31	0.95
0.606060606060606	2	31	0.95
0.5	2	31	0.95
0.454545454545455	2	31	0.95
0.296296296296296	2	31	0.95
0.413793103448276	2	31	0.95
0.428571428571429	2	31	0.95
0.5	2	31	0.95
0.5	2	31	0.95
0.441176470588235	2	31	0.95
0.476190476190476	2	31	0.95
0.594594594594595	2	31	0.95
0.482758620689655	2	31	0.95
0.388888888888889	2	31	0.95
0.486486486486487	2	31	0.95
0.560975609756098	2	31	0.95
0.388888888888889	2	31	0.95
0.333333333333333	2	31	0.95
0.486486486486487	2	31	0.95
0.590909090909091	2	31	0.95
0.423076923076923	2	31	0.95
0.45	2	31	0.95
0.542857142857143	2	31	0.95
0.428571428571429	2	31	0.95
0.272727272727273	2	31	0.95
0.536585365853659	2	31	0.95
0.472222222222222	2	31	0.95
0.564102564102564	2	31	0.95
0.424242424242424	2	31	0.95
0.53125	2	31	0.95
0.386363636363636	2	31	0.95
0.576923076923077	2	31	0.95
0.560975609756098	2	31	0.95
0.409090909090909	2	31	0.95
0.513513513513513	2	31	0.95
0.634146341463415	2	31	0.95
0.454545454545455	2	31	0.95
0.518518518518518	2	31	0.95
0.454545454545455	2	31	0.95
0.342857142857143	2	31	0.95
0.535714285714286	2	31	0.95
0.486486486486487	2	31	0.95
0.4	2	31	0.95
0.46875	2	31	0.95
0.6	2	31	0.95
0.529411764705882	2	31	0.95
0.46875	2	31	0.95
0.333333333333333	2	31	0.95
0.37037037037037	2	31	0.95
0.324324324324324	2	31	0.95
0.558823529411765	2	31	0.95
0.444444444444444	2	31	0.95
0.388888888888889	2	31	0.95
0.59375	2	31	0.95
0.419354838709677	2	31	0.95
0.421052631578947	2	31	0.95
0.513513513513513	2	31	0.95
0.423076923076923	2	31	0.95
0.542857142857143	2	31	0.95
0.575	2	31	0.95
0.4375	2	31	0.95
0.782608695652174	2	31	0.95
0.333333333333333	2	31	0.95
0.361111111111111	2	31	0.95
0.413793103448276	2	31	0.95
0.708333333333333	2	31	0.95
0.388888888888889	2	31	0.95
0.393939393939394	2	31	0.95
0.461538461538462	2	31	0.95
0.4	2	31	0.95
0.457142857142857	2	31	0.95
0.521739130434783	2	31	0.95
0.352941176470588	2	31	0.95
0.488372093023256	2	31	0.95
0.4	2	31	0.95
0.56	2	31	0.95
0.368421052631579	2	31	0.95
0.391304347826087	2	31	0.95
0.366666666666667	2	31	0.95
0.472222222222222	2	31	0.95
0.457142857142857	2	31	0.95
0.575	2	31	0.95
0.241379310344828	2	31	0.95
0.4	2	31	0.95
0.418604651162791	2	31	0.95
0.476190476190476	2	31	0.95
0.419354838709677	2	31	0.95
0.5	2	31	0.95
0.324324324324324	2	31	0.95
0.542857142857143	2	31	0.95
0.387096774193548	2	31	0.95
0.5	2	31	0.95
0.416666666666667	2	31	0.95
0.347826086956522	2	31	0.95
0.5	2	31	0.95
0.55	2	31	0.95
0.285714285714286	2	31	0.95
0.555555555555556	2	31	0.95
0.454545454545455	2	31	0.95
0.470588235294118	2	31	0.95
0.657894736842105	2	31	0.95
0.465116279069767	2	31	0.95
0.354838709677419	2	31	0.95
0.44	2	31	0.95
0.439024390243902	2	31	0.95
0.44	2	31	0.95
0.333333333333333	2	31	0.95
0.552631578947368	2	31	0.95
0.482758620689655	2	31	0.95
0.4	2	31	0.95
0.567567567567568	2	31	0.95
0.407407407407407	2	31	0.95
0.586206896551724	2	31	0.95
0.527777777777778	2	31	0.95
0.441860465116279	2	31	0.95
0.4	2	31	0.95
0.463414634146341	2	31	0.95
0.434782608695652	2	31	0.95
0.214285714285714	2	31	0.95
0.571428571428571	2	31	0.95
0.25	2	31	0.95
0.4	2	31	0.95
0.580645161290323	2	31	0.95
0.533333333333333	2	31	0.95
0.428571428571429	2	31	0.95
0.344827586206897	2	31	0.95
0.5	2	31	0.95
0.514285714285714	2	31	0.95
0.407407407407407	2	31	0.95
0.548387096774194	2	31	0.95
0.517241379310345	2	31	0.95
0.386363636363636	2	31	0.95
0.214285714285714	2	31	0.95
0.230769230769231	2	31	0.95
0.44	2	31	0.95
0.4375	2	31	0.95
0.513513513513513	2	31	0.95
0.419354838709677	2	31	0.95
0.392857142857143	2	31	0.95
0.317073170731707	2	31	0.95
0.583333333333333	2	31	0.95
0.482758620689655	2	31	0.95
0.259259259259259	2	31	0.95
0.424242424242424	2	31	0.95
0.59375	2	31	0.95
0.636363636363636	2	31	0.95
0.611111111111111	2	31	0.95
0.529411764705882	2	31	0.95
0.461538461538462	2	31	0.95
0.65	2	31	0.95
0.52	2	31	0.95
0.392857142857143	2	31	0.95
0.515151515151515	2	31	0.95
0.5	2	31	0.95
0.5	2	31	0.95
0.444444444444444	2	31	0.95
0.344827586206897	2	31	0.95
0.695652173913043	2	31	0.95
0.413793103448276	2	31	0.95
0.516129032258065	2	31	0.95
0.242424242424242	2	31	0.95
0.526315789473684	2	31	0.95
0.423076923076923	2	31	0.95
0.4	2	31	0.95
0.37037037037037	2	31	0.95
0.486486486486487	2	31	0.95
0.588235294117647	2	31	0.95
0.375	2	31	0.95
0.3	2	31	0.95
0.571428571428571	2	31	0.95
0.542857142857143	2	31	0.95
0.416666666666667	2	31	0.95
0.346153846153846	2	31	0.95
0.409090909090909	2	31	0.95
0.325	2	31	0.95
0.433333333333333	2	31	0.95
0.516129032258065	2	31	0.95
0.481481481481481	2	31	0.95
0.354838709677419	2	31	0.95
0.515151515151515	2	31	0.95
0.423076923076923	2	31	0.95
0.615384615384615	2	31	0.95
0.4	2	31	0.95
0.461538461538462	2	31	0.95
0.535714285714286	2	31	0.95
0.5	2	31	0.95
0.342105263157895	2	31	0.95
0.451612903225806	2	31	0.95
0.46875	2	31	0.95
0.409090909090909	2	31	0.95
0.366666666666667	2	31	0.95
0.346153846153846	2	31	0.95
0.365853658536585	2	31	0.95
0.5	2	31	0.95
0.724137931034483	2	31	0.95
0.470588235294118	2	31	0.95
0.454545454545455	2	31	0.95
0.416666666666667	2	31	0.95
0.25	2	31	0.95
0.384615384615385	2	31	0.95
0.458333333333333	2	31	0.95
0.6	2	31	0.95
0.428571428571429	2	31	0.95
0.451612903225806	2	31	0.95
0.451612903225806	2	31	0.95
0.552631578947368	2	31	0.95
0.59375	2	31	0.95
0.666666666666667	2	31	0.95
0.516129032258065	2	31	0.95
0.564102564102564	2	31	0.95
0.344827586206897	2	31	0.95
0.48780487804878	2	31	0.95
0.5	2	31	0.95
0.424242424242424	2	31	0.95
0.52	2	31	0.95
0.411764705882353	2	31	0.95
0.5	2	31	0.95
0.645161290322581	2	31	0.95
0.424242424242424	2	31	0.95
0.482758620689655	2	31	0.95
0.382352941176471	2	31	0.95
0.526315789473684	2	31	0.95
0.52	2	31	0.95
0.625	2	31	0.95
0.5	2	31	0.95
0.366666666666667	2	31	0.95
0.28	2	31	0.95
0.380952380952381	2	31	0.95
0.363636363636364	2	31	0.95
0.4	2	31	0.95
0.351351351351351	2	31	0.95
0.461538461538462	2	31	0.95
0.484848484848485	2	31	0.95
0.35	2	31	0.95
0.5	2	31	0.95
0.407407407407407	2	31	0.95
0.538461538461538	2	31	0.95
0.55	2	31	0.95
0.342105263157895	2	31	0.95
0.351351351351351	2	31	0.95
0.342857142857143	2	31	0.95
0.428571428571429	2	31	0.95
0.451612903225806	2	31	0.95
0.46875	2	31	0.95
0.40625	2	31	0.95
0.15	2	31	0.95
0.153846153846154	2	31	0.95
0.472222222222222	2	31	0.95
0.423076923076923	2	31	0.95
0.4375	2	31	0.95
0.285714285714286	2	31	0.95
0.230769230769231	2	31	0.95
0.444444444444444	2	31	0.95
0.476190476190476	2	31	0.95
0.409090909090909	2	31	0.95
0.25	2	31	0.95
0.525	2	31	0.95
0.5	2	31	0.95
1	2	31	0.95
0.41025641025641	2	31	0.95
0.375	2	31	0.95
0.545454545454545	2	31	0.95
0.448275862068966	2	31	0.95
0.275862068965517	2	31	0.95
0.526315789473684	2	31	0.95
0.5	2	31	0.95
0.481481481481481	2	31	0.95
0.485714285714286	2	31	0.95
0.44	2	31	0.95
0.473684210526316	2	31	0.95
0.53125	2	31	0.95
0.458333333333333	2	31	0.95
0.333333333333333	2	31	0.95
0.384615384615385	2	31	0.95
0.2	2	31	0.95
0.458333333333333	2	31	0.95
0.297297297297297	2	31	0.95
0.466666666666667	2	31	0.95
0.411764705882353	2	31	0.95
0.347826086956522	2	31	0.95
0.382352941176471	2	31	0.95
0.538461538461538	2	31	0.95
0.5	2	31	0.95
0.466666666666667	2	31	0.95
0.444444444444444	2	31	0.95
0.394736842105263	2	31	0.95
0.342857142857143	2	31	0.95
0.464285714285714	2	31	0.95
0.378378378378378	2	31	0.95
0.285714285714286	2	31	0.95
0.378378378378378	2	31	0.95
0.444444444444444	2	31	0.95
0.433333333333333	2	31	0.95
0.416666666666667	2	31	0.95
0.371428571428571	2	31	0.95
0.351351351351351	2	31	0.95
0.55	2	31	0.95
0.571428571428571	2	31	0.95
0.444444444444444	2	31	0.95
0.384615384615385	2	31	0.95
0.393939393939394	2	31	0.95
0.424242424242424	2	31	0.95
0.413793103448276	2	31	0.95
0.333333333333333	2	31	0.95
0.615384615384615	2	31	0.95
0.5	2	31	0.95
0.333333333333333	2	31	0.95
0.444444444444444	2	31	0.95
0.517241379310345	2	31	0.95
0.25	2	31	0.95
0.545454545454545	2	31	0.95
0.371428571428571	2	31	0.95
0.214285714285714	2	31	0.95
0.441860465116279	2	31	0.95
0.5625	2	31	0.95
0.511111111111111	2	31	0.95
0.315789473684211	2	31	0.95
0.259259259259259	2	31	0.95
0.523809523809524	2	31	0.95
0.4375	2	31	0.95
0.285714285714286	2	31	0.95
0.32258064516129	2	31	0.95
0.4	2	31	0.95
0.342857142857143	2	31	0.95
0.4375	2	31	0.95
0.513513513513513	2	31	0.95
0.566666666666667	2	31	0.95
0.444444444444444	2	31	0.95
0.586206896551724	2	31	0.95
0.45	2	31	0.95
0.542857142857143	2	31	0.95
0.363636363636364	2	31	0.95
0.153846153846154	2	31	0.95
0.333333333333333	2	31	0.95
0.3	2	31	0.95
0.592592592592593	2	31	0.95
0.571428571428571	2	31	0.95
0.5	2	31	0.95
0.857142857142857	2	31	0.95
0.5	2	31	0.95
0.157894736842105	2	31	0.95
0.40625	2	31	0.95
0.456521739130435	2	31	0.95
0.5	2	31	0.95
0.533333333333333	2	31	0.95
0.588235294117647	2	31	0.95
0.5	2	31	0.95
0.40625	2	31	0.95
0.461538461538462	2	31	0.95
0.5	2	31	0.95
0.352941176470588	2	31	0.95
0.521739130434783	2	31	0.95
0.170731707317073	2	31	0.95
0.483870967741935	2	31	0.95
0.444444444444444	2	31	0.95
0.303030303030303	2	31	0.95
0.32258064516129	2	31	0.95
0.395348837209302	2	31	0.95
0.388888888888889	2	31	0.95
0.32	2	31	0.95
0.352941176470588	2	31	0.95
0.222222222222222	2	31	0.95
0.4375	2	31	0.95
0.3125	2	31	0.95
0.375	2	31	0.95
0.454545454545455	2	31	0.95
0.384615384615385	2	31	0.95
0.612903225806452	2	31	0.95
0.533333333333333	2	31	0.95
0.515151515151515	2	31	0.95
0.483870967741935	2	31	0.95
0.375	2	31	0.95
0.354838709677419	2	31	0.95
0.171428571428571	2	31	0.95
0.333333333333333	2	31	0.95
0.256410256410256	2	31	0.95
0.34375	2	31	0.95
0.371428571428571	2	31	0.95
0.485714285714286	2	31	0.95
0.473684210526316	2	31	0.95
0.567567567567568	2	31	0.95
0.580645161290323	2	31	0.95
0.444444444444444	2	31	0.95
0.384615384615385	2	31	0.95
0.419354838709677	2	31	0.95
0.533333333333333	2	31	0.95
0.535714285714286	2	31	0.95
0.529411764705882	2	31	0.95
0.387096774193548	2	31	0.95
0.59375	2	31	0.95
0.481481481481481	2	31	0.95
0.5	2	31	0.95
0.32	2	31	0.95
0.5	2	31	0.95
0.473684210526316	2	31	0.95
0.375	2	31	0.95
0.529411764705882	2	31	0.95
0.5	2	31	0.95
0.526315789473684	2	31	0.95
0.529411764705882	2	31	0.95
0.606060606060606	2	31	0.95
0.548387096774194	2	31	0.95
0.173913043478261	2	31	0.95
0.395348837209302	2	31	0.95
0.457142857142857	2	31	0.95
0.509803921568627	2	31	0.95
0.448275862068966	2	31	0.95
0.205882352941176	2	31	0.95
0.212121212121212	2	31	0.95
0.2	2	31	0.95
0.205882352941176	2	31	0.95
0.205882352941176	2	31	0.95
0.212121212121212	2	31	0.95
0.407407407407407	2	31	0.95
0.606060606060606	2	31	0.95
0.444444444444444	2	31	0.95
0.387096774193548	2	31	0.95
0.5625	2	31	0.95
0.363636363636364	2	31	0.95
0.333333333333333	2	31	0.95
0.558823529411765	2	31	0.95
0.485714285714286	2	31	0.95
0.285714285714286	2	31	0.95
0.405405405405405	2	31	0.95
0.633333333333333	2	31	0.95
0.419354838709677	2	31	0.95
0.366666666666667	2	31	0.95
0.564102564102564	2	31	0.95
0.590909090909091	2	31	0.95
0.488372093023256	2	31	0.95
0.368421052631579	2	31	0.95
0.378378378378378	2	31	0.95
0.5	2	31	0.95
0.51219512195122	2	31	0.95
0.5	2	31	0.95
0.472222222222222	2	31	0.95
0.344827586206897	2	31	0.95
0.512820512820513	2	31	0.95
0.571428571428571	2	31	0.95
0.347826086956522	2	31	0.95
0.25	2	31	0.95
0.526315789473684	2	31	0.95
0.191489361702128	2	31	0.95
0.363636363636364	2	31	0.95
0.518518518518518	2	31	0.95
0.576923076923077	2	31	0.95
0.419354838709677	2	31	0.95
0.470588235294118	2	31	0.95
0.428571428571429	2	31	0.95
0.5	2	31	0.95
0.413793103448276	2	31	0.95
0.37037037037037	2	31	0.95
0.193548387096774	2	31	0.95
0.233333333333333	2	31	0.95
0.266666666666667	2	31	0.95
0.5	2	31	0.95
0.333333333333333	2	31	0.95
0.678571428571429	2	31	0.95
0.342105263157895	2	31	0.95
0.645161290322581	2	31	0.95
0.512820512820513	2	31	0.95
0.515151515151515	2	31	0.95
0.590909090909091	2	31	0.95
0.422222222222222	2	31	0.95
0.454545454545455	2	31	0.95
0.384615384615385	2	31	0.95
0.36	2	31	0.95
0.384615384615385	2	31	0.95
0.324324324324324	2	31	0.95
0.25	2	31	0.95
0.352941176470588	2	31	0.95
0.48	2	31	0.95
0.34375	2	31	0.95
0.607142857142857	2	31	0.95
0.296296296296296	2	31	0.95
0.378378378378378	2	31	0.95
0.4	2	31	0.95
0.571428571428571	2	31	0.95
0.5	2	31	0.95
0.5625	2	31	0.95
0.470588235294118	2	31	0.95
0.551724137931034	2	31	0.95
0.513513513513513	2	31	0.95
0.357142857142857	2	31	0.95
0.4	2	31	0.95
0.470588235294118	2	31	0.95
0.3	2	31	0.95
0.411764705882353	2	31	0.95
0.481481481481481	2	31	0.95
0.346153846153846	2	31	0.95
0.5	2	31	0.95
0.527777777777778	2	31	0.95
0.461538461538462	2	31	0.95
0.575	2	31	0.95
0.4375	2	31	0.95
0.5625	2	31	0.95
0.452380952380952	2	31	0.95
0.6	2	31	0.95
0.290322580645161	2	31	0.95
0.46875	2	31	0.95
0.230769230769231	2	31	0.95
0.512820512820513	2	31	0.95
0.612903225806452	2	31	0.95
0.45	2	31	0.95
0.5	2	31	0.95
0.136363636363636	2	31	0.95
0.540540540540541	2	31	0.95
0.5	2	31	0.95
0.586206896551724	2	31	0.95
0.53125	2	31	0.95
0.366666666666667	2	31	0.95
0.41025641025641	2	31	0.95
0.583333333333333	2	31	0.95
0.419354838709677	2	31	0.95
0.458333333333333	2	31	0.95
0.285714285714286	2	31	0.95
0.378378378378378	2	31	0.95
0.428571428571429	2	31	0.95
0.444444444444444	2	31	0.95
0.428571428571429	2	31	0.95
0.5	2	31	0.95
0.615384615384615	2	31	0.95
0.580645161290323	2	31	0.95
0.259259259259259	2	31	0.95
0.512820512820513	2	31	0.95
0.32	2	31	0.95
0.13953488372093	2	31	0.95
0.441176470588235	2	31	0.95
0.514285714285714	2	31	0.95
0.476190476190476	2	31	0.95
0.431818181818182	2	31	0.95
0.545454545454545	2	31	0.95
0.212121212121212	2	31	0.95
0.37037037037037	2	31	0.95
0.529411764705882	2	31	0.95
0.340909090909091	2	31	0.95
0.526315789473684	2	31	0.95
0.382352941176471	2	31	0.95
0.342857142857143	2	31	0.95
0.547619047619048	2	31	0.95
0.529411764705882	2	31	0.95
0.405405405405405	2	31	0.95
0.454545454545455	2	31	0.95
0.457142857142857	2	31	0.95
0.423076923076923	2	31	0.95
0.390243902439024	2	31	0.95
0.470588235294118	2	31	0.95
0.363636363636364	2	31	0.95
0.32258064516129	2	31	0.95
0.477272727272727	2	31	0.95
0.511627906976744	2	31	0.95
0.4	2	31	0.95
0.416666666666667	2	31	0.95
0.5	2	31	0.95
0.428571428571429	2	31	0.95
0.472222222222222	2	31	0.95
0.428571428571429	2	31	0.95
0.392857142857143	2	31	0.95
0.392857142857143	2	31	0.95
0.540540540540541	2	31	0.95
0.5	2	31	0.95
0.387096774193548	2	31	0.95
0.5	2	31	0.95
0.5	2	31	0.95
0.222222222222222	2	31	0.95
0.517241379310345	2	31	0.95
0.342857142857143	2	31	0.95
0.444444444444444	2	31	0.95
0.375	2	31	0.95
0.571428571428571	2	31	0.95
0.476190476190476	2	31	0.95
0.428571428571429	2	31	0.95
0.454545454545455	2	31	0.95
0.418604651162791	2	31	0.95
0.461538461538462	2	31	0.95
0.488372093023256	2	31	0.95
0.3	2	31	0.95
0.242424242424242	2	31	0.95
0.146341463414634	2	31	0.95
0.454545454545455	2	31	0.95
0.419354838709677	2	31	0.95
0.2	2	31	0.95
0.216216216216216	2	31	0.95
0.533333333333333	2	31	0.95
0.606060606060606	2	31	0.95
0.296296296296296	2	31	0.95
0.413793103448276	2	31	0.95
0.32	2	31	0.95
0.371428571428571	2	31	0.95
0.333333333333333	2	31	0.95
0.424242424242424	2	31	0.95
0.515151515151515	2	31	0.95
0.340425531914894	2	31	0.95
0.392857142857143	2	31	0.95
0.517241379310345	2	31	0.95
0.476190476190476	2	31	0.95
0.378378378378378	2	31	0.95
0.354838709677419	2	31	0.95
0.636363636363636	2	31	0.95
0.545454545454545	2	31	0.95
0.5	2	31	0.95
0.534883720930233	2	31	0.95
0.379310344827586	2	31	0.95
0.428571428571429	2	31	0.95
0.64	2	31	0.95
0.5	2	31	0.95
0.290322580645161	2	31	0.95
0.452380952380952	2	31	0.95
0.611111111111111	2	31	0.95
0.444444444444444	2	31	0.95
0.368421052631579	2	31	0.95
0.131578947368421	2	31	0.95
0.481481481481481	2	31	0.95
0.25	2	31	0.95
0.3	2	31	0.95
0.4	2	31	0.95
0.46875	2	31	0.95
0.484848484848485	2	31	0.95
0.333333333333333	2	31	0.95
0.428571428571429	2	31	0.95
0.612903225806452	2	31	0.95
0.5	2	31	0.95
0.425	2	31	0.95
0.4375	2	31	0.95
0.4	2	31	0.95
0.527777777777778	2	31	0.95
0.56	2	31	0.95
0.485714285714286	2	31	0.95
0.451612903225806	2	31	0.95
0.323529411764706	2	31	0.95
0.37037037037037	2	31	0.95
0.473684210526316	2	31	0.95
0.171428571428571	2	31	0.95
0.13953488372093	2	31	0.95
0.481481481481481	2	31	0.95
0.375	2	31	0.95
0.454545454545455	2	31	0.95
0.375	2	31	0.95
0.517241379310345	2	31	0.95
0.551724137931034	2	31	0.95
0.571428571428571	2	31	0.95
0.575757575757576	2	31	0.95
0.571428571428571	2	31	0.95
0.475	2	31	0.95
0.411764705882353	2	31	0.95
0.64	2	31	0.95
0.333333333333333	2	31	0.95
0.461538461538462	2	31	0.95
0.32258064516129	2	31	0.95
0.444444444444444	2	31	0.95
0.225806451612903	2	31	0.95
0.5	2	31	0.95
0.241379310344828	2	31	0.95
0.516129032258065	2	31	0.95
0.414634146341463	2	31	0.95
0.4	2	31	0.95
0.4375	2	31	0.95
0.384615384615385	2	31	0.95
0.545454545454545	2	31	0.95
0.45	2	31	0.95
0.5	2	31	0.95
0.421052631578947	2	31	0.95
0.576923076923077	2	31	0.95
0.375	2	31	0.95
0.4	2	31	0.95
0.607142857142857	2	31	0.95
0.371428571428571	2	31	0.95
0.607142857142857	2	31	0.95
0.444444444444444	2	31	0.95
0.482758620689655	2	31	0.95
0.432432432432432	2	31	0.95
0.518518518518518	2	31	0.95
0.558823529411765	2	31	0.95
0.25	2	31	0.95
0.347826086956522	2	31	0.95
0.387096774193548	2	31	0.95
0.5	2	31	0.95
0.344827586206897	2	31	0.95
0.529411764705882	2	31	0.95
0.323529411764706	2	31	0.95
0.464285714285714	2	31	0.95
0.472222222222222	2	31	0.95
0.428571428571429	2	31	0.95
0.470588235294118	2	31	0.95
0.487179487179487	2	31	0.95
0.5	2	31	0.95
0.478260869565217	2	31	0.95
0.521739130434783	2	31	0.95
0.451612903225806	2	31	0.95
0.387096774193548	2	31	0.95
0.75	2	31	0.95
0.6	2	31	0.95
0.5	2	31	0.95
0.451612903225806	2	31	0.95
0.540540540540541	2	31	0.95
0.423076923076923	2	31	0.95
0.5	2	31	0.95
0.487179487179487	2	31	0.95
0.485714285714286	2	31	0.95
0.454545454545455	2	31	0.95
0.379310344827586	2	31	0.95
0.473684210526316	2	31	0.95
0.37037037037037	2	31	0.95
0.514285714285714	2	31	0.95
0.421052631578947	2	31	0.95
0.511111111111111	2	31	0.95
0.416666666666667	2	31	0.95
0.392857142857143	2	31	0.95
0.571428571428571	2	31	0.95
0.421052631578947	2	31	0.95
0.333333333333333	2	31	0.95
0.477272727272727	2	31	0.95
0.538461538461538	2	31	0.95
0.666666666666667	2	31	0.95
0.6	2	31	0.95
0.378378378378378	2	31	0.95
0.423076923076923	2	31	0.95
0.130434782608696	2	31	0.95
0.428571428571429	2	31	0.95
0.444444444444444	2	31	0.95
0.352941176470588	2	31	0.95
0.55	2	31	0.95
0.363636363636364	2	31	0.95
0.275862068965517	2	31	0.95
0.538461538461538	2	31	0.95
0.352941176470588	2	31	0.95
0.478260869565217	2	31	0.95
0.485714285714286	2	31	0.95
0.470588235294118	2	31	0.95
0.5	2	31	0.95
0.566666666666667	2	31	0.95
0.454545454545455	2	31	0.95
0.5625	2	31	0.95
0.384615384615385	2	31	0.95
0.375	2	31	0.95
0.487179487179487	2	31	0.95
0.375	2	31	0.95
0.633333333333333	2	31	0.95
0.35	2	31	0.95
0.372549019607843	2	31	0.95
0.392857142857143	2	31	0.95
0.516129032258065	2	31	0.95
0.478260869565217	2	31	0.95
0.463414634146341	2	31	0.95
0.285714285714286	2	31	0.95
0.473684210526316	2	31	0.95
0.434782608695652	2	31	0.95
0.451612903225806	2	31	0.95
0.517241379310345	2	31	0.95
0.282051282051282	2	31	0.95
0.482758620689655	2	31	0.95
0.375	2	31	0.95
0.478260869565217	2	31	0.95
0.333333333333333	2	31	0.95
0.421052631578947	2	31	0.95
0.552631578947368	2	31	0.95
0.432432432432432	2	31	0.95
0.5	2	31	0.95
0.346153846153846	2	31	0.95
0.433333333333333	2	31	0.95
0.536585365853659	2	31	0.95
0.527777777777778	2	31	0.95
0.432432432432432	2	31	0.95
0.571428571428571	2	31	0.95
0.538461538461538	2	31	0.95
0.394736842105263	2	31	0.95
0.574468085106383	2	31	0.95
0.431818181818182	2	31	0.95
0.384615384615385	2	31	0.95
0.580645161290323	2	31	0.95
0.375	2	31	0.95
0.285714285714286	2	31	0.95
0.411764705882353	2	31	0.95
0.514285714285714	2	31	0.95
0.464285714285714	2	31	0.95
0.354838709677419	2	31	0.95
0.578947368421053	2	31	0.95
0.321428571428571	2	31	0.95
0.515151515151515	2	31	0.95
0.433333333333333	2	31	0.95
0.304347826086957	2	31	0.95
0.3	2	31	0.95
0.230769230769231	2	31	0.95
0.432432432432432	2	31	0.95
0.461538461538462	2	31	0.95
0.457142857142857	2	31	0.95
0.565217391304348	2	31	0.95
0.451612903225806	2	31	0.95
0.421052631578947	2	31	0.95
0.272727272727273	2	31	0.95
0.36	2	31	0.95
0.421052631578947	2	31	0.95
0.366666666666667	2	31	0.95
0.230769230769231	2	31	0.95
0.304347826086957	2	31	0.95
0.470588235294118	2	31	0.95
0.194444444444444	2	31	0.95
0.194444444444444	2	31	0.95
0.379310344827586	2	31	0.95
0.586206896551724	2	31	0.95
0.653846153846154	2	31	0.95
0.52	2	31	0.95
0.571428571428571	2	31	0.95
0.526315789473684	2	31	0.95
0.724137931034483	2	31	0.95
0.473684210526316	2	31	0.95
0.461538461538462	2	31	0.95
0.448275862068966	2	31	0.95
0.347826086956522	2	31	0.95
0.470588235294118	2	31	0.95
0.481481481481481	2	31	0.95
0.620689655172414	2	31	0.95
0.482758620689655	2	31	0.95
0.666666666666667	2	31	0.95
0.448275862068966	2	31	0.95
0.333333333333333	2	31	0.95
0.466666666666667	2	31	0.95
0.434782608695652	2	31	0.95
0.533333333333333	2	31	0.95
0.633333333333333	2	31	0.95
0.5	2	31	0.95
0.452380952380952	2	31	0.95
0.333333333333333	2	31	0.95
0.517241379310345	2	31	0.95
0.3	2	31	0.95
0.482758620689655	2	31	0.95
0.526315789473684	2	31	0.95
0.371428571428571	2	31	0.95
0.318181818181818	2	31	0.95
0.625	2	31	0.95
0.454545454545455	2	31	0.95
0.393939393939394	2	31	0.95
0.5	2	31	0.95
0.425	2	31	0.95
0.428571428571429	2	31	0.95
0.424242424242424	2	31	0.95
0.357142857142857	2	31	0.95
0.444444444444444	2	31	0.95
0.428571428571429	2	31	0.95
0.225806451612903	2	31	0.95
0.12280701754386	2	31	0.95
0.277777777777778	2	31	0.95
0.384615384615385	2	31	0.95
0.592592592592593	2	31	0.95
0.514285714285714	2	31	0.95
0.464285714285714	2	31	0.95
0.521739130434783	2	31	0.95
0.411764705882353	2	31	0.95
0.636363636363636	2	31	0.95
0.428571428571429	2	31	0.95
0.5	2	31	0.95
0.105263157894737	2	31	0.95
0.5	2	31	0.95
0.294117647058824	2	31	0.95
0.444444444444444	2	31	0.95
0.419354838709677	2	31	0.95
0.458333333333333	2	31	0.95
0.472222222222222	2	31	0.95
0.490196078431373	2	31	0.95
0.333333333333333	2	31	0.95
0.466666666666667	2	31	0.95
0.586206896551724	2	31	0.95
0.487179487179487	2	31	0.95
0.375	2	31	0.95
0.4375	2	31	0.95
0.451612903225806	2	31	0.95
0.5	2	31	0.95
0.540540540540541	2	31	0.95
0.333333333333333	2	31	0.95
0.518518518518518	2	31	0.95
0.3	2	31	0.95
0.833333333333333	2	31	0.95
0.210526315789474	2	31	0.95
0.235294117647059	2	31	0.95
0.65625	2	31	0.95
0.5	2	31	0.95
0.533333333333333	2	31	0.95
0.393939393939394	2	31	0.95
0.366666666666667	2	31	0.95
0.529411764705882	2	31	0.95
0.363636363636364	2	31	0.95
0.171428571428571	2	31	0.95
0.483870967741935	2	31	0.95
0.428571428571429	2	31	0.95
0.571428571428571	2	31	0.95
0.619047619047619	2	31	0.95
0.516129032258065	2	31	0.95
0.59375	2	31	0.95
0.423076923076923	2	31	0.95
0.470588235294118	2	31	0.95
0.64	2	31	0.95
0.269230769230769	2	31	0.95
0.484848484848485	2	31	0.95
0.575757575757576	2	31	0.95
0.448275862068966	2	31	0.95
0.393939393939394	2	31	0.95
0.551724137931034	2	31	0.95
0.387096774193548	2	31	0.95
0.625	2	31	0.95
0.482758620689655	2	31	0.95
0.411764705882353	2	31	0.95
0.464285714285714	2	31	0.95
0.516129032258065	2	31	0.95
0.41025641025641	2	31	0.95
0.32	2	31	0.95
0.461538461538462	2	31	0.95
0.555555555555556	2	31	0.95
0.586206896551724	2	31	0.95
0.333333333333333	2	31	0.95
0.416666666666667	2	31	0.95
0.416666666666667	2	31	0.95
0.448275862068966	2	31	0.95
0.423076923076923	2	31	0.95
0.588235294117647	2	31	0.95
0.428571428571429	2	31	0.95
0.428571428571429	2	31	0.95
0.263157894736842	2	31	0.95
0.419354838709677	2	31	0.95
0.393939393939394	2	31	0.95
0.454545454545455	2	31	0.95
0.419354838709677	2	31	0.95
0.708333333333333	2	31	0.95
0.441176470588235	2	31	0.95
0.428571428571429	2	31	0.95
0.533333333333333	2	31	0.95
0.62962962962963	2	31	0.95
0.242424242424242	2	31	0.95
0.566666666666667	2	31	0.95
0.666666666666667	2	31	0.95
0.461538461538462	2	31	0.95
0.382352941176471	2	31	0.95
0.511627906976744	2	31	0.95
0.291666666666667	2	31	0.95
0.291666666666667	2	31	0.95
0.523809523809524	2	31	0.95
0.633333333333333	2	31	0.95
0.333333333333333	2	31	0.95
0.5	2	31	0.95
0.448275862068966	2	31	0.95
0.390243902439024	2	31	0.95
