VAF	CN	avg.depth	purity
1	1	12	1
0.615384615384615	1	12	1
0.923076923076923	1	12	1
1	1	12	1
1	1	12	1
1	1	12	1
0.705882352941177	2	23	1
0.5	2	23	1
0.48	2	23	1
0.4	2	23	1
0.466666666666667	2	23	1
0.366666666666667	2	23	1
0.380952380952381	2	23	1
0.466666666666667	2	23	1
0.25	2	23	1
0.611111111111111	2	23	1
0.478260869565217	2	23	1
0.307692307692308	2	23	1
0.44	2	23	1
0.545454545454545	2	23	1
0.529411764705882	2	23	1
0.571428571428571	2	23	1
0.521739130434783	2	23	1
0.714285714285714	2	23	1
0.481481481481481	2	23	1
0.727272727272727	2	23	1
0.434782608695652	2	23	1
0.571428571428571	2	23	1
0.592592592592593	2	23	1
0.473684210526316	2	23	1
0.333333333333333	2	23	1
0.5625	2	23	1
0.5	2	23	1
0.407407407407407	2	23	1
0.517241379310345	2	23	1
0.5	2	23	1
0.476190476190476	2	23	1
0.416666666666667	2	23	1
0.333333333333333	2	23	1
0.454545454545455	2	23	1
0.458333333333333	2	23	1
0.5	2	23	1
0.636363636363636	2	23	1
0.619047619047619	2	23	1
0.458333333333333	2	23	1
0.607142857142857	2	23	1
0.478260869565217	2	23	1
0.666666666666667	2	23	1
0.333333333333333	2	23	1
0.615384615384615	2	23	1
0.523809523809524	2	23	1
0.266666666666667	2	23	1
0.48	2	23	1
0.6	2	23	1
0.235294117647059	2	23	1
0.393939393939394	2	23	1
0.541666666666667	2	23	1
0.566666666666667	2	23	1
0.5	2	23	1
0.5	2	23	1
0.4	2	23	1
0.5	2	23	1
0.473684210526316	2	23	1
0.583333333333333	2	23	1
0.470588235294118	2	23	1
0.483870967741935	2	23	1
0.4	2	23	1
0.409090909090909	2	23	1
0.176470588235294	2	23	1
0.571428571428571	2	23	1
0.45	2	23	1
0.53125	2	23	1
0.321428571428571	2	23	1
0.419354838709677	2	23	1
0.388888888888889	2	23	1
0.466666666666667	2	23	1
0.586206896551724	2	23	1
0.517241379310345	2	23	1
0.428571428571429	2	23	1
0.464285714285714	2	23	1
0.586206896551724	2	23	1
0.391304347826087	2	23	1
0.55	2	23	1
0.4	2	23	1
0.333333333333333	2	23	1
0.461538461538462	2	23	1
0.64	2	23	1
0.571428571428571	2	23	1
0.615384615384615	2	23	1
0.346153846153846	2	23	1
0.645161290322581	2	23	1
0.523809523809524	2	23	1
0.615384615384615	2	23	1
0.27906976744186	2	23	1
0.666666666666667	2	23	1
0.555555555555556	2	23	1
0.384615384615385	2	23	1
0.5	2	23	1
0.344827586206897	2	23	1
0.125	2	23	1
0.521739130434783	2	23	1
0.458333333333333	2	23	1
0.59375	2	23	1
0.3	2	23	1
0.615384615384615	2	23	1
0.55	2	23	1
0.457142857142857	2	23	1
0.407407407407407	2	23	1
0.62962962962963	2	23	1
0.607142857142857	2	23	1
0.36	2	23	1
0.368421052631579	2	23	1
0.347826086956522	2	23	1
0.454545454545455	2	23	1
0.6875	2	23	1
0.451612903225806	2	23	1
0.578947368421053	2	23	1
0.470588235294118	2	23	1
0.423076923076923	2	23	1
0.434782608695652	2	23	1
0.333333333333333	2	23	1
0.454545454545455	2	23	1
0.272727272727273	2	23	1
0.607142857142857	2	23	1
0.5625	2	23	1
0.583333333333333	2	23	1
0.5	2	23	1
0.366666666666667	2	23	1
0.428571428571429	2	23	1
0.315789473684211	2	23	1
0.458333333333333	2	23	1
0.379310344827586	2	23	1
0.333333333333333	2	23	1
0.545454545454545	2	23	1
0.478260869565217	2	23	1
0.12	2	23	1
0.5	2	23	1
0.6	2	23	1
0.384615384615385	2	23	1
0.666666666666667	2	23	1
0.392857142857143	2	23	1
0.421052631578947	2	23	1
0.391304347826087	2	23	1
0.64	2	23	1
0.380952380952381	2	23	1
0.652173913043478	2	23	1
0.5	2	23	1
0.375	2	23	1
0.541666666666667	2	23	1
0.7	2	23	1
0.533333333333333	2	23	1
0.476190476190476	2	23	1
0.384615384615385	2	23	1
0.409090909090909	2	23	1
0.588235294117647	2	23	1
0.407407407407407	2	23	1
0.4375	2	23	1
0.363636363636364	2	23	1
0.558823529411765	2	23	1
0.555555555555556	2	23	1
0.482758620689655	2	23	1
0.347826086956522	2	23	1
0.461538461538462	2	23	1
0.5	2	23	1
0.633333333333333	2	23	1
0.5	2	23	1
0.5	2	23	1
0.5	2	23	1
0.473684210526316	2	23	1
0.441176470588235	2	23	1
0.384615384615385	2	23	1
0.391304347826087	2	23	1
0.542857142857143	2	23	1
0.384615384615385	2	23	1
0.555555555555556	2	23	1
0.375	2	23	1
0.40625	2	23	1
0.545454545454545	2	23	1
0.40625	2	23	1
0.424242424242424	2	23	1
0.538461538461538	2	23	1
0.615384615384615	2	23	1
0.333333333333333	2	23	1
0.5	2	23	1
0.5	2	23	1
0.739130434782609	2	23	1
0.48	2	23	1
0.473684210526316	2	23	1
0.411764705882353	2	23	1
0.5625	2	23	1
0.478260869565217	2	23	1
0.636363636363636	2	23	1
0.266666666666667	2	23	1
0.421052631578947	2	23	1
0.333333333333333	2	23	1
0.588235294117647	2	23	1
0.5	2	23	1
0.416666666666667	2	23	1
0.525	2	23	1
0.590909090909091	2	23	1
0.5	2	23	1
0.666666666666667	2	23	1
0.419354838709677	2	23	1
0.529411764705882	2	23	1
0.459459459459459	2	23	1
0.285714285714286	2	23	1
0.541666666666667	2	23	1
0.583333333333333	2	23	1
0.51219512195122	2	23	1
0.5	2	23	1
0.4375	2	23	1
0.571428571428571	2	23	1
0.34375	2	23	1
0.321428571428571	2	23	1
0.55	2	23	1
0.4	2	23	1
0.347826086956522	2	23	1
0.476190476190476	2	23	1
0.483870967741935	2	23	1
0.545454545454545	2	23	1
0.7	2	23	1
0.666666666666667	2	23	1
0.473684210526316	2	23	1
0.304347826086957	2	23	1
0.172413793103448	2	23	1
0.333333333333333	2	23	1
0.818181818181818	2	23	1
0.363636363636364	2	23	1
0.521739130434783	2	23	1
0.5	2	23	1
0.615384615384615	2	23	1
0.580645161290323	2	23	1
0.477272727272727	2	23	1
0.466666666666667	2	23	1
0.4375	2	23	1
0.533333333333333	2	23	1
0.5625	2	23	1
0.272727272727273	2	23	1
0.5	2	23	1
0.454545454545455	2	23	1
0.19047619047619	2	23	1
0.571428571428571	2	23	1
0.346153846153846	2	23	1
0.384615384615385	2	23	1
0.476190476190476	2	23	1
0.391304347826087	2	23	1
0.4	2	23	1
0.407407407407407	2	23	1
0.411764705882353	2	23	1
0.566666666666667	2	23	1
0.55	2	23	1
0.352941176470588	2	23	1
0.481481481481481	2	23	1
0.296296296296296	2	23	1
0.416666666666667	2	23	1
0.55	2	23	1
0.583333333333333	2	23	1
0.625	2	23	1
0.535714285714286	2	23	1
0.478260869565217	2	23	1
0.461538461538462	2	23	1
0.454545454545455	2	23	1
0.576923076923077	2	23	1
0.45	2	23	1
0.5	2	23	1
0.458333333333333	2	23	1
0.423076923076923	2	23	1
0.5	2	23	1
0.619047619047619	2	23	1
0.428571428571429	2	23	1
0.6	2	23	1
0.454545454545455	2	23	1
0.233333333333333	2	23	1
0.705882352941177	2	23	1
0.678571428571429	2	23	1
0.423076923076923	2	23	1
0.380952380952381	2	23	1
0.214285714285714	2	23	1
0.4	2	23	1
0.380952380952381	2	23	1
0.56	2	23	1
0.5	2	23	1
0.333333333333333	2	23	1
0.736842105263158	2	23	1
0.6	2	23	1
0.2	2	23	1
0.333333333333333	2	23	1
0.615384615384615	2	23	1
0.176470588235294	2	23	1
0.421052631578947	2	23	1
0.307692307692308	2	23	1
0.416666666666667	2	23	1
0.8	2	23	1
0.714285714285714	2	23	1
0.5	2	23	1
0.533333333333333	2	23	1
0.571428571428571	2	23	1
0.444444444444444	2	23	1
0.25	2	23	1
0.625	2	23	1
0.653846153846154	2	23	1
0.535714285714286	2	23	1
0.580645161290323	2	23	1
0.608695652173913	2	23	1
0.592592592592593	2	23	1
0.391304347826087	2	23	1
0.615384615384615	2	23	1
0.518518518518518	2	23	1
0.269230769230769	2	23	1
0.611111111111111	2	23	1
0.6875	2	23	1
0.388888888888889	2	23	1
0.4	2	23	1
0.391304347826087	2	23	1
0.434782608695652	2	23	1
0.481481481481481	2	23	1
0.4	2	23	1
0.5	2	23	1
0.27027027027027	2	23	1
0.5	2	23	1
0.36	2	23	1
0.222222222222222	2	23	1
0.428571428571429	2	23	1
0.24	2	23	1
0.391304347826087	2	23	1
0.391304347826087	2	23	1
0.529411764705882	2	23	1
0.642857142857143	2	23	1
0.444444444444444	2	23	1
0.5	2	23	1
0.434782608695652	2	23	1
0.518518518518518	2	23	1
0.392857142857143	2	23	1
0.451612903225806	2	23	1
0.473684210526316	2	23	1
0.45	2	23	1
0.483870967741935	2	23	1
0.529411764705882	2	23	1
0.454545454545455	2	23	1
0.222222222222222	2	23	1
0.375	2	23	1
0.307692307692308	2	23	1
0.222222222222222	2	23	1
0.6	2	23	1
0.526315789473684	2	23	1
0.315789473684211	2	23	1
0.631578947368421	2	23	1
0.578947368421053	2	23	1
0.357142857142857	2	23	1
0.538461538461538	2	23	1
0.19047619047619	2	23	1
0.473684210526316	2	23	1
0.631578947368421	2	23	1
0.518518518518518	2	23	1
0.625	2	23	1
0.393939393939394	2	23	1
0.518518518518518	2	23	1
0.352941176470588	2	23	1
0.619047619047619	2	23	1
0.411764705882353	2	23	1
0.555555555555556	2	23	1
0.5	2	23	1
0.428571428571429	2	23	1
0.434782608695652	2	23	1
0.5	2	23	1
0.541666666666667	2	23	1
0.533333333333333	2	23	1
0.448275862068966	2	23	1
0.444444444444444	2	23	1
0.379310344827586	2	23	1
0.551724137931034	2	23	1
0.555555555555556	2	23	1
0.625	2	23	1
0.461538461538462	2	23	1
0.285714285714286	2	23	1
0.526315789473684	2	23	1
0.526315789473684	2	23	1
0.5	2	23	1
0.578947368421053	2	23	1
0.555555555555556	2	23	1
0.25	2	23	1
0.521739130434783	2	23	1
0.476190476190476	2	23	1
0.434782608695652	2	23	1
0.526315789473684	2	23	1
0.5	2	23	1
0.366666666666667	2	23	1
0.4	2	23	1
0.607142857142857	2	23	1
0.541666666666667	2	23	1
0.444444444444444	2	23	1
0.863636363636364	2	23	1
0.6	2	23	1
0.464285714285714	2	23	1
0.44	2	23	1
0.333333333333333	2	23	1
0.391304347826087	2	23	1
0.590909090909091	2	23	1
0.392857142857143	2	23	1
0.416666666666667	2	23	1
0.592592592592593	2	23	1
0.25	2	23	1
0.428571428571429	2	23	1
0.459459459459459	2	23	1
0.7	2	23	1
0.391304347826087	2	23	1
0.476190476190476	2	23	1
0.16	2	23	1
0.548387096774194	2	23	1
0.482758620689655	2	23	1
0.583333333333333	2	23	1
0.6	2	23	1
0.590909090909091	2	23	1
0.5	2	23	1
0.529411764705882	2	23	1
0.304347826086957	2	23	1
0.25	2	23	1
0.45	2	23	1
0.681818181818182	2	23	1
0.833333333333333	2	23	1
0.423076923076923	2	23	1
0.55	2	23	1
0.6875	2	23	1
0.433333333333333	2	23	1
0.538461538461538	2	23	1
0.5	2	23	1
0.388888888888889	2	23	1
0.611111111111111	2	23	1
0.45	2	23	1
0.206896551724138	2	23	1
0.482758620689655	2	23	1
0.291666666666667	2	23	1
0.521739130434783	2	23	1
0.433333333333333	2	23	1
0.318181818181818	2	23	1
0.466666666666667	2	23	1
0.388888888888889	2	23	1
0.35	2	23	1
0.545454545454545	2	23	1
0.777777777777778	2	23	1
0.466666666666667	2	23	1
0.526315789473684	2	23	1
0.4375	2	23	1
0.692307692307692	2	23	1
0.5	2	23	1
0.518518518518518	2	23	1
0.5	2	23	1
0.48	2	23	1
0.423076923076923	2	23	1
0.3	2	23	1
0.333333333333333	2	23	1
0.352941176470588	2	23	1
0.5	2	23	1
0.722222222222222	2	23	1
0.333333333333333	2	23	1
0.5	2	23	1
0.285714285714286	2	23	1
0.583333333333333	2	23	1
0.655172413793103	2	23	1
0.4375	2	23	1
0.285714285714286	2	23	1
0.684210526315789	2	23	1
0.48	2	23	1
0.333333333333333	2	23	1
0.464285714285714	2	23	1
0.448275862068966	2	23	1
0.48	2	23	1
0.444444444444444	2	23	1
0.19047619047619	2	23	1
0.392857142857143	2	23	1
0.4	2	23	1
0.464285714285714	2	23	1
0.230769230769231	2	23	1
0.517241379310345	2	23	1
0.46875	2	23	1
0.409090909090909	2	23	1
0.227272727272727	2	23	1
0.533333333333333	2	23	1
0.461538461538462	2	23	1
0.5	2	23	1
0.523809523809524	2	23	1
0.44	2	23	1
0.423076923076923	2	23	1
0.368421052631579	2	23	1
0.45	2	23	1
0.354838709677419	2	23	1
0.366666666666667	2	23	1
0.538461538461538	2	23	1
0.666666666666667	2	23	1
0.56	2	23	1
0.466666666666667	2	23	1
0.769230769230769	2	23	1
0.19047619047619	2	23	1
0.541666666666667	2	23	1
0.368421052631579	2	23	1
0.318181818181818	2	23	1
0.346153846153846	2	23	1
0.25	2	23	1
0.384615384615385	2	23	1
0.5	2	23	1
0.304347826086957	2	23	1
0.333333333333333	2	23	1
0.5	2	23	1
0.541666666666667	2	23	1
0.555555555555556	2	23	1
0.384615384615385	2	23	1
0.454545454545455	2	23	1
0.421052631578947	2	23	1
0.533333333333333	2	23	1
0.642857142857143	2	23	1
0.5	2	23	1
0.451612903225806	2	23	1
0.333333333333333	2	23	1
0.454545454545455	2	23	1
0.518518518518518	2	23	1
0.529411764705882	2	23	1
0.4	2	23	1
0.387096774193548	2	23	1
0.652173913043478	2	23	1
0.375	2	23	1
0.608695652173913	2	23	1
0.653846153846154	2	23	1
0.5	2	23	1
0.5	2	23	1
0.608695652173913	2	23	1
0.4375	2	23	1
0.5	2	23	1
0.6	2	23	1
0.387096774193548	2	23	1
0.411764705882353	2	23	1
0.433333333333333	2	23	1
0.541666666666667	2	23	1
0.5	2	23	1
0.48	2	23	1
0.421052631578947	2	23	1
0.416666666666667	2	23	1
0.388888888888889	2	23	1
0.653846153846154	2	23	1
0.55	2	23	1
0.482758620689655	2	23	1
0.521739130434783	2	23	1
0.578947368421053	2	23	1
0.619047619047619	2	23	1
0.291666666666667	2	23	1
0.526315789473684	2	23	1
0.391304347826087	2	23	1
0.4	2	23	1
0.45	2	23	1
0.555555555555556	2	23	1
0.535714285714286	2	23	1
0.529411764705882	2	23	1
0.307692307692308	2	23	1
0.363636363636364	2	23	1
0.2	2	23	1
0.448275862068966	2	23	1
0.521739130434783	2	23	1
0.666666666666667	2	23	1
0.523809523809524	2	23	1
0.470588235294118	2	23	1
0.4	2	23	1
0.307692307692308	2	23	1
0.444444444444444	2	23	1
0.354838709677419	2	23	1
0.448275862068966	2	23	1
0.521739130434783	2	23	1
0.375	2	23	1
0.333333333333333	2	23	1
0.45	2	23	1
0.588235294117647	2	23	1
0.260869565217391	2	23	1
0.157894736842105	2	23	1
0.375	2	23	1
0.25	2	23	1
0.285714285714286	2	23	1
0.346153846153846	2	23	1
0.423076923076923	2	23	1
0.423076923076923	2	23	1
0.545454545454545	2	23	1
0.413793103448276	2	23	1
0.428571428571429	2	23	1
0.266666666666667	2	23	1
0.434782608695652	2	23	1
0.416666666666667	2	23	1
0.5	2	23	1
0.580645161290323	2	23	1
0.523809523809524	2	23	1
0.545454545454545	2	23	1
0.526315789473684	2	23	1
0.416666666666667	2	23	1
0.484848484848485	2	23	1
0.333333333333333	2	23	1
0.19047619047619	2	23	1
0.315789473684211	2	23	1
0.516129032258065	2	23	1
0.689655172413793	2	23	1
0.583333333333333	2	23	1
0.142857142857143	2	23	1
0.238095238095238	2	23	1
0.347826086956522	2	23	1
0.45	2	23	1
0.586206896551724	2	23	1
0.304347826086957	2	23	1
0.526315789473684	2	23	1
0.5	2	23	1
0.272727272727273	2	23	1
0.411764705882353	2	23	1
0.476190476190476	2	23	1
0.5	2	23	1
0.538461538461538	2	23	1
0.5	2	23	1
0.363636363636364	2	23	1
0.5	2	23	1
0.4375	2	23	1
0.428571428571429	2	23	1
0.555555555555556	2	23	1
0.45	2	23	1
0.642857142857143	2	23	1
0.222222222222222	2	23	1
0.4	2	23	1
0.411764705882353	2	23	1
0.666666666666667	2	23	1
0.571428571428571	2	23	1
0.5	2	23	1
0.714285714285714	2	23	1
0.5	2	23	1
0.368421052631579	2	23	1
0.5	2	23	1
0.48	2	23	1
0.434782608695652	2	23	1
0.608695652173913	2	23	1
0.555555555555556	2	23	1
0.318181818181818	2	23	1
0.40625	2	23	1
0.578947368421053	2	23	1
0.619047619047619	2	23	1
0.521739130434783	2	23	1
0.6	2	23	1
0.466666666666667	2	23	1
0.352941176470588	2	23	1
0.5	2	23	1
0.428571428571429	2	23	1
0.5	2	23	1
0.5625	2	23	1
0.375	2	23	1
0.5	2	23	1
0.473684210526316	2	23	1
0.545454545454545	2	23	1
0.416666666666667	2	23	1
0.210526315789474	2	23	1
0.32	2	23	1
0.411764705882353	2	23	1
0.411764705882353	2	23	1
0.464285714285714	2	23	1
0.551724137931034	2	23	1
0.56	2	23	1
0.303030303030303	2	23	1
0.342105263157895	2	23	1
0.421052631578947	2	23	1
0.5	2	23	1
0.32	2	23	1
0.5	2	23	1
0.266666666666667	2	23	1
0.272727272727273	2	23	1
0.24	2	23	1
0.64	2	23	1
0.347826086956522	2	23	1
0.34375	2	23	1
0.470588235294118	2	23	1
0.411764705882353	2	23	1
0.4375	2	23	1
0.4375	2	23	1
0.434782608695652	2	23	1
0.363636363636364	2	23	1
0.555555555555556	2	23	1
0.352941176470588	2	23	1
0.285714285714286	2	23	1
0.727272727272727	2	23	1
0.555555555555556	2	23	1
0.421052631578947	2	23	1
0.5	2	23	1
0.214285714285714	3	34	1
0.344827586206897	3	34	1
0.366666666666667	3	34	1
0.6	3	34	1
0.206896551724138	3	34	1
0.685714285714286	3	34	1
0.6	3	34	1
0.837209302325581	3	34	1
0.303030303030303	3	34	1
0.285714285714286	3	34	1
0.8	3	34	1
0.4	3	34	1
0.384615384615385	3	34	1
0.386363636363636	3	34	1
0.285714285714286	3	34	1
0.205128205128205	3	34	1
0.341463414634146	3	34	1
0.686274509803922	3	34	1
0.707317073170732	3	34	1
0.2	3	34	1
0.2	3	34	1
0.789473684210526	3	34	1
0.48	3	34	1
0.258064516129032	3	34	1
0.566666666666667	3	34	1
0.375	3	34	1
0.3125	3	34	1
0.28125	3	34	1
0.5625	3	34	1
0.678571428571429	3	34	1
0.481481481481481	3	34	1
0.695652173913043	3	34	1
0.642857142857143	3	34	1
0.130434782608696	3	34	1
0.5	3	34	1
0.214285714285714	3	34	1
0.171428571428571	3	34	1
0.321428571428571	3	34	1
0.6	3	34	1
0.833333333333333	3	34	1
0.204545454545455	3	34	1
0.391304347826087	3	34	1
0.1875	3	34	1
0.823529411764706	3	34	1
0.678571428571429	3	34	1
0.315789473684211	3	34	1
0.45	3	34	1
0.315789473684211	3	34	1
0.264705882352941	3	34	1
0.346153846153846	3	34	1
0.451612903225806	3	34	1
0.257142857142857	3	34	1
0.645161290322581	3	34	1
0.257142857142857	3	34	1
0.333333333333333	3	34	1
0.277777777777778	3	34	1
0.44	3	34	1
0.260869565217391	3	34	1
0.333333333333333	3	34	1
0.228571428571429	3	34	1
0.28	3	34	1
0.444444444444444	3	34	1
0.214285714285714	3	34	1
0.35	3	34	1
0.5	3	34	1
0.447368421052632	3	34	1
0.272727272727273	3	34	1
0.324324324324324	3	34	1
0.272727272727273	3	34	1
0.404761904761905	3	34	1
0.303030303030303	3	34	1
0.291666666666667	3	34	1
0.37037037037037	3	34	1
0.289473684210526	3	34	1
0.15	3	34	1
0.631578947368421	3	34	1
0.35	3	34	1
0.685714285714286	3	34	1
0.416666666666667	3	34	1
0.454545454545455	3	34	1
0.170731707317073	3	34	1
0.321428571428571	3	34	1
0.210526315789474	3	34	1
0.451612903225806	3	34	1
0.448275862068966	3	34	1
0.212121212121212	3	34	1
0.216216216216216	3	34	1
0.5	3	34	1
0.289473684210526	3	34	1
0.69047619047619	3	34	1
0.297297297297297	3	34	1
0.611111111111111	3	34	1
0.1875	3	34	1
0.477272727272727	3	34	1
0.131578947368421	3	34	1
0.379310344827586	3	34	1
0.307692307692308	3	34	1
0.448275862068966	3	34	1
0.219512195121951	3	34	1
0.32	3	34	1
0.261904761904762	3	34	1
0.285714285714286	3	34	1
0.25	3	34	1
0.304347826086957	3	34	1
0.340909090909091	3	34	1
0.7	3	34	1
0.277777777777778	3	34	1
0.227272727272727	3	34	1
0.527777777777778	3	34	1
0.27906976744186	3	34	1
0.326086956521739	3	34	1
0.261904761904762	3	34	1
0.717948717948718	3	34	1
0.390243902439024	3	34	1
0.244897959183673	3	34	1
0.290322580645161	3	34	1
0.473684210526316	3	34	1
0.277777777777778	3	34	1
0.378378378378378	3	34	1
0.605263157894737	3	34	1
0.37037037037037	3	34	1
0.32258064516129	3	34	1
0.414634146341463	3	34	1
0.216216216216216	3	34	1
0.434782608695652	3	34	1
0.357142857142857	3	34	1
0.4	3	34	1
0.186046511627907	3	34	1
0.5	3	34	1
0.352941176470588	3	34	1
0.303030303030303	3	34	1
0.157894736842105	3	34	1
0.357142857142857	3	34	1
0.545454545454545	3	34	1
0.325581395348837	3	34	1
0.266666666666667	3	34	1
0.216216216216216	3	34	1
0.4	3	34	1
0.459459459459459	3	34	1
0.416666666666667	3	34	1
0.354838709677419	3	34	1
0.21875	3	34	1
0.51219512195122	3	34	1
0.515151515151515	3	34	1
0.225806451612903	3	34	1
0.264705882352941	3	34	1
0.333333333333333	3	34	1
0.323529411764706	3	34	1
0.428571428571429	3	34	1
0.24390243902439	3	34	1
0.225806451612903	3	34	1
0.311111111111111	3	34	1
0.333333333333333	3	34	1
0.378378378378378	3	34	1
0.342857142857143	3	34	1
0.448275862068966	3	34	1
0.604651162790698	3	34	1
0.276595744680851	3	34	1
0.307692307692308	3	34	1
0.233333333333333	3	34	1
0.272727272727273	3	34	1
0.204545454545455	3	34	1
0.30952380952381	3	34	1
0.545454545454545	3	34	1
0.264705882352941	3	34	1
0.34375	3	34	1
0.44	3	34	1
0.341463414634146	3	34	1
0.363636363636364	3	34	1
0.652173913043478	3	34	1
0.5	3	34	1
0.341463414634146	3	34	1
0.193548387096774	3	34	1
0.333333333333333	3	34	1
0.318181818181818	3	34	1
0.227272727272727	3	34	1
0.409090909090909	3	34	1
0.282051282051282	3	34	1
0.225	3	34	1
0.458333333333333	3	34	1
0.166666666666667	3	34	1
0.209302325581395	3	34	1
0.194444444444444	3	34	1
0.615384615384615	3	34	1
0.428571428571429	3	34	1
0.346153846153846	3	34	1
0.388888888888889	3	34	1
0.297872340425532	3	34	1
0.28125	3	34	1
0.178571428571429	3	34	1
0.224489795918367	3	34	1
0.133333333333333	3	34	1
0.666666666666667	3	34	1
0.884615384615385	3	34	1
0.228571428571429	3	34	1
0.758620689655172	3	34	1
0.25	3	34	1
0.34375	3	34	1
0.518518518518518	3	34	1
0.272727272727273	3	34	1
0.216216216216216	3	34	1
0.179487179487179	3	34	1
0.6	3	34	1
0.1875	3	34	1
0.51219512195122	3	34	1
0.342105263157895	3	34	1
0.387096774193548	3	34	1
0.315789473684211	3	34	1
0.69047619047619	3	34	1
0.288888888888889	3	34	1
0.341463414634146	3	34	1
0.709677419354839	3	34	1
0.657894736842105	3	34	1
0.625	3	34	1
0.210526315789474	3	34	1
0.333333333333333	3	34	1
0.415094339622642	3	34	1
0.368421052631579	3	34	1
0.419354838709677	3	34	1
0.551724137931034	3	34	1
0.307692307692308	3	34	1
0.694444444444444	3	34	1
0.4375	3	34	1
0.275	3	34	1
0.611111111111111	3	34	1
1	3	34	1
0.115384615384615	3	34	1
0.578947368421053	3	34	1
0.655172413793103	3	34	1
0.657142857142857	3	34	1
0.333333333333333	3	34	1
0.25	3	34	1
0.743589743589744	3	34	1
0.205882352941176	3	34	1
0.325581395348837	3	34	1
0.72972972972973	3	34	1
0.268292682926829	3	34	1
0.319148936170213	3	34	1
0.266666666666667	3	34	1
0.696969696969697	3	34	1
0.705882352941177	3	34	1
0.607142857142857	3	34	1
0.620689655172414	3	34	1
0.333333333333333	3	34	1
0.4	3	34	1
0.404761904761905	3	34	1
0.325	3	34	1
0.34375	3	34	1
0.314814814814815	3	34	1
0.785714285714286	3	34	1
0.344827586206897	3	34	1
0.764705882352941	3	34	1
0.305084745762712	3	34	1
0.415094339622642	3	34	1
0.297297297297297	3	34	1
0.613636363636364	3	34	1
0.431818181818182	3	34	1
0.282051282051282	3	34	1
0.314285714285714	3	34	1
0.30952380952381	3	34	1
0.258064516129032	3	34	1
0.216216216216216	3	34	1
0.727272727272727	3	34	1
0.272727272727273	3	34	1
0.555555555555556	3	34	1
0.365853658536585	3	34	1
0.695652173913043	3	34	1
0.184210526315789	3	34	1
0.225806451612903	3	34	1
0.770833333333333	3	34	1
0.595238095238095	3	34	1
0.75	3	34	1
0.325581395348837	3	34	1
0.595744680851064	3	34	1
0.533333333333333	3	34	1
0.222222222222222	3	34	1
0.3125	3	34	1
0.384615384615385	3	34	1
0.272727272727273	3	34	1
0.25	3	34	1
0.740740740740741	3	34	1
0.219512195121951	3	34	1
0.354166666666667	3	34	1
0.240740740740741	3	34	1
0.24	3	34	1
0.4	3	34	1
0.30952380952381	3	34	1
0.305555555555556	3	34	1
0.371428571428571	3	34	1
0.555555555555556	3	34	1
0.151515151515152	3	34	1
0.333333333333333	3	34	1
0.28125	3	34	1
0.358974358974359	3	34	1
0.290322580645161	3	34	1
0.3125	3	34	1
0.28125	3	34	1
0.285714285714286	3	34	1
0.206896551724138	3	34	1
0.242424242424242	3	34	1
0.228571428571429	3	34	1
0.283018867924528	3	34	1
0.193548387096774	3	34	1
0.727272727272727	3	34	1
0.303030303030303	3	34	1
0.305555555555556	3	34	1
0.657142857142857	3	34	1
0.583333333333333	3	34	1
0.354838709677419	3	34	1
0.625	3	34	1
0.7	3	34	1
0.692307692307692	3	34	1
0.558823529411765	3	34	1
0.1875	3	34	1
0.354838709677419	3	34	1
0.390243902439024	3	34	1
0.152173913043478	3	34	1
0.363636363636364	3	34	1
0.342857142857143	3	34	1
0.25	3	34	1
0.225806451612903	3	34	1
0.239130434782609	3	34	1
0.333333333333333	3	34	1
0.25	3	34	1
0.307692307692308	3	34	1
0.307692307692308	3	34	1
0.78125	3	34	1
0.270833333333333	3	34	1
0.232558139534884	3	34	1
0.382352941176471	3	34	1
0.351351351351351	3	34	1
0.384615384615385	3	34	1
0.609756097560976	3	34	1
0.321428571428571	3	34	1
0.264705882352941	3	34	1
0.162162162162162	3	34	1
0.375	3	34	1
0.536585365853659	3	34	1
0.5	3	34	1
0.266666666666667	3	34	1
0.290322580645161	3	34	1
0.620689655172414	3	34	1
0.372093023255814	3	34	1
0.615384615384615	3	34	1
0.379310344827586	3	34	1
0.333333333333333	3	34	1
0.277777777777778	3	34	1
0.266666666666667	3	34	1
0.238095238095238	3	34	1
0.342857142857143	3	34	1
0.333333333333333	3	34	1
0.170212765957447	3	34	1
0.545454545454545	3	34	1
0.414634146341463	3	34	1
0.6	3	34	1
0.636363636363636	3	34	1
0.225806451612903	3	34	1
0.233333333333333	3	34	1
0.388888888888889	3	34	1
0.297297297297297	3	34	1
0.344827586206897	3	34	1
0.152173913043478	3	34	1
0.228571428571429	3	34	1
0.27027027027027	3	34	1
0.384615384615385	3	34	1
0.282051282051282	3	34	1
0.475	3	34	1
0.354838709677419	3	34	1
0.411764705882353	3	34	1
0.324324324324324	3	34	1
0.32	3	34	1
0.433333333333333	3	34	1
0.642857142857143	3	34	1
0.375	3	34	1
0.27027027027027	3	34	1
0.37037037037037	3	34	1
0.4	3	34	1
0.357142857142857	3	34	1
0.348837209302326	3	34	1
0.261904761904762	3	34	1
0.315789473684211	3	34	1
0.255813953488372	3	34	1
0.266666666666667	3	34	1
0.483870967741935	3	34	1
0.375	3	34	1
0.36	3	34	1
0.323529411764706	3	34	1
0.294117647058824	3	34	1
0.382352941176471	3	34	1
0.315789473684211	3	34	1
0.114285714285714	3	34	1
0.323529411764706	3	34	1
0.333333333333333	3	34	1
0.305555555555556	3	34	1
0.305555555555556	3	34	1
0.363636363636364	3	34	1
0.32258064516129	3	34	1
0.290322580645161	3	34	1
0.476190476190476	3	34	1
0.388888888888889	3	34	1
0.2	3	34	1
0.41025641025641	3	34	1
0.448275862068966	3	34	1
0.25	3	34	1
0.2	3	34	1
0.222222222222222	3	34	1
0.242424242424242	3	34	1
0.535714285714286	3	34	1
0.258064516129032	3	34	1
0.324324324324324	3	34	1
0.228571428571429	3	34	1
0.289473684210526	3	34	1
0.25	3	34	1
0.315789473684211	3	34	1
0.222222222222222	3	34	1
0.382352941176471	3	34	1
0.272727272727273	3	34	1
0.323529411764706	3	34	1
0.384615384615385	3	34	1
0.296296296296296	3	34	1
0.777777777777778	3	34	1
0.171428571428571	3	34	1
0.333333333333333	3	34	1
0.59375	3	34	1
0.48	3	34	1
0.1875	3	34	1
0.37037037037037	3	34	1
0.242424242424242	3	34	1
0.536585365853659	3	34	1
0.102040816326531	3	34	1
0.346153846153846	3	34	1
0.225806451612903	3	34	1
0.222222222222222	3	34	1
0.407407407407407	3	34	1
0.325	3	34	1
0.703703703703704	3	34	1
0.323529411764706	3	34	1
0.388888888888889	3	34	1
0.230769230769231	3	34	1
0.314285714285714	3	34	1
0.7	3	34	1
0.153846153846154	3	34	1
0.428571428571429	3	34	1
0.289473684210526	3	34	1
0.185185185185185	3	34	1
0.411764705882353	3	34	1
0.363636363636364	3	34	1
0.674418604651163	3	34	1
0.214285714285714	3	34	1
0.242424242424242	3	34	1
0.411764705882353	3	34	1
0.305555555555556	3	34	1
0.305555555555556	3	34	1
0.323529411764706	3	34	1
0.333333333333333	3	34	1
0.365853658536585	3	34	1
0.259259259259259	3	34	1
0.269230769230769	3	34	1
0.210526315789474	3	34	1
0.387096774193548	3	34	1
0.25	3	34	1
0.387096774193548	3	34	1
0.333333333333333	3	34	1
0.342105263157895	3	34	1
0.275862068965517	3	34	1
0.136363636363636	3	34	1
0.239130434782609	3	34	1
0.517241379310345	3	34	1
0.272727272727273	3	34	1
0.315789473684211	3	34	1
0.235294117647059	3	34	1
0.181818181818182	3	34	1
0.176470588235294	3	34	1
0.205882352941176	3	34	1
0.392857142857143	3	34	1
0.269230769230769	3	34	1
0.348837209302326	3	34	1
0.297297297297297	3	34	1
0.297297297297297	3	34	1
0.260869565217391	3	34	1
0.409090909090909	3	34	1
0.214285714285714	3	34	1
0.294117647058824	3	34	1
0.275	3	34	1
0.613636363636364	3	34	1
0.222222222222222	3	34	1
0.394736842105263	3	34	1
0.342105263157895	3	34	1
0.283018867924528	3	34	1
0.25531914893617	3	34	1
0.340425531914894	3	34	1
0.333333333333333	3	34	1
0.272727272727273	3	34	1
0.173913043478261	3	34	1
0.368421052631579	3	34	1
0.314285714285714	3	34	1
0.692307692307692	3	34	1
0.25	3	34	1
0.315789473684211	3	34	1
0.310344827586207	3	34	1
0.116279069767442	3	34	1
0.260869565217391	3	34	1
0.289473684210526	3	34	1
0.259259259259259	3	34	1
0.317073170731707	3	34	1
0.418181818181818	3	34	1
0.347826086956522	3	34	1
0.147058823529412	3	34	1
0.260869565217391	3	34	1
0.444444444444444	3	34	1
0.433962264150943	3	34	1
0.333333333333333	3	34	1
0.152173913043478	3	34	1
0.186046511627907	3	34	1
0.379310344827586	3	34	1
0.361111111111111	3	34	1
0.555555555555556	3	34	1
0.230769230769231	3	34	1
0.264705882352941	3	34	1
0.285714285714286	3	34	1
0.444444444444444	3	34	1
0.44	3	34	1
0.275	3	34	1
0.189189189189189	3	34	1
0.25	3	34	1
0.25	3	34	1
0.323529411764706	3	34	1
0.282608695652174	3	34	1
0.52	3	34	1
0.333333333333333	3	34	1
0.705882352941177	3	34	1
0.318181818181818	3	34	1
0.392857142857143	3	34	1
0.483870967741935	3	34	1
0.19047619047619	3	34	1
0.333333333333333	3	34	1
0.5	3	34	1
0.363636363636364	3	34	1
0.261904761904762	3	34	1
0.34375	3	34	1
0.380952380952381	3	34	1
0.666666666666667	3	34	1
0.35	3	34	1
0.258064516129032	3	34	1
0.421052631578947	3	34	1
0.315789473684211	3	34	1
0.3	3	34	1
0.294117647058824	3	34	1
0.36	3	34	1
0.2	3	34	1
0.172413793103448	3	34	1
0.384615384615385	3	34	1
0.268292682926829	3	34	1
0.34375	3	34	1
0.333333333333333	3	34	1
0.27027027027027	3	34	1
0.44	3	34	1
0.258064516129032	3	34	1
0.3	3	34	1
0.232558139534884	3	34	1
0.333333333333333	3	34	1
0.333333333333333	3	34	1
0.368421052631579	3	34	1
0.2	3	34	1
0.710526315789474	3	34	1
0.27027027027027	3	34	1
0.517241379310345	3	34	1
0.282051282051282	3	34	1
0.238095238095238	3	34	1
0.225806451612903	3	34	1
0.333333333333333	3	34	1
0.363636363636364	3	34	1
0.384615384615385	3	34	1
0.366666666666667	3	34	1
0.481481481481481	3	34	1
0.261904761904762	3	34	1
0.173913043478261	3	34	1
0.421052631578947	3	34	1
0.269230769230769	3	34	1
0.268292682926829	3	34	1
0.266666666666667	3	34	1
0.272727272727273	3	34	1
0.238095238095238	3	34	1
0.26530612244898	3	34	1
0.289473684210526	3	34	1
0.256410256410256	3	34	1
0.4	3	34	1
0.290322580645161	3	34	1
0.369565217391304	3	34	1
0.257142857142857	3	34	1
0.285714285714286	3	34	1
0.758620689655172	3	34	1
0.295454545454545	3	34	1
0.212121212121212	3	34	1
0.255813953488372	3	34	1
0.151515151515152	3	34	1
0.378378378378378	3	34	1
0.285714285714286	3	34	1
0.214285714285714	3	34	1
0.102040816326531	3	34	1
0.461538461538462	3	34	1
0.275	3	34	1
0.75	3	34	1
0.315789473684211	3	34	1
0.763157894736842	3	34	1
0.395348837209302	3	34	1
0.45	3	34	1
0.305555555555556	3	34	1
0.311111111111111	3	34	1
0.324324324324324	3	34	1
0.264705882352941	3	34	1
0.740740740740741	3	34	1
0.459459459459459	3	34	1
0.204545454545455	3	34	1
0.333333333333333	3	34	1
0.317073170731707	3	34	1
0.314285714285714	3	34	1
0.282051282051282	3	34	1
0.384615384615385	3	34	1
0.869565217391304	3	34	1
0.363636363636364	3	34	1
0.285714285714286	3	34	1
0.363636363636364	3	34	1
0.377777777777778	3	34	1
0.413793103448276	3	34	1
0.222222222222222	3	34	1
0.257142857142857	3	34	1
0.258064516129032	3	34	1
0.366666666666667	3	34	1
0.32258064516129	3	34	1
0.294117647058824	3	34	1
0.266666666666667	3	34	1
0.32	3	34	1
0.4375	3	34	1
0.382352941176471	3	34	1
0.6	3	34	1
0.275862068965517	3	34	1
0.682926829268293	3	34	1
0.2	3	34	1
0.307692307692308	3	34	1
0.239130434782609	3	34	1
0.2	3	34	1
0.365384615384615	3	34	1
0.244444444444444	3	34	1
0.207547169811321	3	34	1
0.379310344827586	3	34	1
0.277777777777778	3	34	1
0.142857142857143	3	34	1
0.5	3	34	1
0.225	3	34	1
0.5	3	34	1
0.285714285714286	3	34	1
0.305555555555556	3	34	1
0.444444444444444	3	34	1
0.375	3	34	1
0.3	3	34	1
0.454545454545455	3	34	1
0.260869565217391	3	34	1
0.32258064516129	3	34	1
0.302325581395349	3	34	1
0.35	3	34	1
0.323529411764706	3	34	1
0.425	3	34	1
0.5	3	34	1
0.266666666666667	3	34	1
0.432432432432432	3	34	1
0.416666666666667	3	34	1
0.6875	3	34	1
0.235294117647059	3	34	1
0.461538461538462	3	34	1
0.161290322580645	3	34	1
0.32	3	34	1
0.409090909090909	3	34	1
0.333333333333333	3	34	1
0.296296296296296	3	34	1
0.2	3	34	1
0.777777777777778	3	34	1
0.189189189189189	3	34	1
0.27027027027027	3	34	1
0.333333333333333	3	34	1
0.435897435897436	3	34	1
0.666666666666667	3	34	1
0.574468085106383	3	34	1
0.229166666666667	3	34	1
0.4	3	34	1
0.24390243902439	3	34	1
0.416666666666667	3	34	1
0.695652173913043	3	34	1
0.413793103448276	3	34	1
0.342857142857143	3	34	1
0.659574468085106	3	34	1
0.318181818181818	3	34	1
0.28	3	34	1
0.65625	3	34	1
0.407407407407407	3	34	1
0.692307692307692	3	34	1
0.5	3	34	1
0.568181818181818	3	34	1
0.230769230769231	3	34	1
0.379310344827586	3	34	1
0.344827586206897	3	34	1
0.104166666666667	3	34	1
0.657894736842105	3	34	1
0.393939393939394	3	34	1
0.264705882352941	3	34	1
0.807692307692308	3	34	1
0.25	3	34	1
0.195121951219512	3	34	1
0.261904761904762	3	34	1
0.702702702702703	3	34	1
