VAF	CN	avg.depth	purity
0.333333333333333	2	23	0.9
0.941176470588235	2	23	0.9
0.730769230769231	2	23	0.9
0.928571428571429	2	23	0.9
0.290322580645161	2	23	0.9
0.2	2	23	0.9
0.933333333333333	2	23	0.9
0.185185185185185	2	23	0.9
0.294117647058824	2	23	0.9
0.263157894736842	2	23	0.9
1	2	23	0.9
0.347826086956522	2	23	0.9
0.315789473684211	2	23	0.9
0.392857142857143	2	23	0.9
0.944444444444444	2	23	0.9
0.84375	2	23	0.9
0.363636363636364	2	23	0.9
0.516129032258065	2	23	0.9
0.1875	2	23	0.9
0.285714285714286	2	23	0.9
0.833333333333333	2	23	0.9
0.216216216216216	3	30	0.9
0.514285714285714	3	30	0.9
0.46875	3	30	0.9
0.263157894736842	3	30	0.9
0.333333333333333	3	30	0.9
0.30952380952381	3	30	0.9
0.25	3	30	0.9
0.291666666666667	3	30	0.9
0.290322580645161	3	30	0.9
0.392857142857143	3	30	0.9
0.217391304347826	3	30	0.9
0.32	3	30	0.9
0.372093023255814	3	30	0.9
0.5	3	30	0.9
0.476190476190476	3	30	0.9
0.323529411764706	3	30	0.9
0.32	3	30	0.9
0.2	3	30	0.9
0.315789473684211	3	30	0.9
0.465116279069767	3	30	0.9
0.27027027027027	3	30	0.9
0.583333333333333	3	30	0.9
0.434782608695652	3	30	0.9
0.538461538461538	3	30	0.9
0.3125	3	30	0.9
0.551724137931034	3	30	0.9
0.27906976744186	3	30	0.9
0.131578947368421	3	30	0.9
0.909090909090909	3	30	0.9
0.241379310344828	3	30	0.9
0.181818181818182	3	30	0.9
0.307692307692308	3	30	0.9
0.315789473684211	3	30	0.9
0.444444444444444	3	30	0.9
0.5	3	30	0.9
0.545454545454545	3	30	0.9
0.172413793103448	3	30	0.9
0.608695652173913	3	30	0.9
0.631578947368421	3	30	0.9
0.25	3	30	0.9
0.210526315789474	3	30	0.9
0.25531914893617	3	30	0.9
0.545454545454545	3	30	0.9
0.317073170731707	3	30	0.9
0.344827586206897	3	30	0.9
0.32	3	30	0.9
0.666666666666667	3	30	0.9
0.5	3	30	0.9
0.444444444444444	3	30	0.9
0.461538461538462	3	30	0.9
0.416666666666667	3	30	0.9
0.636363636363636	3	30	0.9
0.541666666666667	3	30	0.9
0.181818181818182	3	30	0.9
0.238095238095238	3	30	0.9
0.135135135135135	3	30	0.9
0.269230769230769	3	30	0.9
0.34375	3	30	0.9
0.545454545454545	3	30	0.9
0.666666666666667	3	30	0.9
0.428571428571429	3	30	0.9
0.212121212121212	3	30	0.9
0.269230769230769	3	30	0.9
0.15625	3	30	0.9
0.46875	3	30	0.9
0.4	3	30	0.9
0.307692307692308	3	30	0.9
0.541666666666667	3	30	0.9
0.475	3	30	0.9
0.160714285714286	3	30	0.9
0.380952380952381	3	30	0.9
0.551724137931034	3	30	0.9
0.296296296296296	3	30	0.9
0.409090909090909	3	30	0.9
0.333333333333333	3	30	0.9
0.296296296296296	3	30	0.9
0.583333333333333	3	30	0.9
0.19047619047619	3	30	0.9
0.25	3	30	0.9
0.6	3	30	0.9
0.317073170731707	3	30	0.9
0.315789473684211	3	30	0.9
0.6	3	30	0.9
0.138888888888889	3	30	0.9
0.2	3	30	0.9
0.205882352941176	3	30	0.9
0.318181818181818	3	30	0.9
0.291666666666667	3	30	0.9
0.366666666666667	3	30	0.9
0.333333333333333	3	30	0.9
0.347826086956522	3	30	0.9
0.333333333333333	3	30	0.9
0.166666666666667	3	30	0.9
0.4	3	30	0.9
0.25	3	30	0.9
0.333333333333333	3	30	0.9
0.645161290322581	3	30	0.9
0.386363636363636	3	30	0.9
0.40625	3	30	0.9
0.538461538461538	3	30	0.9
0.4	3	30	0.9
0.538461538461538	3	30	0.9
0.125	3	30	0.9
0.421052631578947	3	30	0.9
0.733333333333333	3	30	0.9
0.2	3	30	0.9
0.607142857142857	3	30	0.9
0.275	3	30	0.9
0.56	3	30	0.9
0.209302325581395	3	30	0.9
0.25	3	30	0.9
0.291666666666667	3	30	0.9
0.0925925925925926	3	30	0.9
0.254901960784314	3	30	0.9
0.133333333333333	3	30	0.9
0.16	3	30	0.9
0.428571428571429	3	30	0.9
0.258064516129032	3	30	0.9
0.344827586206897	3	30	0.9
0.387096774193548	3	30	0.9
0.428571428571429	3	30	0.9
0.172413793103448	3	30	0.9
0.289473684210526	3	30	0.9
0.612903225806452	3	30	0.9
0.142857142857143	3	30	0.9
0.242424242424242	3	30	0.9
0.447368421052632	3	30	0.9
0.2	3	30	0.9
0.346153846153846	3	30	0.9
0.26530612244898	3	30	0.9
0.444444444444444	3	30	0.9
0.323529411764706	3	30	0.9
0.434782608695652	3	30	0.9
0.242857142857143	3	30	0.9
0.153846153846154	3	30	0.9
0.521739130434783	3	30	0.9
0.35	3	30	0.9
0.290322580645161	3	30	0.9
0.225806451612903	3	30	0.9
0.119047619047619	3	30	0.9
0.179487179487179	3	30	0.9
0.241379310344828	3	30	0.9
0.1875	3	30	0.9
0.25	3	30	0.9
0.1875	3	30	0.9
0.244444444444444	3	30	0.9
0.204081632653061	3	30	0.9
0.583333333333333	3	30	0.9
0.428571428571429	3	30	0.9
0.171428571428571	3	30	0.9
0.257142857142857	3	30	0.9
0.5	3	30	0.9
0.315789473684211	3	30	0.9
0.464285714285714	3	30	0.9
0.409836065573771	3	30	0.9
0.384615384615385	3	30	0.9
0.125	3	30	0.9
0.2	3	30	0.9
0.552631578947368	3	30	0.9
0.155555555555556	3	30	0.9
0.12	3	30	0.9
0.52	3	30	0.9
0.604651162790698	3	30	0.9
0.457142857142857	3	30	0.9
0.205128205128205	3	30	0.9
0.1875	3	30	0.9
0.612244897959184	3	30	0.9
0.172413793103448	3	30	0.9
0.409090909090909	3	30	0.9
0.181818181818182	3	30	0.9
0.368421052631579	3	30	0.9
0.155555555555556	3	30	0.9
0.214285714285714	3	30	0.9
0.342857142857143	3	30	0.9
0.3125	3	30	0.9
0.21875	3	30	0.9
0.318181818181818	3	30	0.9
0.28	3	30	0.9
0.318181818181818	3	30	0.9
0.260869565217391	3	30	0.9
0.219512195121951	3	30	0.9
0.464285714285714	3	30	0.9
0.272727272727273	3	30	0.9
0.2	3	30	0.9
0.41025641025641	3	30	0.9
0.324324324324324	3	30	0.9
0.209302325581395	3	30	0.9
0.230769230769231	3	30	0.9
0.341463414634146	3	30	0.9
0.16	3	30	0.9
0.269230769230769	3	30	0.9
0.28	3	30	0.9
0.675675675675676	3	30	0.9
0.285714285714286	3	30	0.9
0.648648648648649	3	30	0.9
0.409090909090909	3	30	0.9
0.36	3	30	0.9
0.552631578947368	3	30	0.9
0.133333333333333	3	30	0.9
0.526315789473684	3	30	0.9
0.2	3	30	0.9
0.333333333333333	3	30	0.9
0.310344827586207	3	30	0.9
0.32258064516129	3	30	0.9
0.32258064516129	3	30	0.9
0.636363636363636	3	30	0.9
0.461538461538462	3	30	0.9
0.181818181818182	3	30	0.9
0.525	3	30	0.9
0.444444444444444	3	30	0.9
0.222222222222222	3	30	0.9
0.138888888888889	3	30	0.9
0.464285714285714	3	30	0.9
0.461538461538462	3	30	0.9
0.344827586206897	3	30	0.9
0.592592592592593	3	30	0.9
0.619047619047619	3	30	0.9
0.242424242424242	3	30	0.9
0.32	3	30	0.9
0.395348837209302	3	30	0.9
0.5	3	30	0.9
0.27906976744186	3	30	0.9
0.269230769230769	3	30	0.9
0.233333333333333	3	30	0.9
0.538461538461538	3	30	0.9
0.210526315789474	3	30	0.9
0.458333333333333	3	30	0.9
0.3125	3	30	0.9
0.357142857142857	3	30	0.9
0.333333333333333	3	30	0.9
0.225806451612903	3	30	0.9
0.3125	3	30	0.9
0.173913043478261	3	30	0.9
0.333333333333333	3	30	0.9
0.642857142857143	3	30	0.9
0.264705882352941	3	30	0.9
0.269230769230769	3	30	0.9
0.363636363636364	3	30	0.9
0.285714285714286	3	30	0.9
0.25	3	30	0.9
0.230769230769231	3	30	0.9
0.193548387096774	3	30	0.9
0.538461538461538	3	30	0.9
0.37037037037037	3	30	0.9
0.555555555555556	3	30	0.9
0.2	3	30	0.9
0.454545454545455	3	30	0.9
0.3	3	30	0.9
0.238095238095238	3	30	0.9
0.24	3	30	0.9
0.25	3	30	0.9
0.764705882352941	3	30	0.9
0.384615384615385	3	30	0.9
0.235294117647059	3	30	0.9
0.260869565217391	3	30	0.9
0.210526315789474	3	30	0.9
0.6	3	30	0.9
0.21875	3	30	0.9
0.684210526315789	3	30	0.9
0.434782608695652	3	30	0.9
0.230769230769231	3	30	0.9
0.25	3	30	0.9
0.275862068965517	3	30	0.9
0.744186046511628	3	30	0.9
0.285714285714286	3	30	0.9
0.173913043478261	3	30	0.9
0.588235294117647	3	30	0.9
0.25	3	30	0.9
0.375	3	30	0.9
0.425	3	30	0.9
0.380952380952381	3	30	0.9
0.204545454545455	3	30	0.9
0.25	3	30	0.9
0.277777777777778	3	30	0.9
0.306122448979592	3	30	0.9
0.260869565217391	3	30	0.9
0.210526315789474	3	30	0.9
0.288461538461538	3	30	0.9
0.625	3	30	0.9
0.212121212121212	3	30	0.9
0.173913043478261	3	30	0.9
0.5	3	30	0.9
0.181818181818182	3	30	0.9
0.2	3	30	0.9
0.2	3	30	0.9
0.32258064516129	3	30	0.9
0.256410256410256	3	30	0.9
0.4	3	30	0.9
0.225806451612903	3	30	0.9
0.166666666666667	3	30	0.9
0.106382978723404	3	30	0.9
0.395348837209302	3	30	0.9
0.259259259259259	3	30	0.9
0.116279069767442	3	30	0.9
0.239130434782609	3	30	0.9
0.560975609756098	3	30	0.9
0.178571428571429	3	30	0.9
0.172413793103448	3	30	0.9
0.146341463414634	3	30	0.9
0.214285714285714	3	30	0.9
0.181818181818182	3	30	0.9
0.256410256410256	3	30	0.9
0.5625	3	30	0.9
0.222222222222222	3	30	0.9
0.177777777777778	3	30	0.9
0.162790697674419	3	30	0.9
0.547619047619048	3	30	0.9
0.4	3	30	0.9
0.277777777777778	3	30	0.9
0.204081632653061	3	30	0.9
0.133333333333333	3	30	0.9
0.28125	3	30	0.9
0.25	3	30	0.9
0.225806451612903	3	30	0.9
0.472222222222222	3	30	0.9
0.387096774193548	3	30	0.9
0.2	3	30	0.9
0.552631578947368	3	30	0.9
0.259259259259259	3	30	0.9
0.571428571428571	3	30	0.9
0.4	3	30	0.9
0.261904761904762	3	30	0.9
0.388888888888889	3	30	0.9
0.692307692307692	3	30	0.9
0.166666666666667	3	30	0.9
0.315789473684211	3	30	0.9
0.541666666666667	3	30	0.9
0.782608695652174	3	30	0.9
0.666666666666667	3	30	0.9
0.25	3	30	0.9
0.318181818181818	3	30	0.9
0.272727272727273	3	30	0.9
0.368421052631579	3	30	0.9
0.464285714285714	3	30	0.9
0.272727272727273	4	35	0.9
0.333333333333333	4	35	0.9
0.483870967741935	4	35	0.9
0.230769230769231	4	35	0.9
0.545454545454545	4	35	0.9
0.426229508196721	4	35	0.9
0.476190476190476	4	35	0.9
0.326530612244898	4	35	0.9
0.5	4	35	0.9
0.229166666666667	4	35	0.9
0.123076923076923	4	35	0.9
0.181818181818182	4	35	0.9
0.17741935483871	4	35	0.9
0.155172413793103	4	35	0.9
0.909090909090909	4	35	0.9
0.136363636363636	4	35	0.9
0.357142857142857	4	35	0.9
0.127659574468085	4	35	0.9
0.207547169811321	4	35	0.9
0.36	4	35	0.9
0.405405405405405	4	35	0.9
0.48936170212766	4	35	0.9
0.275862068965517	4	35	0.9
0.363636363636364	4	35	0.9
0.28	4	35	0.9
0.357142857142857	4	35	0.9
0.15	4	35	0.9
0.173913043478261	4	35	0.9
0.146341463414634	4	35	0.9
0.25	4	35	0.9
0.449275362318841	4	35	0.9
0.5	4	35	0.9
0.216216216216216	4	35	0.9
0.526315789473684	4	35	0.9
0.513513513513513	4	35	0.9
0.2	4	35	0.9
0.372093023255814	4	35	0.9
0.0909090909090909	4	35	0.9
0.257142857142857	4	35	0.9
0.5	4	35	0.9
0.2	4	35	0.9
0.136363636363636	4	35	0.9
0.125	4	35	0.9
0.206896551724138	4	35	0.9
0.3	4	35	0.9
0.138461538461538	4	35	0.9
1	4	35	0.9
0.305555555555556	4	35	0.9
0.333333333333333	4	35	0.9
0.291666666666667	4	35	0.9
0.135135135135135	4	35	0.9
0.48780487804878	4	35	0.9
0.179487179487179	4	35	0.9
0.166666666666667	4	35	0.9
0.409090909090909	4	35	0.9
0.37037037037037	4	35	0.9
0.137254901960784	4	35	0.9
0.4	4	35	0.9
0.2	4	35	0.9
0.0909090909090909	4	35	0.9
0.275862068965517	4	35	0.9
0.37037037037037	4	35	0.9
0.473684210526316	4	35	0.9
0.224489795918367	4	35	0.9
0.3	4	35	0.9
0.409090909090909	4	35	0.9
0.939393939393939	4	35	0.9
0.186046511627907	4	35	0.9
0.269230769230769	4	35	0.9
0.236363636363636	4	35	0.9
0.162162162162162	4	35	0.9
0.892857142857143	4	35	0.9
0.911764705882353	4	35	0.9
0.514285714285714	4	35	0.9
0.162790697674419	4	35	0.9
0.666666666666667	4	35	0.9
0.3	4	35	0.9
0.375	4	35	0.9
0.32258064516129	4	35	0.9
0.15	4	35	0.9
0.1	4	35	0.9
0.18	4	35	0.9
0.44	4	35	0.9
0.133333333333333	4	35	0.9
0.736842105263158	4	35	0.9
0.551724137931034	4	35	0.9
0.384615384615385	4	35	0.9
0.333333333333333	4	35	0.9
0.483870967741935	4	35	0.9
0.944444444444444	4	35	0.9
0.48	4	35	0.9
0.6	4	35	0.9
0.435897435897436	4	35	0.9
0.461538461538462	4	35	0.9
0.324324324324324	4	35	0.9
0.13953488372093	4	35	0.9
0.219512195121951	4	35	0.9
0.428571428571429	4	35	0.9
0.5	4	35	0.9
0.290322580645161	4	35	0.9
0.227272727272727	4	35	0.9
0.333333333333333	4	35	0.9
0.181818181818182	4	35	0.9
0.206896551724138	4	35	0.9
0.228571428571429	4	35	0.9
0.2	4	35	0.9
0.619047619047619	4	35	0.9
0.305555555555556	4	35	0.9
0.32258064516129	4	35	0.9
0.304347826086957	4	35	0.9
0.35	4	35	0.9
0.441860465116279	4	35	0.9
0.25	4	35	0.9
0.1875	4	35	0.9
0.1875	4	35	0.9
0.933333333333333	4	35	0.9
0.152542372881356	4	35	0.9
0.25	4	35	0.9
0.2	4	35	0.9
0.13953488372093	4	35	0.9
0.158730158730159	4	35	0.9
0.191489361702128	4	35	0.9
0.238095238095238	4	35	0.9
0.25531914893617	4	35	0.9
0.275862068965517	4	35	0.9
0.116279069767442	4	35	0.9
0.588235294117647	4	35	0.9
0.528301886792453	4	35	0.9
0.571428571428571	4	35	0.9
0.0819672131147541	4	35	0.9
0.4	4	35	0.9
0.857142857142857	4	35	0.9
0.525	4	35	0.9
0.448275862068966	4	35	0.9
0.122448979591837	4	35	0.9
0.425531914893617	4	35	0.9
0.583333333333333	4	35	0.9
0.176470588235294	4	35	0.9
0.421052631578947	4	35	0.9
0.5	4	35	0.9
0.533333333333333	4	35	0.9
0.405405405405405	4	35	0.9
0.46875	4	35	0.9
0.142857142857143	4	35	0.9
0.125	4	35	0.9
0.41304347826087	4	35	0.9
0.195121951219512	4	35	0.9
0.15	4	35	0.9
0.0943396226415094	4	35	0.9
0.0892857142857143	4	35	0.9
0.19047619047619	4	35	0.9
0.184615384615385	4	35	0.9
0.2	4	35	0.9
0.228070175438596	4	35	0.9
0.245614035087719	4	35	0.9
0.260869565217391	4	35	0.9
0.208333333333333	4	35	0.9
0.208333333333333	4	35	0.9
0.217391304347826	4	35	0.9
0.3125	4	35	0.9
0.210526315789474	4	35	0.9
0.241379310344828	4	35	0.9
0.28	4	35	0.9
0.222222222222222	4	35	0.9
0.155555555555556	4	35	0.9
0.275862068965517	4	35	0.9
0.428571428571429	4	35	0.9
0.185185185185185	4	35	0.9
0.157894736842105	4	35	0.9
0.271186440677966	4	35	0.9
0.291666666666667	4	35	0.9
0.459459459459459	4	35	0.9
0.205882352941176	4	35	0.9
0.52	4	35	0.9
0.260869565217391	4	35	0.9
0.233333333333333	4	35	0.9
0.272727272727273	4	35	0.9
0.219512195121951	4	35	0.9
0.282051282051282	4	35	0.9
0.327272727272727	4	35	0.9
0.212121212121212	4	35	0.9
0.393939393939394	4	35	0.9
0.5	4	35	0.9
0.533333333333333	4	35	0.9
0.177777777777778	4	35	0.9
0.428571428571429	4	35	0.9
0.11864406779661	4	35	0.9
0.487179487179487	4	35	0.9
0.15	4	35	0.9
0.222222222222222	4	35	0.9
0.268292682926829	4	35	0.9
0.15	4	35	0.9
0.169811320754717	4	35	0.9
0.15	4	35	0.9
0.354838709677419	4	35	0.9
0.125	4	35	0.9
0.254237288135593	4	35	0.9
0.212765957446809	4	35	0.9
0.188679245283019	4	35	0.9
0.162162162162162	4	35	0.9
0.181818181818182	4	35	0.9
0.444444444444444	4	35	0.9
0.171428571428571	4	35	0.9
0.219512195121951	4	35	0.9
0.230769230769231	4	35	0.9
0.172413793103448	4	35	0.9
0.615384615384615	4	35	0.9
0.4375	4	35	0.9
0.351351351351351	4	35	0.9
0.161290322580645	4	35	0.9
0.514285714285714	4	35	0.9
0.63265306122449	4	35	0.9
0.0819672131147541	4	35	0.9
0.173913043478261	4	35	0.9
0.555555555555556	4	35	0.9
0.352941176470588	4	35	0.9
0.263157894736842	4	35	0.9
0.243243243243243	4	35	0.9
0.15	4	35	0.9
0.290322580645161	4	35	0.9
0.166666666666667	4	35	0.9
0.285714285714286	4	35	0.9
0.115384615384615	4	35	0.9
0.181818181818182	4	35	0.9
0.260869565217391	4	35	0.9
0.151515151515152	4	35	0.9
0.275	4	35	0.9
0.447368421052632	4	35	0.9
0.108695652173913	4	35	0.9
0.418604651162791	4	35	0.9
0.636363636363636	4	35	0.9
0.64	4	35	0.9
0.162162162162162	4	35	0.9
0.413793103448276	4	35	0.9
0.7	4	35	0.9
0.576923076923077	4	35	0.9
0.533333333333333	4	35	0.9
0.5	4	35	0.9
0.2	4	35	0.9
0.48	4	35	0.9
0.411764705882353	4	35	0.9
0.482758620689655	4	35	0.9
0.469387755102041	4	35	0.9
0.373134328358209	4	35	0.9
0.210526315789474	4	35	0.9
0.3	4	35	0.9
0.444444444444444	4	35	0.9
0.25	4	35	0.9
0.526315789473684	4	35	0.9
0.4	4	35	0.9
0.222222222222222	4	35	0.9
0.608695652173913	4	35	0.9
0.40625	4	35	0.9
0.222222222222222	4	35	0.9
0.241379310344828	4	35	0.9
0.375	4	35	0.9
0.194444444444444	4	35	0.9
0.45	4	35	0.9
0.363636363636364	4	35	0.9
0.206896551724138	4	35	0.9
0.233333333333333	4	35	0.9
0.590909090909091	4	35	0.9
0.114285714285714	4	35	0.9
0.1875	4	35	0.9
0.452380952380952	4	35	0.9
0.391304347826087	4	35	0.9
0.142857142857143	4	35	0.9
0.378378378378378	4	35	0.9
0.521739130434783	4	35	0.9
0.35	4	35	0.9
0.222222222222222	4	35	0.9
0.203703703703704	4	35	0.9
0.192307692307692	4	35	0.9
0.452380952380952	4	35	0.9
0.466666666666667	4	35	0.9
0.516129032258065	4	35	0.9
0.275862068965517	4	35	0.9
0.222222222222222	4	35	0.9
0.409090909090909	4	35	0.9
0.276595744680851	4	35	0.9
0.387096774193548	4	35	0.9
0.52	4	35	0.9
0.526315789473684	4	35	0.9
0.625	4	35	0.9
0.457627118644068	4	35	0.9
0.161290322580645	4	35	0.9
0.357142857142857	4	35	0.9
0.189189189189189	4	35	0.9
0.48780487804878	4	35	0.9
0.32	4	35	0.9
0.444444444444444	4	35	0.9
0.285714285714286	4	35	0.9
0.303030303030303	4	35	0.9
0.269230769230769	4	35	0.9
0.379310344827586	4	35	0.9
0.428571428571429	4	35	0.9
0.4375	4	35	0.9
0.53125	4	35	0.9
0.395348837209302	4	35	0.9
0.285714285714286	4	35	0.9
0.459459459459459	4	35	0.9
0.384615384615385	4	35	0.9
0.153846153846154	4	35	0.9
0.40625	4	35	0.9
0.25	4	35	0.9
0.25	4	35	0.9
0.268292682926829	4	35	0.9
0.421052631578947	4	35	0.9
0.192307692307692	4	35	0.9
0.27906976744186	4	35	0.9
0.138888888888889	4	35	0.9
0.4	4	35	0.9
0.526315789473684	4	35	0.9
0.454545454545455	4	35	0.9
0.291666666666667	4	35	0.9
0.692307692307692	4	35	0.9
0.181818181818182	4	35	0.9
0.32	4	35	0.9
0.425	4	35	0.9
0.488372093023256	4	35	0.9
0.533333333333333	4	35	0.9
0.258064516129032	4	35	0.9
0.5625	4	35	0.9
0.24390243902439	4	35	0.9
0.153846153846154	4	35	0.9
0.538461538461538	4	35	0.9
0.538461538461538	4	35	0.9
0.260869565217391	4	35	0.9
0.225	4	35	0.9
0.307692307692308	4	35	0.9
0.162790697674419	4	35	0.9
0.3	4	35	0.9
0.393939393939394	4	35	0.9
0.533333333333333	4	35	0.9
0.186046511627907	4	35	0.9
0.147058823529412	4	35	0.9
0.256410256410256	4	35	0.9
0.222222222222222	4	35	0.9
0.106382978723404	4	35	0.9
0.229166666666667	4	35	0.9
0.545454545454545	4	35	0.9
0.294117647058824	4	35	0.9
0.243243243243243	4	35	0.9
0.5	4	35	0.9
0.5	4	35	0.9
0.285714285714286	4	35	0.9
0.5	4	35	0.9
0.595744680851064	4	35	0.9
0.461538461538462	4	35	0.9
0.333333333333333	4	35	0.9
0.333333333333333	4	35	0.9
0.433333333333333	4	35	0.9
0.157894736842105	4	35	0.9
0.590909090909091	4	35	0.9
0.263157894736842	4	35	0.9
0.256410256410256	4	35	0.9
0.225	4	35	0.9
0.257142857142857	4	35	0.9
0.259259259259259	4	35	0.9
0.392857142857143	4	35	0.9
0.48936170212766	4	35	0.9
0.59375	4	35	0.9
0.483870967741935	4	35	0.9
0.121951219512195	4	35	0.9
0.409090909090909	4	35	0.9
0.153846153846154	4	35	0.9
0.2	4	35	0.9
0.542857142857143	4	35	0.9
0.208333333333333	4	35	0.9
0.285714285714286	4	35	0.9
0.52	4	35	0.9
0.571428571428571	4	35	0.9
0.583333333333333	4	35	0.9
0.296296296296296	4	35	0.9
0.12	4	35	0.9
0.482758620689655	4	35	0.9
0.170731707317073	4	35	0.9
0.351351351351351	4	35	0.9
0.575757575757576	4	35	0.9
0.24390243902439	4	35	0.9
0.117647058823529	4	35	0.9
0.166666666666667	4	35	0.9
0.24	4	35	0.9
0.5	4	35	0.9
0.184210526315789	4	35	0.9
0.507246376811594	4	35	0.9
0.102941176470588	4	35	0.9
0.344827586206897	4	35	0.9
0.101694915254237	4	35	0.9
0.244897959183673	4	35	0.9
0.5	4	35	0.9
0.36734693877551	4	35	0.9
0.21875	4	35	0.9
0.542857142857143	4	35	0.9
0.40625	4	35	0.9
0.5	4	35	0.9
0.435897435897436	4	35	0.9
0.32	4	35	0.9
0.4	4	35	0.9
1	4	35	0.9
0.553191489361702	4	35	0.9
0.625	4	35	0.9
0.266666666666667	4	35	0.9
0.162162162162162	4	35	0.9
0.162790697674419	4	35	0.9
0.566666666666667	4	35	0.9
0.131578947368421	4	35	0.9
0.444444444444444	4	35	0.9
0.171428571428571	4	35	0.9
0.3125	4	35	0.9
0.189189189189189	4	35	0.9
0.727272727272727	4	35	0.9
0.5	4	35	0.9
0.419354838709677	4	35	0.9
0.166666666666667	4	35	0.9
0.407407407407407	4	35	0.9
0.466666666666667	4	35	0.9
0.290322580645161	4	35	0.9
0.318181818181818	4	35	0.9
0.354838709677419	4	35	0.9
0.25	4	35	0.9
0.25	4	35	0.9
0.451612903225806	4	35	0.9
0.214285714285714	4	35	0.9
0.181818181818182	4	35	0.9
0.19047619047619	4	35	0.9
0.35	4	35	0.9
0.181818181818182	4	35	0.9
0.375	4	35	0.9
0.259259259259259	4	35	0.9
0.191489361702128	4	35	0.9
0.232142857142857	4	35	0.9
0.533333333333333	4	35	0.9
0.241379310344828	4	35	0.9
0.176470588235294	4	35	0.9
0.481481481481481	4	35	0.9
0.5	4	35	0.9
0.448275862068966	4	35	0.9
0.457142857142857	4	35	0.9
0.379310344827586	4	35	0.9
0.2	4	35	0.9
0.387096774193548	4	35	0.9
0.294117647058824	4	35	0.9
0.170212765957447	4	35	0.9
0.465116279069767	4	35	0.9
0.208333333333333	4	35	0.9
0.272727272727273	4	35	0.9
0.157894736842105	4	35	0.9
0.371428571428571	4	35	0.9
0.478260869565217	4	35	0.9
0.44	4	35	0.9
0.230769230769231	4	35	0.9
0.354838709677419	4	35	0.9
0.225	4	35	0.9
0.514285714285714	4	35	0.9
0.466666666666667	4	35	0.9
0.536585365853659	4	35	0.9
0.648648648648649	4	35	0.9
0.368421052631579	4	35	0.9
0.275862068965517	4	35	0.9
0.306122448979592	4	35	0.9
0.205128205128205	4	35	0.9
0.2	4	35	0.9
0.428571428571429	4	35	0.9
0.390243902439024	4	35	0.9
0.472222222222222	4	35	0.9
0.382352941176471	4	35	0.9
0.210526315789474	4	35	0.9
0.571428571428571	4	35	0.9
0.173913043478261	4	35	0.9
0.236842105263158	4	35	0.9
0.205128205128205	4	35	0.9
0.294117647058824	4	35	0.9
0.666666666666667	4	35	0.9
0.352941176470588	4	35	0.9
0.666666666666667	4	35	0.9
0.454545454545455	4	35	0.9
0.227272727272727	4	35	0.9
0.333333333333333	4	35	0.9
0.227272727272727	4	35	0.9
0.125	4	35	0.9
0.228571428571429	4	35	0.9
0.13953488372093	4	35	0.9
0.303030303030303	4	35	0.9
0.435897435897436	4	35	0.9
0.487179487179487	4	35	0.9
0.242424242424242	4	35	0.9
0.147058823529412	4	35	0.9
0.177777777777778	4	35	0.9
0.25	4	35	0.9
0.59375	4	35	0.9
0.176470588235294	4	35	0.9
0.172413793103448	4	35	0.9
0.127659574468085	4	35	0.9
0.517241379310345	4	35	0.9
0.5625	4	35	0.9
0.421052631578947	4	35	0.9
0.482758620689655	4	35	0.9
0.361111111111111	4	35	0.9
0.580645161290323	4	35	0.9
0.382352941176471	4	35	0.9
0.314285714285714	4	35	0.9
0.470588235294118	4	35	0.9
0.3	4	35	0.9
0.45	4	35	0.9
0.285714285714286	4	35	0.9
0.1875	4	35	0.9
0.463414634146341	4	35	0.9
0.239130434782609	4	35	0.9
0.545454545454545	4	35	0.9
0.30188679245283	4	35	0.9
0.27027027027027	4	35	0.9
0.178571428571429	4	35	0.9
0.243243243243243	4	35	0.9
0.5	4	35	0.9
0.321428571428571	4	35	0.9
0.24	4	35	0.9
0.5	4	35	0.9
0.435897435897436	4	35	0.9
0.241379310344828	4	35	0.9
0.592592592592593	4	35	0.9
0.125	4	35	0.9
0.533333333333333	4	35	0.9
0.526315789473684	4	35	0.9
0.264705882352941	4	35	0.9
0.592592592592593	4	35	0.9
0.625	4	35	0.9
0.333333333333333	4	35	0.9
0.210526315789474	4	35	0.9
0.37037037037037	4	35	0.9
0.25	4	35	0.9
0.25	4	35	0.9
0.193548387096774	4	35	0.9
0.578947368421053	4	35	0.9
0.45	4	35	0.9
0.53125	4	35	0.9
0.272727272727273	4	35	0.9
0.5	4	35	0.9
0.333333333333333	4	35	0.9
0.439024390243902	4	35	0.9
0.423076923076923	4	35	0.9
0.354838709677419	4	35	0.9
0.545454545454545	4	35	0.9
0.578947368421053	4	35	0.9
0.119047619047619	4	35	0.9
0.176470588235294	4	35	0.9
0.214285714285714	4	35	0.9
0.375	4	35	0.9
0.179487179487179	4	35	0.9
0.428571428571429	4	35	0.9
0.135135135135135	4	35	0.9
0.121951219512195	4	35	0.9
0.217391304347826	4	35	0.9
0.333333333333333	4	35	0.9
0.24	4	35	0.9
0.125	4	35	0.9
0.218181818181818	4	35	0.9
0.565217391304348	4	35	0.9
0.24	4	35	0.9
0.184210526315789	4	35	0.9
0.27906976744186	4	35	0.9
0.215686274509804	4	35	0.9
0.409090909090909	4	35	0.9
0.140350877192982	4	35	0.9
0.25	4	35	0.9
0.5	4	35	0.9
0.25	4	35	0.9
0.2	4	35	0.9
0.145833333333333	4	35	0.9
0.35	4	35	0.9
0.2	4	35	0.9
0.366666666666667	4	35	0.9
0.269230769230769	4	35	0.9
0.15	4	35	0.9
0.666666666666667	4	35	0.9
0.340909090909091	4	35	0.9
0.4	4	35	0.9
0.285714285714286	4	35	0.9
0.452380952380952	4	35	0.9
0.2	4	35	0.9
0.541666666666667	4	35	0.9
0.225806451612903	4	35	0.9
0.15	4	35	0.9
0.457142857142857	4	35	0.9
0.153846153846154	4	35	0.9
0.44	4	35	0.9
0.209302325581395	4	35	0.9
0.645161290322581	4	35	0.9
0.235294117647059	4	35	0.9
0.25	4	35	0.9
0.44	4	35	0.9
0.476190476190476	4	35	0.9
0.461538461538462	4	35	0.9
0.1875	4	35	0.9
0.2	4	35	0.9
0.290322580645161	4	35	0.9
0.48	4	35	0.9
0.259259259259259	4	35	0.9
0.230769230769231	4	35	0.9
0.333333333333333	4	35	0.9
0.185185185185185	4	35	0.9
0.4	4	35	0.9
0.166666666666667	4	35	0.9
0.125	4	35	0.9
0.285714285714286	4	35	0.9
0.487179487179487	4	35	0.9
0.130434782608696	4	35	0.9
0.466666666666667	4	35	0.9
0.30952380952381	4	35	0.9
0.580645161290323	4	35	0.9
0.138888888888889	4	35	0.9
0.2	4	35	0.9
0.25	4	35	0.9
0.439024390243902	4	35	0.9
0.241379310344828	4	35	0.9
0.541666666666667	4	35	0.9
0.192307692307692	4	35	0.9
0.161290322580645	4	35	0.9
0.394736842105263	4	35	0.9
0.264705882352941	4	35	0.9
0.666666666666667	4	35	0.9
0.18	4	35	0.9
0.275	4	35	0.9
0.153846153846154	4	35	0.9
0.148936170212766	4	35	0.9
0.222222222222222	4	35	0.9
0.103448275862069	4	35	0.9
0.333333333333333	4	35	0.9
0.363636363636364	4	35	0.9
0.5	4	35	0.9
0.28125	4	35	0.9
0.447368421052632	4	35	0.9
0.5	4	35	0.9
0.212765957446809	4	35	0.9
0.375	4	35	0.9
0.290322580645161	4	35	0.9
0.54	4	35	0.9
0.4	4	35	0.9
0.224137931034483	4	35	0.9
0.4	4	35	0.9
0.178571428571429	4	35	0.9
0.210526315789474	4	35	0.9
0.56	4	35	0.9
0.205882352941176	4	35	0.9
0.275	4	35	0.9
0.613636363636364	4	35	0.9
0.222222222222222	4	35	0.9
0.560975609756098	4	35	0.9
0.32258064516129	4	35	0.9
0.375	4	35	0.9
0.222222222222222	4	35	0.9
0.181818181818182	4	35	0.9
0.145833333333333	4	35	0.9
0.371428571428571	4	35	0.9
0.132352941176471	4	35	0.9
0.122448979591837	4	35	0.9
0.40625	4	35	0.9
0.3	4	35	0.9
0.272727272727273	4	35	0.9
0.216216216216216	4	35	0.9
0.315789473684211	4	35	0.9
0.142857142857143	4	35	0.9
0.526315789473684	4	35	0.9
0.461538461538462	4	35	0.9
0.596153846153846	4	35	0.9
0.212121212121212	4	35	0.9
0.151515151515152	4	35	0.9
0.151515151515152	4	35	0.9
0.171428571428571	4	35	0.9
0.136363636363636	4	35	0.9
0.548387096774194	4	35	0.9
0.113207547169811	4	35	0.9
0.461538461538462	4	35	0.9
0.434782608695652	4	35	0.9
0.5	4	35	0.9
0.541666666666667	4	35	0.9
0.553571428571429	4	35	0.9
0.162790697674419	4	35	0.9
0.307692307692308	4	35	0.9
0.526315789473684	4	35	0.9
0.176470588235294	4	35	0.9
0.604651162790698	4	35	0.9
0.413793103448276	4	35	0.9
0.423076923076923	4	35	0.9
0.266666666666667	4	35	0.9
0.186046511627907	4	35	0.9
0.184210526315789	4	35	0.9
0.157894736842105	4	35	0.9
0.304347826086957	4	35	0.9
0.5	4	35	0.9
0.222222222222222	4	35	0.9
0.333333333333333	4	35	0.9
0.222222222222222	4	35	0.9
0.230769230769231	4	35	0.9
0.409090909090909	4	35	0.9
0.513513513513513	4	35	0.9
0.333333333333333	4	35	0.9
0.1875	4	35	0.9
0.666666666666667	4	35	0.9
0.413793103448276	4	35	0.9
0.321428571428571	4	35	0.9
0.526315789473684	4	35	0.9
0.151515151515152	4	35	0.9
0.514285714285714	4	35	0.9
0.25	4	35	0.9
0.454545454545455	4	35	0.9
0.481481481481481	4	35	0.9
0.291666666666667	4	35	0.9
0.32258064516129	4	35	0.9
0.13953488372093	4	35	0.9
0.466666666666667	4	35	0.9
0.454545454545455	4	35	0.9
0.434782608695652	4	35	0.9
0.533333333333333	4	35	0.9
0.533333333333333	4	35	0.9
0.6	4	35	0.9
0.482758620689655	4	35	0.9
0.266666666666667	4	35	0.9
0.209302325581395	4	35	0.9
0.44	4	35	0.9
0.14	4	35	0.9
0.4	4	35	0.9
0.653846153846154	4	35	0.9
0.176470588235294	4	35	0.9
0.171428571428571	4	35	0.9
0.25	4	35	0.9
0.59375	4	35	0.9
0.142857142857143	4	35	0.9
0.458333333333333	4	35	0.9
0.297297297297297	4	35	0.9
0.348837209302326	4	35	0.9
0.315789473684211	4	35	0.9
0.382352941176471	4	35	0.9
0.292682926829268	4	35	0.9
0.48	4	35	0.9
0.4	4	35	0.9
0.428571428571429	4	35	0.9
0.210526315789474	4	35	0.9
0.263157894736842	4	35	0.9
0.222222222222222	4	35	0.9
0.2	4	35	0.9
0.166666666666667	4	35	0.9
0.484375	4	35	0.9
0.170212765957447	4	35	0.9
0.416666666666667	4	35	0.9
0.241379310344828	4	35	0.9
0.230769230769231	4	35	0.9
0.558139534883721	4	35	0.9
0.130434782608696	4	35	0.9
0.151515151515152	4	35	0.9
0.365853658536585	4	35	0.9
0.442307692307692	4	35	0.9
0.470588235294118	4	35	0.9
0.457142857142857	4	35	0.9
0.172413793103448	4	35	0.9
0.431818181818182	4	35	0.9
0.25	4	35	0.9
0.351851851851852	4	35	0.9
0.615384615384615	4	35	0.9
0.233333333333333	4	35	0.9
0.32258064516129	4	35	0.9
0.205882352941176	4	35	0.9
0.269230769230769	4	35	0.9
0.195121951219512	4	35	0.9
0.307692307692308	4	35	0.9
0.377777777777778	4	35	0.9
0.527272727272727	4	35	0.9
0.164179104477612	4	35	0.9
0.6	4	35	0.9
0.615384615384615	4	35	0.9
0.142857142857143	4	35	0.9
0.608695652173913	4	35	0.9
0.375	4	35	0.9
0.357142857142857	4	35	0.9
0.107142857142857	4	35	0.9
0.206896551724138	4	35	0.9
0.384615384615385	4	35	0.9
0.375	4	35	0.9
0.2	4	35	0.9
0.2	4	35	0.9
0.222222222222222	4	35	0.9
0.166666666666667	4	35	0.9
0.515151515151515	4	35	0.9
0.259259259259259	4	35	0.9
0.409090909090909	4	35	0.9
0.177777777777778	4	35	0.9
0.354838709677419	4	35	0.9
0.3125	4	35	0.9
0.225806451612903	4	35	0.9
0.170731707317073	4	35	0.9
0.527777777777778	4	35	0.9
0.191176470588235	4	35	0.9
0.357142857142857	4	35	0.9
0.2	4	35	0.9
0.222222222222222	4	35	0.9
0.5	4	35	0.9
0.2	4	35	0.9
0.366666666666667	4	35	0.9
0.354838709677419	4	35	0.9
0.347826086956522	4	35	0.9
0.170212765957447	4	35	0.9
0.170212765957447	4	35	0.9
0.529411764705882	4	35	0.9
0.2	4	35	0.9
0.225806451612903	4	35	0.9
0.137931034482759	4	35	0.9
0.571428571428571	4	35	0.9
0.5625	4	35	0.9
0.368421052631579	4	35	0.9
0.5625	4	35	0.9
0.155555555555556	4	35	0.9
0.171428571428571	4	35	0.9
0.24390243902439	4	35	0.9
0.59375	4	35	0.9
0.5	4	35	0.9
0.291666666666667	4	35	0.9
0.481481481481481	4	35	0.9
0.48	4	35	0.9
0.215686274509804	4	35	0.9
0.114285714285714	4	35	0.9
0.25	4	35	0.9
0.209677419354839	4	35	0.9
0.446428571428571	4	35	0.9
0.15	4	35	0.9
0.157894736842105	4	35	0.9
0.142857142857143	4	35	0.9
0.142857142857143	4	35	0.9
0.0769230769230769	4	35	0.9
0.268292682926829	4	35	0.9
0.333333333333333	4	35	0.9
0.528301886792453	4	35	0.9
0.365853658536585	4	35	0.9
0.1	4	35	0.9
0.428571428571429	4	35	0.9
0.269230769230769	4	35	0.9
0.222222222222222	4	35	0.9
0.15	4	35	0.9
0.0714285714285714	4	35	0.9
0.533333333333333	4	35	0.9
0.166666666666667	4	35	0.9
0.16	4	35	0.9
0.175	4	35	0.9
0.478260869565217	4	35	0.9
0.4	4	35	0.9
0.283018867924528	4	35	0.9
0.25531914893617	4	35	0.9
0.333333333333333	4	35	0.9
0.530612244897959	4	35	0.9
0.314285714285714	4	35	0.9
0.391304347826087	4	35	0.9
0.138888888888889	4	35	0.9
0.468085106382979	4	35	0.9
0.277777777777778	4	35	0.9
0.242424242424242	4	35	0.9
0.4	4	35	0.9
0.1	4	35	0.9
0.236842105263158	4	35	0.9
0.324324324324324	4	35	0.9
0.240740740740741	4	35	0.9
0.0769230769230769	4	35	0.9
0.204545454545455	4	35	0.9
0.571428571428571	4	35	0.9
0.424242424242424	4	35	0.9
0.153846153846154	4	35	0.9
0.12280701754386	4	35	0.9
0.147058823529412	4	35	0.9
0.404761904761905	4	35	0.9
0.317073170731707	4	35	0.9
0.333333333333333	4	35	0.9
0.473684210526316	4	35	0.9
0.536585365853659	4	35	0.9
0.220338983050847	4	35	0.9
0.444444444444444	4	35	0.9
0.310344827586207	4	35	0.9
0.238095238095238	4	35	0.9
0.176470588235294	4	35	0.9
