VAF	CN	avg.depth	purity
0.447368421052632	2	21	1
0.192307692307692	2	21	1
0.1875	2	21	1
0.4	2	21	1
0.333333333333333	2	21	1
0.352941176470588	2	21	1
0.225806451612903	2	21	1
0.476190476190476	2	21	1
0.4	2	21	1
0.4	2	21	1
0.538461538461538	2	21	1
0.25	2	21	1
0.266666666666667	2	21	1
0.285714285714286	2	21	1
0.277777777777778	2	21	1
0.533333333333333	2	21	1
0.428571428571429	2	21	1
0.75	2	21	1
0.904761904761905	2	21	1
0.6	2	21	1
0.214285714285714	2	21	1
0.24	2	21	1
0.833333333333333	2	21	1
0.210526315789474	2	21	1
0.181818181818182	2	21	1
0.857142857142857	2	21	1
0.214285714285714	2	21	1
0.5	2	21	1
0.4	2	21	1
0.294117647058824	2	21	1
0.526315789473684	2	21	1
0.525	2	21	1
0.413793103448276	2	21	1
0.176470588235294	2	21	1
0.444444444444444	2	21	1
0.347826086956522	3	47	1
0.142857142857143	3	47	1
0.733333333333333	3	47	1
0.447368421052632	3	47	1
0.225	3	47	1
0.310344827586207	3	47	1
0.296296296296296	3	47	1
0.534246575342466	3	47	1
0.186440677966102	3	47	1
0.146341463414634	3	47	1
0.590361445783133	3	47	1
0.118181818181818	3	47	1
0.117117117117117	3	47	1
0.117117117117117	3	47	1
0.105263157894737	3	47	1
0.210526315789474	3	47	1
0.3	3	47	1
0.32	3	47	1
0.087719298245614	3	47	1
0.138888888888889	3	47	1
0.208333333333333	3	47	1
0.347826086956522	3	47	1
0.2	3	47	1
0.5	3	47	1
0.314285714285714	3	47	1
0.185185185185185	3	47	1
0.288888888888889	3	47	1
0.232142857142857	3	47	1
0.272727272727273	3	47	1
0.419354838709677	3	47	1
0.428571428571429	3	47	1
0.32	3	47	1
0.346153846153846	3	47	1
0.636363636363636	3	47	1
0.157894736842105	3	47	1
0.107142857142857	3	47	1
0.09375	4	45	1
0.2	4	45	1
0.254237288135593	4	45	1
0.136363636363636	4	45	1
0.267857142857143	4	45	1
0.196969696969697	4	45	1
0.313432835820896	4	45	1
0.181818181818182	4	45	1
0.241379310344828	4	45	1
0.115384615384615	4	45	1
0.223880597014925	4	45	1
0.0757575757575758	4	45	1
0.245283018867925	4	45	1
0.236111111111111	4	45	1
0.0909090909090909	4	45	1
0.232876712328767	4	45	1
0.2	4	45	1
0.346938775510204	4	45	1
0.191780821917808	4	45	1
0.210526315789474	4	45	1
0.163265306122449	4	45	1
0.490909090909091	4	45	1
0.222222222222222	4	45	1
0.476190476190476	4	45	1
0.123076923076923	4	45	1
0.171428571428571	4	45	1
0.207317073170732	4	45	1
0.581081081081081	4	45	1
0.210526315789474	4	45	1
0.142857142857143	4	45	1
0.346153846153846	4	45	1
0.583333333333333	4	45	1
0.25	4	45	1
0.130434782608696	4	45	1
0.27027027027027	4	45	1
0.295454545454545	4	45	1
0.476190476190476	4	45	1
0.153846153846154	4	45	1
0.0793650793650794	4	45	1
0.44	4	45	1
0.166666666666667	4	45	1
0.148148148148148	4	45	1
0.666666666666667	4	45	1
0.414634146341463	4	45	1
0.25	4	45	1
0.214285714285714	4	45	1
0.5	4	45	1
0.28125	4	45	1
0.5	4	45	1
0.37037037037037	4	45	1
0.268292682926829	4	45	1
0.0967741935483871	4	45	1
0.522727272727273	4	45	1
0.297297297297297	4	45	1
0.257142857142857	4	45	1
0.294117647058824	4	45	1
0.56	4	45	1
0.244897959183673	4	45	1
0.430769230769231	4	45	1
0.318181818181818	4	45	1
0.294117647058824	4	45	1
0.209302325581395	4	45	1
0.234567901234568	4	45	1
0.1875	4	45	1
0.282608695652174	4	45	1
0.2	4	45	1
0.466666666666667	4	45	1
0.234375	4	45	1
0.257142857142857	4	45	1
0.157142857142857	4	45	1
0.19047619047619	4	45	1
0.264150943396226	4	45	1
0.7	4	45	1
0.0779220779220779	4	45	1
0.238805970149254	4	45	1
0.113207547169811	4	45	1
0.277777777777778	4	45	1
0.271186440677966	4	45	1
0.259259259259259	4	45	1
0.259259259259259	4	45	1
0.25	4	45	1
0.130434782608696	4	45	1
0.137931034482759	4	45	1
0.0983606557377049	4	45	1
0.692307692307692	4	45	1
0.348484848484849	4	45	1
0.142857142857143	4	45	1
0.316455696202532	4	45	1
0.136363636363636	4	45	1
0.108695652173913	4	45	1
0.615384615384615	4	45	1
0.136363636363636	4	45	1
0.206896551724138	4	45	1
0.136363636363636	4	45	1
0.219178082191781	4	45	1
0.133333333333333	4	45	1
0.0909090909090909	4	45	1
0.178571428571429	4	45	1
0.160714285714286	4	45	1
0.211764705882353	4	45	1
0.235294117647059	4	45	1
0.288888888888889	4	45	1
0.857142857142857	4	45	1
0.307692307692308	4	45	1
0.259259259259259	4	45	1
0.75	4	45	1
0.705882352941177	4	45	1
0.225806451612903	4	45	1
0.346153846153846	4	45	1
0.166666666666667	4	45	1
0.777777777777778	4	45	1
0.238095238095238	4	45	1
0.226415094339623	4	45	1
0.125	4	45	1
0.125	4	45	1
0.285714285714286	4	45	1
0.2	4	45	1
0.28	4	45	1
0.277777777777778	4	45	1
0.25	4	45	1
0.384615384615385	4	45	1
0.269230769230769	4	45	1
0.571428571428571	4	45	1
0.0571428571428571	4	45	1
0.434782608695652	4	45	1
0.414634146341463	4	45	1
0.15	4	45	1
0.5	4	45	1
0.26	4	45	1
0.136363636363636	4	45	1
0.171428571428571	4	45	1
0.260869565217391	4	45	1
0.103448275862069	4	45	1
0.244444444444444	4	45	1
0.408602150537634	4	45	1
0.16	4	45	1
0.26027397260274	4	45	1
0.576923076923077	4	45	1
0.112676056338028	4	45	1
0.225806451612903	4	45	1
0.689655172413793	4	45	1
0.181818181818182	4	45	1
0.357142857142857	4	45	1
0.152173913043478	4	45	1
0.333333333333333	4	45	1
0.291666666666667	4	45	1
0.483516483516484	4	45	1
0.142857142857143	4	45	1
0.172413793103448	4	45	1
0.454545454545455	4	45	1
0.2	4	45	1
0.277777777777778	4	45	1
0.266666666666667	4	45	1
0.0595238095238095	4	45	1
0.272727272727273	4	45	1
0.1875	4	45	1
0.21875	4	45	1
0.222222222222222	4	45	1
0.103448275862069	4	45	1
0.204545454545455	4	45	1
0.470588235294118	4	45	1
0.5	4	45	1
0.533333333333333	4	45	1
0.214285714285714	4	45	1
0.119047619047619	4	45	1
0.224137931034483	4	45	1
0.333333333333333	4	45	1
0.321428571428571	4	45	1
0.25	4	45	1
0.245614035087719	4	45	1
0.272727272727273	4	45	1
0.368421052631579	4	45	1
0.159090909090909	4	45	1
0.306122448979592	4	45	1
0.0549450549450549	4	45	1
0.263157894736842	4	45	1
0.4375	4	45	1
0.421052631578947	4	45	1
0.428571428571429	4	45	1
0.5	4	45	1
0.333333333333333	4	45	1
0.428571428571429	4	45	1
0.478260869565217	4	45	1
0.236842105263158	4	45	1
0.290322580645161	4	45	1
0.35	4	45	1
0.5	4	45	1
0.417721518987342	4	45	1
0.214285714285714	4	45	1
0.214285714285714	4	45	1
0.307692307692308	4	45	1
0.5	4	45	1
0.49	4	45	1
0.178571428571429	4	45	1
0.152173913043478	4	45	1
0.148648648648649	4	45	1
0.102941176470588	4	45	1
0.529411764705882	4	45	1
0.3	4	45	1
0.175438596491228	4	45	1
0.173913043478261	4	45	1
0.21875	4	45	1
0.19047619047619	4	45	1
0.163636363636364	4	45	1
0.109090909090909	4	45	1
0.481481481481481	4	45	1
0.12	4	45	1
0.24	4	45	1
0.271186440677966	4	45	1
0.202898550724638	4	45	1
0.178571428571429	4	45	1
0.142857142857143	4	45	1
0.3	4	45	1
0.210526315789474	4	45	1
0.341463414634146	4	45	1
0.138888888888889	4	45	1
0.291666666666667	4	45	1
0.230769230769231	4	45	1
0.457142857142857	4	45	1
0.238095238095238	4	45	1
0.185185185185185	4	45	1
0.222222222222222	4	45	1
0.235294117647059	4	45	1
0.272727272727273	4	45	1
0.233333333333333	4	45	1
0.277777777777778	4	45	1
0.357142857142857	4	45	1
0.304347826086957	4	45	1
0.314814814814815	4	45	1
0.258620689655172	4	45	1
0.25	4	45	1
0.216216216216216	4	45	1
0.230769230769231	4	45	1
0.296296296296296	4	45	1
0.235294117647059	4	45	1
0.647058823529412	4	45	1
0.142857142857143	4	45	1
0.225806451612903	4	45	1
0.461538461538462	4	45	1
0.230769230769231	4	45	1
0.411764705882353	4	45	1
0.377777777777778	4	45	1
0.162162162162162	4	45	1
0.5	4	45	1
0.162790697674419	4	45	1
0.233333333333333	4	45	1
0.833333333333333	4	45	1
0.219512195121951	4	45	1
0.15625	4	45	1
0.214285714285714	4	45	1
0.571428571428571	4	45	1
0.194444444444444	4	45	1
0.111111111111111	4	45	1
0.105263157894737	4	45	1
0.343137254901961	4	45	1
0.263157894736842	4	45	1
0.289473684210526	4	45	1
0.1875	4	45	1
0.206896551724138	4	45	1
0.206896551724138	4	45	1
0.578947368421053	4	45	1
0.113636363636364	4	45	1
0.444444444444444	4	45	1
0.391304347826087	4	45	1
0.297297297297297	4	45	1
0.4	4	45	1
0.16	4	45	1
0.122448979591837	4	45	1
0.166666666666667	4	45	1
0.130434782608696	4	45	1
0.205128205128205	4	45	1
0.269230769230769	4	45	1
0.148148148148148	4	45	1
0.188405797101449	4	45	1
0.176470588235294	4	45	1
0.232558139534884	4	45	1
0.5	4	45	1
0.317460317460317	4	45	1
0.285714285714286	4	45	1
0.227272727272727	4	45	1
0.488372093023256	4	45	1
0.133333333333333	4	45	1
0.192982456140351	4	45	1
0.0845070422535211	4	45	1
0.0795454545454545	4	45	1
0.254901960784314	4	45	1
0.402777777777778	4	45	1
0.117117117117117	4	45	1
0.0967741935483871	4	45	1
0.181818181818182	4	45	1
0.317073170731707	4	45	1
0.0882352941176471	4	45	1
0.119402985074627	4	45	1
0.173913043478261	4	45	1
0.2	4	45	1
0.288135593220339	4	45	1
0.294117647058824	4	45	1
0.264150943396226	4	45	1
0.19047619047619	4	45	1
0.416666666666667	4	45	1
0.307692307692308	4	45	1
0.478260869565217	4	45	1
0.411764705882353	4	45	1
0.157894736842105	4	45	1
0.2	4	45	1
0.145161290322581	4	45	1
0.27027027027027	4	45	1
0.257142857142857	4	45	1
0.277777777777778	4	45	1
0.428571428571429	4	45	1
0.109375	4	45	1
0.219512195121951	4	45	1
0.333333333333333	4	45	1
0.219512195121951	4	45	1
0.24	4	45	1
0.3125	4	45	1
0.206896551724138	4	45	1
0.185185185185185	4	45	1
0.25	4	45	1
0.275862068965517	4	45	1
0.2	4	45	1
0.233333333333333	4	45	1
0.153846153846154	4	45	1
1	4	45	1
0.310344827586207	4	45	1
0.351351351351351	4	45	1
0.125	4	45	1
0.380952380952381	4	45	1
0.333333333333333	4	45	1
0.259259259259259	4	45	1
0.210526315789474	4	45	1
0.583333333333333	4	45	1
0.0609756097560976	4	45	1
0.307692307692308	4	45	1
0.153846153846154	4	45	1
0.176470588235294	4	45	1
0.307692307692308	4	45	1
0.2	4	45	1
0.291666666666667	4	45	1
0.28125	4	45	1
0.136363636363636	4	45	1
0.428571428571429	4	45	1
0.5	4	45	1
0.48	4	45	1
0.615384615384615	4	45	1
0.158730158730159	4	45	1
0.191176470588235	4	45	1
0.12	4	45	1
0.2	4	45	1
0.218181818181818	4	45	1
0.257142857142857	4	45	1
0.2	4	45	1
0.333333333333333	4	45	1
0.538461538461538	4	45	1
0.227272727272727	4	45	1
0.4	4	45	1
0.058252427184466	4	45	1
0.25	4	45	1
0.208333333333333	4	45	1
0.263157894736842	4	45	1
0.260869565217391	4	45	1
0.25	4	45	1
0.294117647058824	4	45	1
0.15	4	45	1
0.216216216216216	4	45	1
0.580645161290323	4	45	1
0.333333333333333	4	45	1
0.243243243243243	4	45	1
0.137931034482759	4	45	1
0.2	4	45	1
0.333333333333333	4	45	1
0.307692307692308	4	45	1
0.6	4	45	1
0.277777777777778	4	45	1
0.470588235294118	4	45	1
0.428571428571429	4	45	1
0.107142857142857	4	45	1
0.315789473684211	4	45	1
0.285714285714286	4	45	1
0.272727272727273	4	45	1
0.185185185185185	4	45	1
0.552941176470588	4	45	1
0.131578947368421	4	45	1
0.142857142857143	4	45	1
0.0821917808219178	4	45	1
0.222222222222222	4	45	1
0.206896551724138	4	45	1
0.25	4	45	1
0.172413793103448	4	45	1
0.266666666666667	4	45	1
0.226415094339623	4	45	1
0.340909090909091	4	45	1
0.233333333333333	4	45	1
0.296296296296296	4	45	1
0.123076923076923	4	45	1
0.307692307692308	4	45	1
0.169230769230769	4	45	1
0.147058823529412	4	45	1
0.253333333333333	4	45	1
0.166666666666667	4	45	1
0.222222222222222	4	45	1
0.05	4	45	1
0.257142857142857	4	45	1
0.486486486486487	4	45	1
0.340909090909091	4	45	1
0.188679245283019	4	45	1
0.315789473684211	4	45	1
0.318181818181818	4	45	1
0.162162162162162	4	45	1
0.171428571428571	4	45	1
0.181818181818182	4	45	1
0.304347826086957	4	45	1
0.5	4	45	1
0.267605633802817	4	45	1
0.191489361702128	4	45	1
0.4	4	45	1
0.584905660377358	4	45	1
0.105263157894737	4	45	1
0.666666666666667	4	45	1
0.75	4	45	1
0.163934426229508	4	45	1
0.272727272727273	4	45	1
0.18	4	45	1
0.352941176470588	4	45	1
0.307692307692308	4	45	1
0.263157894736842	4	45	1
0.304347826086957	4	45	1
0.333333333333333	4	45	1
0.204081632653061	4	45	1
0.240740740740741	4	45	1
0.484848484848485	4	45	1
0.220338983050847	4	45	1
0.137254901960784	4	45	1
0.163461538461538	4	45	1
0.409090909090909	4	45	1
0.153846153846154	4	45	1
0.822222222222222	4	45	1
0.705882352941177	4	45	1
0.25	4	45	1
0.285714285714286	4	45	1
0.243243243243243	4	45	1
0.196428571428571	4	45	1
0.1875	4	45	1
0.212121212121212	4	45	1
0.172839506172839	4	45	1
0.1625	4	45	1
0.246913580246914	4	45	1
0.234042553191489	4	45	1
0.194444444444444	4	45	1
0.217391304347826	4	45	1
0.238095238095238	4	45	1
0.14	4	45	1
0.181818181818182	4	45	1
0.375	4	45	1
0.230769230769231	4	45	1
0.352941176470588	4	45	1
0.744186046511628	4	45	1
0.375	4	45	1
0.162162162162162	4	45	1
0.146341463414634	4	45	1
0.681818181818182	4	45	1
0.181818181818182	4	45	1
0.195652173913043	4	45	1
0.0975609756097561	4	45	1
0.22	4	45	1
0.152173913043478	4	45	1
0.344827586206897	4	45	1
0.109090909090909	4	45	1
0.1875	4	45	1
0.1875	4	45	1
0.235294117647059	4	45	1
0.37037037037037	4	45	1
0.193548387096774	4	45	1
0.37037037037037	4	45	1
0.25	4	45	1
0.340909090909091	4	45	1
0.181818181818182	4	45	1
0.140350877192982	4	45	1
0.179775280898876	4	45	1
0.5625	4	45	1
0.142857142857143	4	45	1
0.75	4	45	1
0.466666666666667	4	45	1
0.380952380952381	4	45	1
0.25	4	45	1
0.1875	4	45	1
0.241379310344828	4	45	1
0.333333333333333	4	45	1
0.280898876404494	4	45	1
0.571428571428571	4	45	1
0.32258064516129	4	45	1
0.916666666666667	4	45	1
0.515151515151515	4	45	1
0.192307692307692	4	45	1
0.45	4	45	1
0.535714285714286	4	45	1
0.214285714285714	4	45	1
0.142857142857143	4	45	1
0.325	4	45	1
0.583333333333333	4	45	1
0.295454545454545	4	45	1
0.233333333333333	4	45	1
0.1875	4	45	1
0.272727272727273	4	45	1
0.428571428571429	4	45	1
0.425	4	45	1
0.338235294117647	4	45	1
0.157894736842105	4	45	1
0.2	4	45	1
0.157894736842105	4	45	1
0.166666666666667	4	45	1
0.216216216216216	4	45	1
0.185714285714286	4	45	1
0.178571428571429	4	45	1
0.142857142857143	4	45	1
0.135135135135135	4	45	1
0.0958904109589041	4	45	1
0.148936170212766	4	45	1
0.173913043478261	4	45	1
0.111111111111111	4	45	1
0.109090909090909	4	45	1
0.272727272727273	4	45	1
0.230769230769231	4	45	1
0.548387096774194	4	45	1
0.32258064516129	4	45	1
0.229166666666667	4	45	1
0.516129032258065	4	45	1
0.228070175438596	4	45	1
0.285714285714286	4	45	1
0.178571428571429	4	45	1
0.179487179487179	4	45	1
0.306122448979592	4	45	1
0.2	4	45	1
0.171052631578947	4	45	1
0.263157894736842	4	45	1
0.258064516129032	4	45	1
0.222222222222222	4	45	1
0.416666666666667	4	45	1
0.0641025641025641	4	45	1
0.37037037037037	4	45	1
0.157894736842105	4	45	1
0.107142857142857	4	45	1
0.125	4	45	1
0.138461538461538	4	45	1
0.181818181818182	4	45	1
0.0598290598290598	4	45	1
0.285714285714286	4	45	1
0.259541984732824	4	45	1
0.170454545454545	4	45	1
0.193548387096774	4	45	1
0.153846153846154	4	45	1
0.0606060606060606	4	45	1
0.127659574468085	4	45	1
0.247422680412371	4	45	1
0.235849056603774	4	45	1
0.220588235294118	4	45	1
0.177777777777778	4	45	1
0.833333333333333	4	45	1
0.295081967213115	4	45	1
0.2	4	45	1
0.175	4	45	1
0.25	4	45	1
0.181818181818182	4	45	1
0.267857142857143	4	45	1
0.236842105263158	4	45	1
0.277777777777778	4	45	1
0.254901960784314	4	45	1
0.444444444444444	4	45	1
0.317073170731707	4	45	1
0.134615384615385	4	45	1
0.130434782608696	4	45	1
0.272727272727273	4	45	1
0.479166666666667	4	45	1
0.270833333333333	4	45	1
0.213114754098361	4	45	1
0.470588235294118	4	45	1
0.214285714285714	4	45	1
0.288888888888889	4	45	1
0.185185185185185	4	45	1
0.153846153846154	4	45	1
0.243243243243243	4	45	1
0.37037037037037	4	45	1
0.328947368421053	4	45	1
0.146341463414634	4	45	1
0.0898876404494382	4	45	1
0.0480769230769231	4	45	1
0.18	4	45	1
0.291666666666667	4	45	1
0.208333333333333	4	45	1
0.421052631578947	4	45	1
0.285714285714286	4	45	1
0.241379310344828	4	45	1
0.3	4	45	1
0.391304347826087	4	45	1
0.111111111111111	4	45	1
0.3	4	45	1
0.137931034482759	4	45	1
0.212765957446809	4	45	1
0.2	4	45	1
0.259259259259259	4	45	1
0.114285714285714	4	45	1
0.272727272727273	4	45	1
0.181818181818182	4	45	1
0.421052631578947	4	45	1
0.578947368421053	4	45	1
0.454545454545455	4	45	1
0.226415094339623	4	45	1
0.205882352941176	4	45	1
0.235294117647059	4	45	1
0.307692307692308	4	45	1
0.0659340659340659	4	45	1
0.507692307692308	4	45	1
0.142857142857143	4	45	1
0.135802469135802	4	45	1
0.0655737704918033	4	45	1
0.20253164556962	4	45	1
0.0757575757575758	4	45	1
0.212962962962963	4	45	1
0.211538461538462	4	45	1
0.474747474747475	4	45	1
0.0985915492957746	4	45	1
0.532258064516129	4	45	1
0.196261682242991	4	45	1
0.166666666666667	4	45	1
0.233333333333333	4	45	1
0.218390804597701	4	45	1
0.226666666666667	4	45	1
0.0882352941176471	4	45	1
0.213333333333333	4	45	1
0.219512195121951	4	45	1
0.318181818181818	4	45	1
0.486111111111111	4	45	1
0.363636363636364	4	45	1
0.263157894736842	4	45	1
0.141025641025641	4	45	1
0.0923076923076923	4	45	1
0.192982456140351	4	45	1
0.142857142857143	4	45	1
0.147540983606557	4	45	1
0.111111111111111	4	45	1
0.383333333333333	4	45	1
0.222222222222222	4	45	1
0.261904761904762	4	45	1
0.192307692307692	4	45	1
0.216867469879518	4	45	1
0.153846153846154	4	45	1
0.0462962962962963	4	45	1
0.189873417721519	4	45	1
0.538461538461538	4	45	1
0.127906976744186	4	45	1
0.175	4	45	1
0.142857142857143	4	45	1
0.272727272727273	4	45	1
0.213114754098361	4	45	1
0.244444444444444	4	45	1
0.173333333333333	4	45	1
0.271428571428571	4	45	1
0.142857142857143	4	45	1
0.0925925925925926	4	45	1
0.179487179487179	4	45	1
0.206896551724138	4	45	1
0.333333333333333	4	45	1
0.421052631578947	4	45	1
0.241379310344828	4	45	1
0.285714285714286	4	45	1
0.208333333333333	4	45	1
0.130434782608696	4	45	1
0.229166666666667	4	45	1
0.295454545454545	4	45	1
0.288888888888889	4	45	1
0.255813953488372	4	45	1
0.2	4	45	1
0.0769230769230769	4	45	1
0.575757575757576	4	45	1
0.444444444444444	4	45	1
0.196969696969697	4	45	1
0.224137931034483	4	45	1
0.229166666666667	4	45	1
0.133333333333333	4	45	1
0.122448979591837	4	45	1
0.0641025641025641	4	45	1
0.176470588235294	4	45	1
0.222222222222222	4	45	1
