VAF	CN	avg.depth	purity
0.565789473684211	2	43	0.97
0.365384615384615	2	43	0.97
0.0731707317073171	2	43	0.97
0.0740740740740741	2	43	0.97
0.0740740740740741	2	43	0.97
0.0641025641025641	2	43	0.97
0.0666666666666667	2	43	0.97
0.452830188679245	2	43	0.97
0.592592592592593	2	43	0.97
0.105882352941176	2	43	0.97
0.1875	2	43	0.97
0.727272727272727	2	43	0.97
0.479166666666667	2	43	0.97
0.142857142857143	2	43	0.97
0.428571428571429	2	43	0.97
0.555555555555556	2	43	0.97
0.520547945205479	2	43	0.97
0.485294117647059	2	43	0.97
0.378378378378378	2	43	0.97
0.5	2	43	0.97
0.451612903225806	2	43	0.97
0.542857142857143	2	43	0.97
0.44	2	43	0.97
0.13953488372093	2	43	0.97
0.527272727272727	2	43	0.97
0.513513513513513	2	43	0.97
0.474576271186441	2	43	0.97
0.487179487179487	2	43	0.97
0.391304347826087	2	43	0.97
0.516129032258065	2	43	0.97
0.491228070175439	2	43	0.97
0.425531914893617	2	43	0.97
0.290322580645161	2	43	0.97
0.5	2	43	0.97
0.428571428571429	2	43	0.97
0.5	2	43	0.97
0.568965517241379	2	43	0.97
0.673913043478261	2	43	0.97
0.176470588235294	2	43	0.97
0.171428571428571	2	43	0.97
0.525641025641026	2	43	0.97
0.444444444444444	2	43	0.97
0.436363636363636	2	43	0.97
0.581395348837209	2	43	0.97
0.508771929824561	2	43	0.97
0.433333333333333	2	43	0.97
0.458333333333333	2	43	0.97
0.344827586206897	2	43	0.97
0.461538461538462	2	43	0.97
0.535714285714286	2	43	0.97
0.2	2	43	0.97
0.444444444444444	2	43	0.97
0.526315789473684	2	43	0.97
0.481481481481481	2	43	0.97
0.3	2	43	0.97
0.2	2	43	0.97
0.32	2	43	0.97
0.157894736842105	2	43	0.97
0.380952380952381	2	43	0.97
0.408163265306122	2	43	0.97
0.311111111111111	2	43	0.97
0.512820512820513	2	43	0.97
0.0833333333333333	2	43	0.97
0.478260869565217	2	43	0.97
0.259259259259259	2	43	0.97
0.432432432432432	2	43	0.97
0.416666666666667	2	43	0.97
0.585365853658537	2	43	0.97
0.352941176470588	2	43	0.97
0.46875	2	43	0.97
0.594594594594595	2	43	0.97
0.53125	2	43	0.97
0.1	2	43	0.97
0.558823529411765	2	43	0.97
0.4375	2	43	0.97
0.616666666666667	2	43	0.97
0.511111111111111	2	43	0.97
0.4	2	43	0.97
0.560975609756098	2	43	0.97
0.117647058823529	2	43	0.97
0.461538461538462	2	43	0.97
1	2	43	0.97
0.487179487179487	2	43	0.97
0.444444444444444	2	43	0.97
0.4	2	43	0.97
0.18	2	43	0.97
0.518987341772152	2	43	0.97
0.0943396226415094	2	43	0.97
0.590163934426229	2	43	0.97
0.538461538461538	2	43	0.97
0.476190476190476	2	43	0.97
0.517241379310345	2	43	0.97
0.523809523809524	2	43	0.97
0.354166666666667	2	43	0.97
0.5	2	43	0.97
0.56	2	43	0.97
0.48780487804878	2	43	0.97
0.527777777777778	2	43	0.97
0.4375	2	43	0.97
0.09375	2	43	0.97
0.46551724137931	2	43	0.97
0.476190476190476	2	43	0.97
0.133333333333333	2	43	0.97
0.348837209302326	2	43	0.97
0.352941176470588	2	43	0.97
0.56	2	43	0.97
0.527777777777778	2	43	0.97
0.325581395348837	2	43	0.97
0.216216216216216	2	43	0.97
0.557692307692308	2	43	0.97
0.595744680851064	2	43	0.97
0.454545454545455	2	43	0.97
0.482142857142857	2	43	0.97
0.555555555555556	2	43	0.97
0.428571428571429	2	43	0.97
0.435897435897436	2	43	0.97
0.5	2	43	0.97
0.457627118644068	2	43	0.97
0.416666666666667	2	43	0.97
0.452380952380952	2	43	0.97
0.111111111111111	2	43	0.97
0.475	2	43	0.97
0.413793103448276	2	43	0.97
0.5	2	43	0.97
0.48	2	43	0.97
0.314285714285714	2	43	0.97
0.590163934426229	2	43	0.97
0.358490566037736	2	43	0.97
0.108108108108108	2	43	0.97
0.441176470588235	2	43	0.97
0.447058823529412	2	43	0.97
0.111111111111111	2	43	0.97
0.533333333333333	2	43	0.97
0.39622641509434	2	43	0.97
0.5625	2	43	0.97
0.571428571428571	2	43	0.97
0.545454545454545	2	43	0.97
0.478260869565217	2	43	0.97
0.423076923076923	2	43	0.97
0.475	2	43	0.97
0.304347826086957	2	43	0.97
0.475	2	43	0.97
0.28125	2	43	0.97
0.551724137931034	2	43	0.97
0.519230769230769	2	43	0.97
0.15	2	43	0.97
0.411764705882353	2	43	0.97
0.48	2	43	0.97
0.15	2	43	0.97
0.435483870967742	2	43	0.97
0.447368421052632	2	43	0.97
0.458333333333333	2	43	0.97
0.473684210526316	2	43	0.97
0.394736842105263	2	43	0.97
0.354838709677419	2	43	0.97
0.388888888888889	2	43	0.97
0.375	2	43	0.97
0.607142857142857	2	43	0.97
0.333333333333333	2	43	0.97
0.515151515151515	2	43	0.97
0.5	2	43	0.97
0.645161290322581	2	43	0.97
0.315789473684211	2	43	0.97
0.0652173913043478	2	43	0.97
0.471698113207547	2	43	0.97
0.565217391304348	2	43	0.97
0.117647058823529	2	43	0.97
0.466666666666667	2	43	0.97
0.4375	2	43	0.97
0.421875	2	43	0.97
0.509090909090909	2	43	0.97
0.16	2	43	0.97
0.565217391304348	2	43	0.97
0.444444444444444	2	43	0.97
0.41025641025641	2	43	0.97
0.461538461538462	2	43	0.97
0.12	2	43	0.97
0.423076923076923	2	43	0.97
0.641025641025641	2	43	0.97
0.489795918367347	2	43	0.97
0.162162162162162	2	43	0.97
0.577777777777778	2	43	0.97
0.535714285714286	2	43	0.97
0.377777777777778	2	43	0.97
0.490196078431373	2	43	0.97
0.483870967741935	2	43	0.97
0.508196721311475	2	43	0.97
0.485714285714286	2	43	0.97
0.515151515151515	2	43	0.97
0.5	2	43	0.97
0.439024390243902	2	43	0.97
0.415094339622642	2	43	0.97
0.519230769230769	2	43	0.97
0.41025641025641	2	43	0.97
0.566265060240964	2	43	0.97
0.441860465116279	2	43	0.97
0.357142857142857	2	43	0.97
0.433962264150943	2	43	0.97
0.157894736842105	2	43	0.97
0.463414634146341	2	43	0.97
0.448979591836735	2	43	0.97
0.0972222222222222	2	43	0.97
0.403846153846154	2	43	0.97
0.5625	2	43	0.97
0.673076923076923	2	43	0.97
0.115384615384615	2	43	0.97
0.4	2	43	0.97
0.428571428571429	2	43	0.97
0.487179487179487	2	43	0.97
0.423076923076923	2	43	0.97
0.457142857142857	2	43	0.97
0.352941176470588	2	43	0.97
0.378378378378378	2	43	0.97
0.526315789473684	2	43	0.97
0.384615384615385	2	43	0.97
0.435897435897436	2	43	0.97
0.384615384615385	2	43	0.97
0.5	2	43	0.97
0.411764705882353	2	43	0.97
0.363636363636364	2	43	0.97
0.5	2	43	0.97
0.454545454545455	2	43	0.97
0.476190476190476	2	43	0.97
0.222222222222222	2	43	0.97
0.489795918367347	2	43	0.97
0.428571428571429	2	43	0.97
0.461538461538462	2	43	0.97
0.457831325301205	2	43	0.97
0.5	2	43	0.97
0.4375	2	43	0.97
0.440677966101695	2	43	0.97
0.468085106382979	2	43	0.97
0.560975609756098	2	43	0.97
0.272727272727273	2	43	0.97
0.647058823529412	2	43	0.97
0.489795918367347	2	43	0.97
0.0952380952380952	2	43	0.97
0.0909090909090909	2	43	0.97
0.116279069767442	2	43	0.97
0.0769230769230769	2	43	0.97
0.478260869565217	2	43	0.97
0.375	2	43	0.97
0.34375	2	43	0.97
0.103448275862069	2	43	0.97
0.454545454545455	2	43	0.97
0.574468085106383	2	43	0.97
0.333333333333333	2	43	0.97
0.25	2	43	0.97
0.41025641025641	2	43	0.97
0.428571428571429	2	43	0.97
0.5	2	43	0.97
0.311475409836066	2	43	0.97
0.857142857142857	2	43	0.97
0.617647058823529	2	43	0.97
0.153846153846154	2	43	0.97
0.428571428571429	2	43	0.97
0.558823529411765	2	43	0.97
0.48936170212766	2	43	0.97
0.391304347826087	2	43	0.97
0.0684931506849315	2	43	0.97
0.48780487804878	2	43	0.97
0.538461538461538	2	43	0.97
0.560975609756098	2	43	0.97
0.467741935483871	2	43	0.97
0.394366197183099	2	43	0.97
0.214285714285714	2	43	0.97
0.6	2	43	0.97
0.375	2	43	0.97
0.5	2	43	0.97
0.545454545454545	2	43	0.97
0.4	2	43	0.97
0.4	2	43	0.97
0.512820512820513	2	43	0.97
0.576923076923077	2	43	0.97
0.41304347826087	2	43	0.97
0.366666666666667	2	43	0.97
0.553191489361702	2	43	0.97
0.472222222222222	2	43	0.97
0.435897435897436	2	43	0.97
0.523809523809524	2	43	0.97
0.541666666666667	2	43	0.97
0.423076923076923	2	43	0.97
0.555555555555556	2	43	0.97
0.675675675675676	2	43	0.97
0.588235294117647	2	43	0.97
0.525423728813559	2	43	0.97
0.392857142857143	2	43	0.97
0.730769230769231	2	43	0.97
0.441176470588235	2	43	0.97
0.371428571428571	2	43	0.97
0.357142857142857	2	43	0.97
0.12	2	43	0.97
0.608695652173913	2	43	0.97
0.431818181818182	2	43	0.97
0.3	2	43	0.97
0.451612903225806	2	43	0.97
0.425	2	43	0.97
0.477272727272727	2	43	0.97
0.365384615384615	2	43	0.97
0.553571428571429	2	43	0.97
0.391304347826087	2	43	0.97
0.534883720930233	2	43	0.97
0.481481481481481	2	43	0.97
0.0882352941176471	2	43	0.97
0.375	2	43	0.97
0.375	2	43	0.97
0.53125	2	43	0.97
0.368421052631579	2	43	0.97
0.585365853658537	2	43	0.97
0.647058823529412	2	43	0.97
0.146341463414634	2	43	0.97
0.714285714285714	2	43	0.97
0.604166666666667	2	43	0.97
0.444444444444444	2	43	0.97
0.476190476190476	2	43	0.97
0.428571428571429	2	43	0.97
0.511111111111111	2	43	0.97
0.162162162162162	2	43	0.97
0.606060606060606	2	43	0.97
0.175	2	43	0.97
0.5	2	43	0.97
0.488372093023256	2	43	0.97
0.521739130434783	2	43	0.97
0.538461538461538	2	43	0.97
0.363636363636364	2	43	0.97
0.156862745098039	2	43	0.97
0.538461538461538	2	43	0.97
0.102564102564103	2	43	0.97
0.157894736842105	2	43	0.97
0.542857142857143	2	43	0.97
0.642857142857143	2	43	0.97
0.216666666666667	2	43	0.97
0.490196078431373	2	43	0.97
0.275862068965517	2	43	0.97
0.45	2	43	0.97
0.444444444444444	2	43	0.97
0.0952380952380952	2	43	0.97
0.415094339622642	2	43	0.97
0.522727272727273	2	43	0.97
0.488372093023256	2	43	0.97
0.5	2	43	0.97
0.346938775510204	2	43	0.97
0.472222222222222	2	43	0.97
0.181818181818182	2	43	0.97
0.162790697674419	2	43	0.97
0.155555555555556	2	43	0.97
0.170731707317073	2	43	0.97
0.485294117647059	2	43	0.97
0.466666666666667	2	43	0.97
0.432835820895522	2	43	0.97
0.462962962962963	2	43	0.97
0.195121951219512	2	43	0.97
0.155555555555556	2	43	0.97
0.2	2	43	0.97
0.46031746031746	2	43	0.97
0.446808510638298	2	43	0.97
0.416666666666667	2	43	0.97
0.108108108108108	2	43	0.97
0.166666666666667	2	43	0.97
0.461538461538462	2	43	0.97
0.454545454545455	2	43	0.97
0.46	2	43	0.97
0.407407407407407	2	43	0.97
0.0967741935483871	2	43	0.97
0.571428571428571	2	43	0.97
0.416666666666667	2	43	0.97
0.433333333333333	2	43	0.97
0.476190476190476	2	43	0.97
0.40625	2	43	0.97
0.523809523809524	2	43	0.97
0.475	2	43	0.97
0.548387096774194	2	43	0.97
0.394736842105263	2	43	0.97
0.357142857142857	2	43	0.97
0.540540540540541	2	43	0.97
0.606060606060606	2	43	0.97
0.333333333333333	2	43	0.97
0.535714285714286	2	43	0.97
0.5	2	43	0.97
0.451612903225806	2	43	0.97
0.536585365853659	2	43	0.97
0.521739130434783	2	43	0.97
0.411764705882353	2	43	0.97
0.538461538461538	2	43	0.97
0.5	2	43	0.97
0.0714285714285714	2	43	0.97
0.403225806451613	2	43	0.97
0.52	2	43	0.97
0.473684210526316	2	43	0.97
0.547619047619048	2	43	0.97
0.0833333333333333	2	43	0.97
0.387096774193548	2	43	0.97
0.511111111111111	2	43	0.97
0.548387096774194	2	43	0.97
0.419354838709677	2	43	0.97
0.368421052631579	2	43	0.97
0.454545454545455	2	43	0.97
0.405405405405405	2	43	0.97
0.424242424242424	2	43	0.97
0.529411764705882	2	43	0.97
0.48936170212766	2	43	0.97
0.394736842105263	2	43	0.97
0.472727272727273	2	43	0.97
0.411764705882353	2	43	0.97
0.389830508474576	2	43	0.97
0.482142857142857	2	43	0.97
0.0833333333333333	2	43	0.97
0.387755102040816	2	43	0.97
0.545454545454545	2	43	0.97
0.606060606060606	2	43	0.97
0.325581395348837	2	43	0.97
0.12962962962963	2	43	0.97
0.490196078431373	2	43	0.97
0.457142857142857	2	43	0.97
0.5	2	43	0.97
0.476190476190476	2	43	0.97
0.461538461538462	2	43	0.97
0.375	2	43	0.97
0.444444444444444	2	43	0.97
0.296296296296296	2	43	0.97
0.117647058823529	2	43	0.97
0.125	2	43	0.97
0.441176470588235	2	43	0.97
0.441176470588235	2	43	0.97
0.45	2	43	0.97
0.5	2	43	0.97
0.434782608695652	2	43	0.97
0.136363636363636	2	43	0.97
0.491525423728814	2	43	0.97
0.115384615384615	2	43	0.97
0.142857142857143	2	43	0.97
0.411764705882353	2	43	0.97
0.346153846153846	2	43	0.97
0.555555555555556	2	43	0.97
0.538461538461538	2	43	0.97
0.114285714285714	2	43	0.97
0.64	2	43	0.97
0.425925925925926	2	43	0.97
0.28	2	43	0.97
0.531914893617021	2	43	0.97
0.405405405405405	2	43	0.97
0.432835820895522	2	43	0.97
0.321428571428571	2	43	0.97
0.431818181818182	2	43	0.97
0.127272727272727	2	43	0.97
0.444444444444444	2	43	0.97
0.39622641509434	2	43	0.97
0.612903225806452	2	43	0.97
0.0943396226415094	2	43	0.97
0.142857142857143	2	43	0.97
0.423076923076923	2	43	0.97
0.387755102040816	2	43	0.97
0.684210526315789	2	43	0.97
0.351851851851852	2	43	0.97
0.492063492063492	2	43	0.97
0.133333333333333	2	43	0.97
0.434782608695652	2	43	0.97
0.485714285714286	2	43	0.97
0.5	2	43	0.97
0.529411764705882	2	43	0.97
0.375	2	43	0.97
0.430555555555556	2	43	0.97
0.5	2	43	0.97
0.538461538461538	2	43	0.97
0.480519480519481	2	43	0.97
0.509433962264151	2	43	0.97
0.46	2	43	0.97
0.571428571428571	2	43	0.97
0.446808510638298	2	43	0.97
0.41025641025641	2	43	0.97
0.333333333333333	2	43	0.97
0.540540540540541	2	43	0.97
0.5	2	43	0.97
0.476190476190476	2	43	0.97
0.421052631578947	2	43	0.97
0.571428571428571	2	43	0.97
0.078125	2	43	0.97
0.6	2	43	0.97
0.388888888888889	2	43	0.97
0.408163265306122	2	43	0.97
0.424242424242424	2	43	0.97
0.15	2	43	0.97
0.418181818181818	2	43	0.97
0.377777777777778	2	43	0.97
0.357142857142857	2	43	0.97
0.472727272727273	2	43	0.97
0.406779661016949	2	43	0.97
0.551020408163265	2	43	0.97
0.357142857142857	2	43	0.97
0.145833333333333	2	43	0.97
0.413793103448276	2	43	0.97
0.466666666666667	2	43	0.97
0.470588235294118	2	43	0.97
0.210526315789474	2	43	0.97
0.333333333333333	2	43	0.97
0.391304347826087	2	43	0.97
0.472222222222222	2	43	0.97
0.441860465116279	2	43	0.97
0.0769230769230769	2	43	0.97
0.512820512820513	2	43	0.97
0.424242424242424	2	43	0.97
0.636363636363636	2	43	0.97
0.44	2	43	0.97
0.372093023255814	2	43	0.97
0.5	2	43	0.97
0.171428571428571	2	43	0.97
0.425531914893617	2	43	0.97
0.5	2	43	0.97
0.538461538461538	2	43	0.97
0.645161290322581	2	43	0.97
0.468085106382979	2	43	0.97
0.333333333333333	2	43	0.97
0.423728813559322	2	43	0.97
0.382352941176471	2	43	0.97
0.482352941176471	2	43	0.97
0.217391304347826	2	43	0.97
0.4375	2	43	0.97
0.397260273972603	2	43	0.97
0.384615384615385	2	43	0.97
0.486486486486487	2	43	0.97
0.513888888888889	2	43	0.97
0.315789473684211	2	43	0.97
0.482142857142857	2	43	0.97
0.452380952380952	2	43	0.97
0.580645161290323	2	43	0.97
0.36	2	43	0.97
0.458333333333333	2	43	0.97
0.48936170212766	2	43	0.97
0.436363636363636	2	43	0.97
0.531914893617021	2	43	0.97
0.666666666666667	2	43	0.97
0.458333333333333	2	43	0.97
0.46551724137931	2	43	0.97
0.666666666666667	2	43	0.97
0.378378378378378	2	43	0.97
0.375	2	43	0.97
0.517241379310345	2	43	0.97
0.421052631578947	2	43	0.97
0.4	2	43	0.97
0.476190476190476	2	43	0.97
0.310344827586207	2	43	0.97
0.540983606557377	2	43	0.97
0.416666666666667	2	43	0.97
0.524590163934426	2	43	0.97
0.617021276595745	2	43	0.97
0.477272727272727	2	43	0.97
0.428571428571429	2	43	0.97
0.491803278688525	2	43	0.97
0.527777777777778	2	43	0.97
0.48	2	43	0.97
0.466666666666667	2	43	0.97
0.516129032258065	2	43	0.97
0.419753086419753	2	43	0.97
0.418181818181818	2	43	0.97
0.451612903225806	2	43	0.97
0.533333333333333	2	43	0.97
0.466666666666667	2	43	0.97
0.484375	2	43	0.97
0.551020408163265	2	43	0.97
0.44	2	43	0.97
0.115384615384615	2	43	0.97
0.490196078431373	2	43	0.97
0.559322033898305	2	43	0.97
0.464285714285714	2	43	0.97
0.564102564102564	2	43	0.97
0.142857142857143	2	43	0.97
0.448275862068966	2	43	0.97
0.242424242424242	2	43	0.97
0.5	2	43	0.97
0.439024390243902	2	43	0.97
0.48780487804878	2	43	0.97
0.466666666666667	2	43	0.97
0.48780487804878	2	43	0.97
0.547169811320755	2	43	0.97
0.431034482758621	2	43	0.97
0.46875	2	43	0.97
0.59375	2	43	0.97
0.416666666666667	2	43	0.97
0.235294117647059	2	43	0.97
0.476190476190476	2	43	0.97
0.413793103448276	2	43	0.97
0.567567567567568	2	43	0.97
0.6	2	43	0.97
0.363636363636364	2	43	0.97
0.457142857142857	2	43	0.97
0.375	2	43	0.97
0.56	2	43	0.97
0.0967741935483871	2	43	0.97
0.527777777777778	2	43	0.97
0.153846153846154	2	43	0.97
0.6	2	43	0.97
0.5	2	43	0.97
0.538461538461538	2	43	0.97
0.541666666666667	2	43	0.97
0.448979591836735	2	43	0.97
0.458333333333333	2	43	0.97
0.41025641025641	2	43	0.97
0.636363636363636	2	43	0.97
0.5	2	43	0.97
0.642857142857143	2	43	0.97
0.317460317460317	2	43	0.97
0.35	2	43	0.97
0.192307692307692	2	43	0.97
0.46	2	43	0.97
0.5	2	43	0.97
0.473684210526316	2	43	0.97
0.564516129032258	2	43	0.97
0.530612244897959	2	43	0.97
0.5	2	43	0.97
0.535714285714286	2	43	0.97
0.323529411764706	2	43	0.97
0.55	2	43	0.97
0.65625	2	43	0.97
0.470588235294118	2	43	0.97
0.655172413793103	2	43	0.97
0.459459459459459	2	43	0.97
0.466666666666667	2	43	0.97
0.2	2	43	0.97
0.125	2	43	0.97
0.5	2	43	0.97
0.428571428571429	2	43	0.97
0.285714285714286	2	43	0.97
0.5	2	43	0.97
0.384615384615385	2	43	0.97
0.470588235294118	2	43	0.97
0.347826086956522	2	43	0.97
0.375	2	43	0.97
0.342857142857143	2	43	0.97
0.103448275862069	2	43	0.97
0.6	2	43	0.97
0.703703703703704	2	43	0.97
0.235294117647059	2	43	0.97
0.531914893617021	2	43	0.97
0.541666666666667	2	43	0.97
0.583333333333333	2	43	0.97
0.428571428571429	2	43	0.97
0.0731707317073171	2	43	0.97
0.525	2	43	0.97
0.35	2	43	0.97
0.09375	2	43	0.97
0.454545454545455	2	43	0.97
0.452380952380952	2	43	0.97
0.530612244897959	2	43	0.97
0.456521739130435	2	43	0.97
0.227272727272727	2	43	0.97
0.448275862068966	2	43	0.97
0.441176470588235	2	43	0.97
0.470588235294118	2	43	0.97
0.108108108108108	2	43	0.97
0.424242424242424	2	43	0.97
0.46875	2	43	0.97
0.516129032258065	2	43	0.97
0.363636363636364	2	43	0.97
0.447368421052632	2	43	0.97
0.46875	2	43	0.97
0.461538461538462	2	43	0.97
0.466666666666667	2	43	0.97
0.377777777777778	2	43	0.97
0.425531914893617	2	43	0.97
0.48936170212766	2	43	0.97
0.642857142857143	2	43	0.97
0.333333333333333	2	43	0.97
0.444444444444444	2	43	0.97
0.533333333333333	2	43	0.97
0.441176470588235	2	43	0.97
0.375	2	43	0.97
0.5625	2	43	0.97
0.541666666666667	2	43	0.97
0.666666666666667	2	43	0.97
0.51219512195122	2	43	0.97
0.114285714285714	2	43	0.97
0.459016393442623	2	43	0.97
0.575757575757576	2	43	0.97
0.387096774193548	2	43	0.97
0.375	2	43	0.97
0.507246376811594	2	43	0.97
0.475	2	43	0.97
0.115942028985507	2	43	0.97
0.529411764705882	2	43	0.97
0.442307692307692	2	43	0.97
0.407407407407407	2	43	0.97
0.5	2	43	0.97
0.620689655172414	2	43	0.97
0.585714285714286	2	43	0.97
0.53125	2	43	0.97
0.107142857142857	2	43	0.97
0.466666666666667	2	43	0.97
0.487179487179487	2	43	0.97
0.375	2	43	0.97
0.595238095238095	2	43	0.97
0.7	2	43	0.97
0.388888888888889	2	43	0.97
0.477272727272727	2	43	0.97
0.5	2	43	0.97
0.0909090909090909	2	43	0.97
0.428571428571429	2	43	0.97
0.456140350877193	2	43	0.97
0.534883720930233	2	43	0.97
0.553191489361702	2	43	0.97
0.418181818181818	2	43	0.97
0.366666666666667	2	43	0.97
0.5	2	43	0.97
0.551724137931034	2	43	0.97
0.489795918367347	2	43	0.97
0.365853658536585	2	43	0.97
0.609756097560976	2	43	0.97
0.428571428571429	2	43	0.97
0.566037735849057	2	43	0.97
0.408163265306122	2	43	0.97
0.490196078431373	2	43	0.97
0.1	2	43	0.97
0.448275862068966	2	43	0.97
0.384615384615385	2	43	0.97
0.545454545454545	2	43	0.97
0.541666666666667	2	43	0.97
0.4375	2	43	0.97
0.207547169811321	2	43	0.97
0.338983050847458	2	43	0.97
0.447368421052632	2	43	0.97
0.48	2	43	0.97
0.5	2	43	0.97
0.58	2	43	0.97
0.391304347826087	2	43	0.97
0.529411764705882	2	43	0.97
0.5	2	43	0.97
0.446153846153846	2	43	0.97
0.421052631578947	2	43	0.97
0.454545454545455	2	43	0.97
0.448979591836735	2	43	0.97
0.5	2	43	0.97
0.5	2	43	0.97
0.55	2	43	0.97
0.0857142857142857	2	43	0.97
0.490196078431373	2	43	0.97
0.588235294117647	2	43	0.97
0.44	2	43	0.97
0.5	2	43	0.97
0.405405405405405	2	43	0.97
0.642857142857143	2	43	0.97
0.733333333333333	2	43	0.97
0.476190476190476	2	43	0.97
0.463414634146341	2	43	0.97
0.5	2	43	0.97
0.416666666666667	2	43	0.97
0.323529411764706	2	43	0.97
0.366666666666667	2	43	0.97
0.457142857142857	2	43	0.97
0.354838709677419	2	43	0.97
0.484848484848485	2	43	0.97
0.56140350877193	2	43	0.97
0.483870967741935	2	43	0.97
0.481481481481481	2	43	0.97
0.294117647058824	2	43	0.97
0.580645161290323	2	43	0.97
0.616666666666667	2	43	0.97
0.454545454545455	2	43	0.97
0.395833333333333	2	43	0.97
0.433333333333333	2	43	0.97
0.5	2	43	0.97
0.56	2	43	0.97
0.435897435897436	2	43	0.97
0.416666666666667	2	43	0.97
0.419354838709677	2	43	0.97
0.52	2	43	0.97
0.517241379310345	2	43	0.97
0.516129032258065	2	43	0.97
0.419047619047619	2	43	0.97
0.420289855072464	2	43	0.97
0.0892857142857143	2	43	0.97
0.341463414634146	2	43	0.97
0.0909090909090909	2	43	0.97
0.4	2	43	0.97
0.394736842105263	2	43	0.97
0.101694915254237	2	43	0.97
0.428571428571429	2	43	0.97
0.468085106382979	2	43	0.97
0.430769230769231	2	43	0.97
0.444444444444444	2	43	0.97
0.452830188679245	2	43	0.97
0.454545454545455	2	43	0.97
0.5	2	43	0.97
0.529411764705882	2	43	0.97
0.454545454545455	2	43	0.97
0.125	2	43	0.97
0.555555555555556	2	43	0.97
0.516129032258065	2	43	0.97
0.451612903225806	2	43	0.97
0.588235294117647	2	43	0.97
0.489795918367347	2	43	0.97
0.5	2	43	0.97
0.523076923076923	2	43	0.97
0.1	2	43	0.97
0.58974358974359	2	43	0.97
0.388888888888889	2	43	0.97
0.441860465116279	2	43	0.97
0.413793103448276	2	43	0.97
0.446428571428571	2	43	0.97
0.1	2	43	0.97
0.487179487179487	2	43	0.97
0.509803921568627	2	43	0.97
0.487179487179487	2	43	0.97
0.409090909090909	2	43	0.97
0.531914893617021	2	43	0.97
0.457142857142857	2	43	0.97
0.434782608695652	2	43	0.97
0.454545454545455	2	43	0.97
0.519230769230769	2	43	0.97
0.402597402597403	2	43	0.97
0.440677966101695	2	43	0.97
0.115384615384615	2	43	0.97
0.48936170212766	2	43	0.97
0.0833333333333333	2	43	0.97
0.4	2	43	0.97
0.5	2	43	0.97
0.6	2	43	0.97
0.189655172413793	2	43	0.97
0.431372549019608	2	43	0.97
0.411764705882353	2	43	0.97
0.515151515151515	2	43	0.97
0.545454545454545	2	43	0.97
0.620689655172414	2	43	0.97
0.142857142857143	2	43	0.97
0.466666666666667	2	43	0.97
0.0833333333333333	2	43	0.97
0.608695652173913	2	43	0.97
0.4	2	43	0.97
0.166666666666667	2	43	0.97
0.421875	2	43	0.97
0.451612903225806	2	43	0.97
0.396551724137931	2	43	0.97
0.441176470588235	2	43	0.97
0.52	2	43	0.97
0.666666666666667	2	43	0.97
0.529411764705882	2	43	0.97
0.636363636363636	2	43	0.97
0.117647058823529	2	43	0.97
0.511627906976744	2	43	0.97
0.125	2	43	0.97
0.482142857142857	2	43	0.97
0.480769230769231	2	43	0.97
0.447368421052632	2	43	0.97
0.134615384615385	2	43	0.97
0.46875	2	43	0.97
0.323529411764706	2	43	0.97
0.35	2	43	0.97
0.385964912280702	2	43	0.97
0.574468085106383	2	43	0.97
0.473684210526316	2	43	0.97
0.485294117647059	2	43	0.97
0.461538461538462	2	43	0.97
0.525	2	43	0.97
0.436363636363636	2	43	0.97
0.461538461538462	2	43	0.97
0.488888888888889	2	43	0.97
0.529411764705882	2	43	0.97
0.121212121212121	2	43	0.97
0.222222222222222	2	43	0.97
0.363636363636364	2	43	0.97
0.409090909090909	2	43	0.97
0.333333333333333	2	43	0.97
0.409090909090909	2	43	0.97
0.431818181818182	2	43	0.97
0.607142857142857	2	43	0.97
0.413793103448276	2	43	0.97
0.413793103448276	2	43	0.97
0.518518518518518	2	43	0.97
0.515151515151515	2	43	0.97
0.317073170731707	2	43	0.97
0.333333333333333	2	43	0.97
0.488372093023256	2	43	0.97
0.324324324324324	2	43	0.97
0.648648648648649	2	43	0.97
0.5	2	43	0.97
0.214285714285714	2	43	0.97
0.115384615384615	2	43	0.97
0.475	2	43	0.97
0.509803921568627	2	43	0.97
0.553191489361702	2	43	0.97
0.333333333333333	2	43	0.97
0.413793103448276	2	43	0.97
0.424242424242424	2	43	0.97
0.611111111111111	2	43	0.97
0.408163265306122	2	43	0.97
0.434782608695652	2	43	0.97
0.558823529411765	2	43	0.97
0.408163265306122	2	43	0.97
0.481481481481481	2	43	0.97
0.536231884057971	2	43	0.97
0.493975903614458	2	43	0.97
0.0857142857142857	2	43	0.97
0.3125	2	43	0.97
0.742857142857143	2	43	0.97
0.5	2	43	0.97
0.107142857142857	2	43	0.97
0.466666666666667	2	43	0.97
0.342857142857143	2	43	0.97
0.166666666666667	2	43	0.97
0.606060606060606	2	43	0.97
0.41304347826087	2	43	0.97
0.130434782608696	2	43	0.97
0.388888888888889	2	43	0.97
0.52	2	43	0.97
0.111111111111111	2	43	0.97
0.56	2	43	0.97
0.382352941176471	2	43	0.97
0.777777777777778	2	43	0.97
0.628571428571429	2	43	0.97
0.407407407407407	2	43	0.97
0.407407407407407	2	43	0.97
0.6	2	43	0.97
0.576923076923077	2	43	0.97
0.4	2	43	0.97
0.5	2	43	0.97
0.419354838709677	2	43	0.97
0.647058823529412	2	43	0.97
0.136363636363636	2	43	0.97
0.548387096774194	2	43	0.97
0.5	2	43	0.97
0.536585365853659	2	43	0.97
0.571428571428571	2	43	0.97
0.580645161290323	2	43	0.97
0.393939393939394	2	43	0.97
0.466666666666667	2	43	0.97
0.5	2	43	0.97
0.454545454545455	2	43	0.97
0.205882352941176	2	43	0.97
0.458333333333333	2	43	0.97
0.166666666666667	2	43	0.97
0.269230769230769	2	43	0.97
0.393939393939394	2	43	0.97
0.609756097560976	2	43	0.97
0.488888888888889	2	43	0.97
0.571428571428571	2	43	0.97
0.511111111111111	2	43	0.97
0.521739130434783	2	43	0.97
0.341463414634146	2	43	0.97
0.121212121212121	2	43	0.97
0.39622641509434	2	43	0.97
0.522727272727273	2	43	0.97
0.474576271186441	2	43	0.97
0.622950819672131	2	43	0.97
0.511627906976744	2	43	0.97
0.0735294117647059	2	43	0.97
0.0833333333333333	2	43	0.97
0.5	2	43	0.97
0.477272727272727	2	43	0.97
0.526315789473684	2	43	0.97
0.412698412698413	2	43	0.97
0.291666666666667	2	43	0.97
0.409836065573771	2	43	0.97
0.433962264150943	2	43	0.97
0.607142857142857	2	43	0.97
0.106060606060606	2	43	0.97
0.104477611940299	2	43	0.97
0.153846153846154	2	43	0.97
0.466666666666667	2	43	0.97
0.233333333333333	2	43	0.97
0.470588235294118	2	43	0.97
0.409090909090909	2	43	0.97
0.456140350877193	2	43	0.97
0.381818181818182	2	43	0.97
0.117647058823529	2	43	0.97
0.512820512820513	2	43	0.97
0.533333333333333	2	43	0.97
0.1	2	43	0.97
0.625	2	43	0.97
0.36	2	43	0.97
0.1	2	43	0.97
0.625	2	43	0.97
0.5	2	43	0.97
0.41025641025641	2	43	0.97
0.509803921568627	2	43	0.97
0.444444444444444	2	43	0.97
0.583333333333333	2	43	0.97
0.403846153846154	2	43	0.97
0.468085106382979	2	43	0.97
0.428571428571429	2	43	0.97
0.333333333333333	2	43	0.97
0.369565217391304	2	43	0.97
0.425925925925926	2	43	0.97
0.547169811320755	2	43	0.97
0.340909090909091	2	43	0.97
0.5	2	43	0.97
0.557692307692308	2	43	0.97
0.4	2	43	0.97
0.105263157894737	2	43	0.97
0.403846153846154	2	43	0.97
0.529411764705882	2	43	0.97
0.444444444444444	2	43	0.97
0.394366197183099	2	43	0.97
0.454545454545455	2	43	0.97
0.447368421052632	2	43	0.97
0.518072289156627	2	43	0.97
0.5	2	43	0.97
0.396825396825397	2	43	0.97
0.407407407407407	2	43	0.97
0.55	2	43	0.97
0.48	2	43	0.97
0.107692307692308	2	43	0.97
0.171875	2	43	0.97
0.56	2	43	0.97
0.463768115942029	2	43	0.97
0.4	2	43	0.97
0.354838709677419	2	43	0.97
0.4	2	43	0.97
0.470588235294118	2	43	0.97
0.0789473684210526	2	43	0.97
0.111111111111111	2	43	0.97
0.166666666666667	2	43	0.97
0.509803921568627	2	43	0.97
0.111111111111111	2	43	0.97
0.464285714285714	2	43	0.97
0.521739130434783	2	43	0.97
0.130434782608696	2	43	0.97
0.285714285714286	2	43	0.97
0.375	2	43	0.97
0.418604651162791	2	43	0.97
0.431818181818182	2	43	0.97
0.444444444444444	2	43	0.97
0.0882352941176471	2	43	0.97
0.523809523809524	2	43	0.97
0.473684210526316	2	43	0.97
0.581395348837209	2	43	0.97
0.48780487804878	2	43	0.97
0.441860465116279	2	43	0.97
0.466666666666667	2	43	0.97
0.125	2	43	0.97
0.48	2	43	0.97
0.1875	2	43	0.97
0.15	2	43	0.97
0.428571428571429	2	43	0.97
0.541666666666667	2	43	0.97
0.346938775510204	2	43	0.97
0.177777777777778	2	43	0.97
0.25	2	43	0.97
0.1	2	43	0.97
0.529411764705882	2	43	0.97
0.416666666666667	2	43	0.97
0.478260869565217	2	43	0.97
0.607142857142857	2	43	0.97
0.486486486486487	2	43	0.97
0.403846153846154	2	43	0.97
0.418604651162791	2	43	0.97
0.476190476190476	2	43	0.97
0.551020408163265	2	43	0.97
0.46875	2	43	0.97
0.368421052631579	2	43	0.97
0.0806451612903226	2	43	0.97
0.405405405405405	2	43	0.97
0.653846153846154	2	43	0.97
0.595744680851064	2	43	0.97
0.421875	2	43	0.97
0.303030303030303	2	43	0.97
0.488372093023256	2	43	0.97
0.510204081632653	2	43	0.97
0.432432432432432	2	43	0.97
0.652173913043478	2	43	0.97
0.490566037735849	2	43	0.97
0.5	2	43	0.97
0.5	2	43	0.97
0.576923076923077	2	43	0.97
0.522388059701492	2	43	0.97
0.486486486486487	2	43	0.97
0.222222222222222	2	43	0.97
0.542857142857143	2	43	0.97
0.472727272727273	2	43	0.97
0.5	2	43	0.97
0.361111111111111	2	43	0.97
0.544117647058823	2	43	0.97
0.5	2	43	0.97
0.406779661016949	2	43	0.97
0.130434782608696	2	43	0.97
0.171428571428571	2	43	0.97
0.0983606557377049	2	43	0.97
0.111111111111111	2	43	0.97
0.128571428571429	2	43	0.97
0.0657894736842105	2	43	0.97
0.103896103896104	2	43	0.97
0.10958904109589	2	43	0.97
0.112676056338028	2	43	0.97
0.52	2	43	0.97
0.0518518518518519	2	43	0.97
0.568627450980392	2	43	0.97
0.0857142857142857	2	43	0.97
0.121212121212121	2	43	0.97
0.1875	2	43	0.97
0.5	2	43	0.97
0.142857142857143	2	43	0.97
0.419354838709677	2	43	0.97
0.565217391304348	2	43	0.97
0.30952380952381	2	43	0.97
0.551724137931034	2	43	0.97
0.15	2	43	0.97
0.4	2	43	0.97
0.517241379310345	2	43	0.97
0.451612903225806	2	43	0.97
0.575	2	43	0.97
0.451612903225806	2	43	0.97
0.346153846153846	2	43	0.97
0.463768115942029	2	43	0.97
0.103448275862069	2	43	0.97
0.129032258064516	2	43	0.97
0.566666666666667	2	43	0.97
0.555555555555556	2	43	0.97
0.5	2	43	0.97
0.444444444444444	2	43	0.97
0.463414634146341	2	43	0.97
0.484375	2	43	0.97
0.421052631578947	2	43	0.97
0.489795918367347	2	43	0.97
0.415094339622642	2	43	0.97
0.117647058823529	2	43	0.97
0.465116279069767	2	43	0.97
0.351351351351351	2	43	0.97
0.483870967741935	2	43	0.97
0.533333333333333	2	43	0.97
0.51063829787234	2	43	0.97
0.193548387096774	2	43	0.97
0.434782608695652	2	43	0.97
0.521739130434783	2	43	0.97
0.346153846153846	2	43	0.97
0.5	2	43	0.97
0.5	2	43	0.97
0.547619047619048	2	43	0.97
0.464285714285714	2	43	0.97
0.515151515151515	2	43	0.97
0.508771929824561	2	43	0.97
0.525423728813559	2	43	0.97
0.419354838709677	2	43	0.97
0.38	2	43	0.97
0.354838709677419	2	43	0.97
0.464285714285714	2	43	0.97
0.469387755102041	2	43	0.97
0.346153846153846	2	43	0.97
0.151515151515152	2	43	0.97
0.422222222222222	2	43	0.97
0.404761904761905	2	43	0.97
0.632352941176471	2	43	0.97
0.392156862745098	2	43	0.97
0.538461538461538	2	43	0.97
0.0681818181818182	2	43	0.97
0.463414634146341	2	43	0.97
0.5	2	43	0.97
0.517241379310345	2	43	0.97
0.5	2	43	0.97
0.526315789473684	2	43	0.97
0.555555555555556	2	43	0.97
0.310344827586207	2	43	0.97
0.5	2	43	0.97
0.491228070175439	2	43	0.97
0.409090909090909	2	43	0.97
0.518518518518518	2	43	0.97
0.472222222222222	2	43	0.97
0.1	2	43	0.97
0.520833333333333	2	43	0.97
0.4375	2	43	0.97
0.611111111111111	2	43	0.97
0.51219512195122	2	43	0.97
0.354838709677419	2	43	0.97
0.15	2	43	0.97
0.407407407407407	2	43	0.97
0.4	2	43	0.97
0.4	2	43	0.97
0.105263157894737	2	43	0.97
0.5	2	43	0.97
0.425	2	43	0.97
0.451612903225806	2	43	0.97
0.142857142857143	2	43	0.97
0.465116279069767	2	43	0.97
0.536585365853659	2	43	0.97
0.193548387096774	2	43	0.97
0.382352941176471	2	43	0.97
0.211538461538462	2	43	0.97
0.5	2	43	0.97
0.5	2	43	0.97
0.515151515151515	2	43	0.97
0.384615384615385	2	43	0.97
0.511111111111111	2	43	0.97
0.573770491803279	2	43	0.97
0.476190476190476	2	43	0.97
0.166666666666667	2	43	0.97
0.46875	2	43	0.97
0.45	2	43	0.97
0.461538461538462	2	43	0.97
0.441176470588235	2	43	0.97
0.306451612903226	2	43	0.97
0.37037037037037	2	43	0.97
0.0980392156862745	2	43	0.97
0.171428571428571	2	43	0.97
0.176470588235294	2	43	0.97
0.420289855072464	2	43	0.97
0.432835820895522	2	43	0.97
0.479166666666667	2	43	0.97
0.4	2	43	0.97
0.4	2	43	0.97
0.431372549019608	2	43	0.97
0.576923076923077	2	43	0.97
0.151515151515152	2	43	0.97
0.512820512820513	2	43	0.97
0.379310344827586	2	43	0.97
0.482758620689655	2	43	0.97
0.538461538461538	2	43	0.97
0.12	2	43	0.97
0.44	2	43	0.97
0.543478260869565	2	43	0.97
0.567567567567568	2	43	0.97
0.470588235294118	2	43	0.97
0.465116279069767	2	43	0.97
0.386363636363636	2	43	0.97
0.580645161290323	2	43	0.97
0.5	2	43	0.97
0.44	2	43	0.97
0.269230769230769	2	43	0.97
0.552631578947368	2	43	0.97
0.432432432432432	2	43	0.97
0.545454545454545	2	43	0.97
0.48	2	43	0.97
0.543478260869565	2	43	0.97
0.5	2	43	0.97
0.4375	2	43	0.97
0.6	2	43	0.97
0.458333333333333	2	43	0.97
0.403846153846154	2	43	0.97
0.41025641025641	2	43	0.97
0.555555555555556	2	43	0.97
0.361111111111111	2	43	0.97
0.542857142857143	2	43	0.97
0.576271186440678	2	43	0.97
0.53125	2	43	0.97
0.402985074626866	2	43	0.97
0.418604651162791	2	43	0.97
0.333333333333333	2	43	0.97
0.615384615384615	2	43	0.97
0.105263157894737	2	43	0.97
0.56140350877193	2	43	0.97
0.471698113207547	2	43	0.97
0.462962962962963	2	43	0.97
0.474576271186441	2	43	0.97
0.351851851851852	2	43	0.97
0.377777777777778	2	43	0.97
0.576923076923077	2	43	0.97
0.385964912280702	2	43	0.97
0.482758620689655	2	43	0.97
0.326530612244898	2	43	0.97
0.9	2	43	0.97
0.525	2	43	0.97
0.444444444444444	2	43	0.97
0.387096774193548	2	43	0.97
0.535714285714286	2	43	0.97
0.384615384615385	2	43	0.97
0.533333333333333	2	43	0.97
0.546875	2	43	0.97
0.0882352941176471	2	43	0.97
0.403225806451613	2	43	0.97
0.434782608695652	2	43	0.97
0.44	2	43	0.97
0.448717948717949	2	43	0.97
0.25	2	43	0.97
0.435897435897436	2	43	0.97
0.652173913043478	2	43	0.97
0.516129032258065	2	43	0.97
0.12	2	43	0.97
0.292682926829268	2	43	0.97
0.333333333333333	2	43	0.97
0.470588235294118	2	43	0.97
0.545454545454545	2	43	0.97
0.233333333333333	2	43	0.97
0.444444444444444	2	43	0.97
0.46875	2	43	0.97
0.4	2	43	0.97
0.307692307692308	2	43	0.97
0.458333333333333	2	43	0.97
0.193548387096774	2	43	0.97
0.346153846153846	2	43	0.97
0.536585365853659	2	43	0.97
0.361702127659574	2	43	0.97
0.407407407407407	2	43	0.97
0.524590163934426	2	43	0.97
0.536231884057971	2	43	0.97
0.484375	2	43	0.97
0.392857142857143	2	43	0.97
0.0568181818181818	2	43	0.97
0.0769230769230769	2	43	0.97
0.0549450549450549	2	43	0.97
0.538461538461538	2	43	0.97
0.490196078431373	2	43	0.97
0.426470588235294	2	43	0.97
0.509803921568627	2	43	0.97
0.506666666666667	2	43	0.97
0.372093023255814	2	43	0.97
0.342105263157895	2	43	0.97
0.634146341463415	2	43	0.97
0.0606060606060606	2	43	0.97
0.0606060606060606	2	43	0.97
0.484848484848485	2	43	0.97
0.461538461538462	2	43	0.97
0.2	2	43	0.97
0.482142857142857	2	43	0.97
0.425925925925926	2	43	0.97
0.514285714285714	2	43	0.97
0.513513513513513	2	43	0.97
0.416666666666667	2	43	0.97
0.428571428571429	2	43	0.97
0.403846153846154	2	43	0.97
0.470588235294118	2	43	0.97
0.441860465116279	2	43	0.97
0.538461538461538	2	43	0.97
0.522727272727273	2	43	0.97
0.136363636363636	2	43	0.97
0.0833333333333333	2	43	0.97
0.489795918367347	2	43	0.97
0.148148148148148	2	43	0.97
0.514285714285714	2	43	0.97
0.54	2	43	0.97
0.470588235294118	2	43	0.97
0.439393939393939	2	43	0.97
0.5	2	43	0.97
0.0819672131147541	2	43	0.97
0.447368421052632	2	43	0.97
0.581395348837209	2	43	0.97
0.402985074626866	2	43	0.97
0.48780487804878	2	43	0.97
0.5	2	43	0.97
0.641509433962264	2	43	0.97
0.484375	2	43	0.97
0.441860465116279	2	43	0.97
0.487179487179487	2	43	0.97
0.488888888888889	2	43	0.97
0.235294117647059	2	43	0.97
0.4	2	43	0.97
0.450980392156863	2	43	0.97
0.428571428571429	2	43	0.97
0.448275862068966	2	43	0.97
0.0862068965517241	2	43	0.97
0.448275862068966	2	43	0.97
0.514285714285714	2	43	0.97
0.578947368421053	2	43	0.97
0.415094339622642	2	43	0.97
0.413793103448276	2	43	0.97
0.463414634146341	2	43	0.97
0.407407407407407	2	43	0.97
0.51219512195122	2	43	0.97
0.625	2	43	0.97
0.51219512195122	2	43	0.97
0.111111111111111	2	43	0.97
0.384615384615385	2	43	0.97
0.459459459459459	2	43	0.97
0.473684210526316	2	43	0.97
0.526315789473684	2	43	0.97
0.548387096774194	2	43	0.97
0.405405405405405	2	43	0.97
0.517241379310345	2	43	0.97
0.652173913043478	2	43	0.97
0.104166666666667	2	43	0.97
0.475	2	43	0.97
0.0609756097560976	2	43	0.97
0.452830188679245	2	43	0.97
0.468085106382979	2	43	0.97
0.117647058823529	2	43	0.97
0.529411764705882	2	43	0.97
0.563636363636364	2	43	0.97
0.109090909090909	2	43	0.97
0.51063829787234	2	43	0.97
0.157894736842105	2	43	0.97
0.136363636363636	2	43	0.97
0.454545454545455	2	43	0.97
0.352941176470588	2	43	0.97
0.393939393939394	2	43	0.97
0.444444444444444	2	43	0.97
0.0895522388059701	2	43	0.97
0.555555555555556	2	43	0.97
0.631578947368421	2	43	0.97
0.422222222222222	2	43	0.97
0.52	2	43	0.97
0.456140350877193	2	43	0.97
0.416666666666667	2	43	0.97
0.0617283950617284	2	43	0.97
0.444444444444444	2	43	0.97
0.486486486486487	2	43	0.97
0.606060606060606	2	43	0.97
0.407407407407407	2	43	0.97
0.0909090909090909	2	43	0.97
0.433962264150943	2	43	0.97
0.382352941176471	2	43	0.97
0.370967741935484	2	43	0.97
0.48780487804878	2	43	0.97
0.448275862068966	2	43	0.97
0.0909090909090909	2	43	0.97
0.346153846153846	2	43	0.97
0.52	2	43	0.97
0.319148936170213	2	43	0.97
0.526315789473684	2	43	0.97
0.382978723404255	2	43	0.97
0.4375	2	43	0.97
0.471698113207547	2	43	0.97
0.571428571428571	2	43	0.97
0.107142857142857	2	43	0.97
0.477272727272727	2	43	0.97
0.272727272727273	2	43	0.97
0.162162162162162	2	43	0.97
0.392156862745098	2	43	0.97
0.547619047619048	2	43	0.97
0.463768115942029	2	43	0.97
0.542857142857143	2	43	0.97
0.480769230769231	2	43	0.97
0.7	2	43	0.97
0.577777777777778	2	43	0.97
0.5	2	43	0.97
0.09375	2	43	0.97
0.457142857142857	2	43	0.97
0.431372549019608	2	43	0.97
0.0833333333333333	2	43	0.97
0.568181818181818	2	43	0.97
0.511627906976744	2	43	0.97
0.162790697674419	2	43	0.97
0.533333333333333	2	43	0.97
0.132075471698113	2	43	0.97
1	2	43	0.97
0.955882352941177	2	43	0.97
0.127659574468085	2	43	0.97
0.896551724137931	2	43	0.97
0.962962962962963	2	43	0.97
0.101694915254237	2	43	0.97
0.285714285714286	2	43	0.97
0.967741935483871	2	43	0.97
0.0793650793650794	2	43	0.97
1	2	43	0.97
0.975	2	43	0.97
0.463414634146341	2	43	0.97
0.432432432432432	2	43	0.97
0.422222222222222	2	43	0.97
0.525	2	43	0.97
0.371428571428571	2	43	0.97
0.411764705882353	2	43	0.97
0.548387096774194	2	43	0.97
0.0857142857142857	2	43	0.97
0.409090909090909	2	43	0.97
0.5	2	43	0.97
0.486486486486487	2	43	0.97
0.3	2	43	0.97
0.372093023255814	2	43	0.97
0.404761904761905	2	43	0.97
0.242424242424242	2	43	0.97
0.459459459459459	2	43	0.97
0.534883720930233	2	43	0.97
0.263157894736842	2	43	0.97
0.444444444444444	2	43	0.97
0.5	2	43	0.97
0.512820512820513	2	43	0.97
0.586206896551724	2	43	0.97
0.571428571428571	2	43	0.97
0.5	2	43	0.97
0.454545454545455	2	43	0.97
0.346153846153846	2	43	0.97
0.472222222222222	2	43	0.97
0.448979591836735	2	43	0.97
0.488888888888889	2	43	0.97
0.157894736842105	2	43	0.97
0.157894736842105	2	43	0.97
0.157894736842105	2	43	0.97
0.407407407407407	2	43	0.97
0.56140350877193	2	43	0.97
0.538461538461538	2	43	0.97
0.421052631578947	2	43	0.97
0.534883720930233	2	43	0.97
0.352941176470588	2	43	0.97
0.509433962264151	2	43	0.97
0.441176470588235	2	43	0.97
0.6	2	43	0.97
0.516129032258065	2	43	0.97
0.325	2	43	0.97
0.377777777777778	2	43	0.97
0.390243902439024	2	43	0.97
0.372093023255814	2	43	0.97
0.415094339622642	2	43	0.97
0.538461538461538	2	43	0.97
0.5	2	43	0.97
0.379310344827586	2	43	0.97
0.588235294117647	2	43	0.97
0.38961038961039	2	43	0.97
0.5	2	43	0.97
0.125	2	43	0.97
0.448275862068966	2	43	0.97
0.48	2	43	0.97
0.5	2	43	0.97
0.628571428571429	2	43	0.97
0.528089887640449	2	43	0.97
0.532258064516129	2	43	0.97
0.0789473684210526	2	43	0.97
0.469387755102041	2	43	0.97
0.352941176470588	2	43	0.97
0.09375	2	43	0.97
0.588235294117647	2	43	0.97
0.58695652173913	2	43	0.97
0.342857142857143	2	43	0.97
0.447368421052632	2	43	0.97
0.5	2	43	0.97
0.568181818181818	2	43	0.97
0.342105263157895	2	43	0.97
0.621621621621622	2	43	0.97
0.478260869565217	2	43	0.97
0.5	2	43	0.97
0.5	2	43	0.97
0.5	2	43	0.97
0.509803921568627	2	43	0.97
0.421052631578947	2	43	0.97
0.409090909090909	2	43	0.97
0.461538461538462	2	43	0.97
0.439024390243902	2	43	0.97
0.428571428571429	2	43	0.97
0.564102564102564	2	43	0.97
0.466666666666667	2	43	0.97
0.541666666666667	2	43	0.97
0.516129032258065	2	43	0.97
0.41025641025641	2	43	0.97
0.478260869565217	2	43	0.97
0.464285714285714	2	43	0.97
0.527272727272727	2	43	0.97
0.410714285714286	2	43	0.97
0.157894736842105	2	43	0.97
0.416666666666667	2	43	0.97
0.431818181818182	2	43	0.97
0.108695652173913	2	43	0.97
0.541666666666667	2	43	0.97
0.471428571428571	2	43	0.97
0.389830508474576	2	43	0.97
0.486486486486487	2	43	0.97
0.419354838709677	2	43	0.97
0.431372549019608	2	43	0.97
0.402985074626866	2	43	0.97
0.457142857142857	2	43	0.97
0.441860465116279	2	43	0.97
0.60377358490566	2	43	0.97
0.1	2	43	0.97
0.0882352941176471	2	43	0.97
0.53448275862069	2	43	0.97
0.412698412698413	2	43	0.97
0.371794871794872	2	43	0.97
0.4	2	43	0.97
0.327586206896552	2	43	0.97
0.607142857142857	2	43	0.97
0.4	2	43	0.97
0.517241379310345	2	43	0.97
0.594594594594595	2	43	0.97
0.275862068965517	2	43	0.97
0.518518518518518	2	43	0.97
0.470588235294118	2	43	0.97
0.269230769230769	2	43	0.97
0.214285714285714	2	43	0.97
0.542857142857143	2	43	0.97
0.53125	2	43	0.97
0.12	2	43	0.97
0.1	2	43	0.97
0.431034482758621	2	43	0.97
0.164705882352941	2	43	0.97
0.538461538461538	2	43	0.97
0.654545454545455	2	43	0.97
0.5	2	43	0.97
0.5	2	43	0.97
0.6	2	43	0.97
0.392156862745098	2	43	0.97
0.430769230769231	2	43	0.97
0.476190476190476	2	43	0.97
0.5	2	43	0.97
0.472222222222222	2	43	0.97
0.529411764705882	2	43	0.97
0.484848484848485	2	43	0.97
0.636363636363636	2	43	0.97
0.446428571428571	2	43	0.97
0.714285714285714	2	43	0.97
0.594594594594595	2	43	0.97
0.435483870967742	2	43	0.97
0.644444444444444	2	43	0.97
0.540540540540541	2	43	0.97
0.157894736842105	2	43	0.97
0.466666666666667	2	43	0.97
0.51219512195122	2	43	0.97
0.392857142857143	2	43	0.97
0.384615384615385	2	43	0.97
0.580645161290323	2	43	0.97
0.09375	2	43	0.97
0.481481481481481	2	43	0.97
0.372093023255814	2	43	0.97
0.475	2	43	0.97
0.55	2	43	0.97
0.56140350877193	2	43	0.97
0.555555555555556	2	43	0.97
0.528301886792453	2	43	0.97
0.535714285714286	2	43	0.97
0.526315789473684	2	43	0.97
0.43859649122807	2	43	0.97
0.148148148148148	2	43	0.97
0.432432432432432	2	43	0.97
0.5	2	43	0.97
0.451612903225806	2	43	0.97
0.333333333333333	2	43	0.97
0.5	2	43	0.97
0.54	2	43	0.97
0.394736842105263	2	43	0.97
0.12	2	43	0.97
0.541666666666667	2	43	0.97
0.0882352941176471	2	43	0.97
0.529411764705882	2	43	0.97
0.541666666666667	2	43	0.97
0.307692307692308	2	43	0.97
0.379310344827586	2	43	0.97
0.552631578947368	2	43	0.97
0.382352941176471	2	43	0.97
0.482142857142857	2	43	0.97
0.0923076923076923	2	43	0.97
0.380952380952381	2	43	0.97
0.651162790697674	2	43	0.97
0.516666666666667	2	43	0.97
0.411764705882353	2	43	0.97
0.576271186440678	2	43	0.97
0.5	2	43	0.97
0.333333333333333	2	43	0.97
0.544117647058823	2	43	0.97
0.454545454545455	2	43	0.97
0.454545454545455	2	43	0.97
0.369230769230769	2	43	0.97
0.387755102040816	2	43	0.97
0.514285714285714	2	43	0.97
0.508474576271186	2	43	0.97
0.233333333333333	2	43	0.97
0.446428571428571	2	43	0.97
0.475	2	43	0.97
0.529411764705882	2	43	0.97
0.518518518518518	2	43	0.97
0.552631578947368	2	43	0.97
0.382978723404255	2	43	0.97
0.571428571428571	2	43	0.97
0.142857142857143	2	43	0.97
0.354166666666667	2	43	0.97
0.486486486486487	2	43	0.97
0.472222222222222	2	43	0.97
0.444444444444444	2	43	0.97
0.419354838709677	2	43	0.97
0.380952380952381	2	43	0.97
0.128205128205128	2	43	0.97
0.113207547169811	2	43	0.97
0.552631578947368	2	43	0.97
0.542372881355932	2	43	0.97
0.307692307692308	2	43	0.97
0.529411764705882	2	43	0.97
0.4	2	43	0.97
0.55	2	43	0.97
0.565217391304348	2	43	0.97
0.531914893617021	2	43	0.97
0.1875	2	43	0.97
0.45	2	43	0.97
0.456521739130435	2	43	0.97
0.425	2	43	0.97
0.269230769230769	2	43	0.97
0.447368421052632	2	43	0.97
0.466666666666667	2	43	0.97
0.48	2	43	0.97
0.388888888888889	2	43	0.97
0.444444444444444	2	43	0.97
0.09375	2	43	0.97
0.444444444444444	2	43	0.97
0.458333333333333	2	43	0.97
0.583333333333333	2	43	0.97
0.454545454545455	2	43	0.97
0.230769230769231	2	43	0.97
0.382352941176471	2	43	0.97
0.379310344827586	2	43	0.97
0.520547945205479	2	43	0.97
0.542857142857143	2	43	0.97
0.148148148148148	2	43	0.97
0.5	2	43	0.97
0.409090909090909	2	43	0.97
0.586206896551724	2	43	0.97
0.302325581395349	2	43	0.97
0.357142857142857	2	43	0.97
0.394736842105263	2	43	0.97
0.520833333333333	2	43	0.97
0.470588235294118	2	43	0.97
0.5	2	43	0.97
0.604166666666667	2	43	0.97
0.428571428571429	2	43	0.97
0.44	2	43	0.97
0.482758620689655	2	43	0.97
0.4	2	43	0.97
0.321428571428571	2	43	0.97
0.1	2	43	0.97
0.6	2	43	0.97
0.611111111111111	2	43	0.97
0.342105263157895	2	43	0.97
0.307692307692308	2	43	0.97
0.107142857142857	2	43	0.97
0.483870967741935	2	43	0.97
0.519230769230769	2	43	0.97
0.483870967741935	2	43	0.97
0.448275862068966	2	43	0.97
0.568181818181818	2	43	0.97
0.228070175438596	2	43	0.97
0.0967741935483871	2	43	0.97
0.571428571428571	2	43	0.97
0.451612903225806	2	43	0.97
0.102564102564103	2	43	0.97
0.55	2	43	0.97
0.0882352941176471	2	43	0.97
0.4375	2	43	0.97
0.466666666666667	2	43	0.97
0.483870967741935	2	43	0.97
0.708333333333333	2	43	0.97
0.43859649122807	2	43	0.97
0.5	2	43	0.97
0.0909090909090909	2	43	0.97
0.0857142857142857	2	43	0.97
0.1	2	43	0.97
0.0895522388059701	2	43	0.97
0.485294117647059	2	43	0.97
0.4375	2	43	0.97
0.470588235294118	2	43	0.97
0.475409836065574	2	43	0.97
0.436619718309859	2	43	0.97
0.455696202531646	2	43	0.97
0.5	2	43	0.97
0.518518518518518	2	43	0.97
0.461538461538462	2	43	0.97
0.545454545454545	2	43	0.97
0.5	2	43	0.97
0.387096774193548	2	43	0.97
0.125	2	43	0.97
0.431818181818182	2	43	0.97
0.125	2	43	0.97
0.394736842105263	2	43	0.97
0.40625	2	43	0.97
0.444444444444444	2	43	0.97
0.425531914893617	2	43	0.97
0.448979591836735	2	43	0.97
0.490566037735849	2	43	0.97
0.6	2	43	0.97
0.523809523809524	2	43	0.97
0.517241379310345	2	43	0.97
0.527777777777778	2	43	0.97
0.540540540540541	2	43	0.97
0.3125	2	43	0.97
0.575	2	43	0.97
0.258064516129032	2	43	0.97
0.555555555555556	2	43	0.97
0.540540540540541	2	43	0.97
0.516129032258065	2	43	0.97
0.457142857142857	2	43	0.97
0.476190476190476	2	43	0.97
0.545454545454545	2	43	0.97
0.425	2	43	0.97
0.163636363636364	2	43	0.97
0.25	2	43	0.97
0.466666666666667	2	43	0.97
0.393939393939394	2	43	0.97
0.390243902439024	2	43	0.97
0.327272727272727	2	43	0.97
0.0967741935483871	2	43	0.97
0.285714285714286	2	43	0.97
0.553571428571429	2	43	0.97
0.5	2	43	0.97
0.148148148148148	2	43	0.97
0.52	2	43	0.97
0.483870967741935	2	43	0.97
0.941176470588235	2	43	0.97
0.225806451612903	2	43	0.97
0.595238095238095	2	43	0.97
0.121212121212121	2	43	0.97
0.1	2	43	0.97
0.305555555555556	2	43	0.97
0.0923076923076923	2	43	0.97
0.456521739130435	2	43	0.97
0.536231884057971	2	43	0.97
0.448979591836735	2	43	0.97
0.428571428571429	2	43	0.97
0.612903225806452	2	43	0.97
0.466666666666667	2	43	0.97
0.358974358974359	2	43	0.97
0.111111111111111	2	43	0.97
0.111111111111111	2	43	0.97
0.314285714285714	2	43	0.97
0.407407407407407	2	43	0.97
0.352941176470588	2	43	0.97
0.333333333333333	2	43	0.97
0.4875	2	43	0.97
0.814814814814815	2	43	0.97
0.508474576271186	2	43	0.97
0.425925925925926	2	43	0.97
0.408163265306122	2	43	0.97
0.4375	2	43	0.97
0.08	2	43	0.97
0.35	2	43	0.97
0.5	2	43	0.97
0.0972222222222222	2	43	0.97
0.45	2	43	0.97
0.390625	2	43	0.97
0.275	2	43	0.97
0.432432432432432	2	43	0.97
0.527777777777778	2	43	0.97
0.564102564102564	2	43	0.97
0.324324324324324	2	43	0.97
0.48	2	43	0.97
0.448275862068966	2	43	0.97
0.56	2	43	0.97
0.41025641025641	2	43	0.97
0.549019607843137	2	43	0.97
0.526315789473684	2	43	0.97
0.391304347826087	2	43	0.97
0.638888888888889	2	43	0.97
0.469387755102041	2	43	0.97
0.415384615384615	2	43	0.97
0.352941176470588	2	43	0.97
0.5	2	43	0.97
0.461538461538462	2	43	0.97
0.395348837209302	2	43	0.97
0.507042253521127	2	43	0.97
0.393939393939394	2	43	0.97
0.48	2	43	0.97
0.413793103448276	2	43	0.97
0.538461538461538	2	43	0.97
0.51063829787234	2	43	0.97
0.542857142857143	2	43	0.97
0.395348837209302	2	43	0.97
0.333333333333333	2	43	0.97
0.56140350877193	2	43	0.97
0.121212121212121	2	43	0.97
0.409836065573771	2	43	0.97
0.466666666666667	2	43	0.97
0.612244897959184	2	43	0.97
0.189189189189189	2	43	0.97
0.189189189189189	2	43	0.97
0.292307692307692	2	43	0.97
0.444444444444444	2	43	0.97
0.545454545454545	2	43	0.97
0.3	2	43	0.97
0.156862745098039	2	43	0.97
0.428571428571429	2	43	0.97
0.411764705882353	2	43	0.97
0.4375	2	43	0.97
0.419354838709677	2	43	0.97
0.515151515151515	2	43	0.97
0.5	2	43	0.97
0.60655737704918	2	43	0.97
0.631578947368421	2	43	0.97
0.555555555555556	2	43	0.97
0.714285714285714	2	43	0.97
0.0675675675675676	2	43	0.97
0.463768115942029	2	43	0.97
0.0632911392405063	2	43	0.97
0.47887323943662	2	43	0.97
0.53030303030303	2	43	0.97
0.0645161290322581	2	43	0.97
0.455882352941176	2	43	0.97
0.434782608695652	2	43	0.97
0.491228070175439	2	43	0.97
0.543478260869565	2	43	0.97
0.475	2	43	0.97
0.5	2	43	0.97
0.475	2	43	0.97
0.4375	2	43	0.97
0.448275862068966	2	43	0.97
0.247422680412371	2	43	0.97
0.6	2	43	0.97
0.422222222222222	2	43	0.97
0.485714285714286	2	43	0.97
0.384615384615385	2	43	0.97
0.433333333333333	2	43	0.97
0.525	2	43	0.97
0.591836734693878	2	43	0.97
0.476190476190476	2	43	0.97
0.0819672131147541	2	43	0.97
0.333333333333333	2	43	0.97
0.491803278688525	2	43	0.97
0.48	2	43	0.97
0.727272727272727	2	43	0.97
0.465753424657534	2	43	0.97
0.44	2	43	0.97
0.375	2	43	0.97
0.476190476190476	2	43	0.97
0.431818181818182	2	43	0.97
0.145454545454545	2	43	0.97
0.428571428571429	2	43	0.97
0.361111111111111	2	43	0.97
0.444444444444444	2	43	0.97
0.517857142857143	2	43	0.97
0.37037037037037	2	43	0.97
0.547619047619048	2	43	0.97
0.482758620689655	2	43	0.97
0.461538461538462	2	43	0.97
0.567567567567568	2	43	0.97
0.5	2	43	0.97
0.518518518518518	2	43	0.97
0.441860465116279	2	43	0.97
0.416666666666667	2	43	0.97
0.384615384615385	2	43	0.97
0.461538461538462	2	43	0.97
0.428571428571429	2	43	0.97
0.466666666666667	2	43	0.97
0.428571428571429	2	43	0.97
0.545454545454545	2	43	0.97
0.230769230769231	2	43	0.97
0.476190476190476	2	43	0.97
0.527272727272727	2	43	0.97
0.509433962264151	2	43	0.97
0.476190476190476	2	43	0.97
0.157894736842105	2	43	0.97
0.41025641025641	2	43	0.97
0.552631578947368	2	43	0.97
0.446428571428571	2	43	0.97
0.442622950819672	2	43	0.97
0.396825396825397	2	43	0.97
0.5	2	43	0.97
0.175	2	43	0.97
0.407407407407407	2	43	0.97
0.6	2	43	0.97
0.493333333333333	2	43	0.97
0.475	2	43	0.97
0.527777777777778	2	43	0.97
0.387755102040816	2	43	0.97
0.531914893617021	2	43	0.97
0.45	2	43	0.97
0.615384615384615	2	43	0.97
0.285714285714286	2	43	0.97
0.631578947368421	2	43	0.97
0.424242424242424	2	43	0.97
0.545454545454545	2	43	0.97
0.473684210526316	2	43	0.97
0.375	2	43	0.97
0.446428571428571	2	43	0.97
0.234042553191489	2	43	0.97
0.391304347826087	2	43	0.97
0.442622950819672	2	43	0.97
0.489795918367347	2	43	0.97
0.455882352941176	2	43	0.97
0.459459459459459	2	43	0.97
0.428571428571429	2	43	0.97
0.55	2	43	0.97
0.244444444444444	2	43	0.97
0.136363636363636	2	43	0.97
0.382978723404255	2	43	0.97
0.423076923076923	2	43	0.97
0.37037037037037	2	43	0.97
0.428571428571429	2	43	0.97
0.472222222222222	2	43	0.97
0.5	2	43	0.97
0.385964912280702	2	43	0.97
0.333333333333333	2	43	0.97
0.390625	2	43	0.97
0.511111111111111	2	43	0.97
0.486486486486487	2	43	0.97
0.444444444444444	2	43	0.97
0.4	2	43	0.97
0.419354838709677	2	43	0.97
0.5	2	43	0.97
0.414634146341463	2	43	0.97
0.419354838709677	2	43	0.97
0.425925925925926	2	43	0.97
0.51063829787234	2	43	0.97
0.64	2	43	0.97
0.51219512195122	2	43	0.97
0.210526315789474	2	43	0.97
0.195121951219512	2	43	0.97
0.518518518518518	2	43	0.97
0.5	2	43	0.97
0.117647058823529	2	43	0.97
0.142857142857143	2	43	0.97
0.594594594594595	2	43	0.97
0.159420289855072	2	43	0.97
0.394736842105263	2	43	0.97
0.466666666666667	2	43	0.97
0.457142857142857	2	43	0.97
0.543859649122807	2	43	0.97
0.529411764705882	2	43	0.97
0.5	2	43	0.97
0.560975609756098	2	43	0.97
0.431372549019608	2	43	0.97
0.0882352941176471	2	43	0.97
0.558139534883721	2	43	0.97
0.45	2	43	0.97
0.483870967741935	2	43	0.97
0.485294117647059	2	43	0.97
0.41025641025641	2	43	0.97
0.581395348837209	2	43	0.97
0.2	2	43	0.97
0.48936170212766	2	43	0.97
0.0694444444444444	2	43	0.97
0.526315789473684	2	43	0.97
0.314285714285714	2	43	0.97
0.314285714285714	2	43	0.97
0.4	2	43	0.97
0.428571428571429	2	43	0.97
0.536585365853659	2	43	0.97
0.571428571428571	2	43	0.97
0.5625	2	43	0.97
0.372549019607843	2	43	0.97
0.325	2	43	0.97
0.454545454545455	2	43	0.97
0.560606060606061	2	43	0.97
0.523809523809524	2	43	0.97
0.46	2	43	0.97
0.478260869565217	2	43	0.97
0.5	2	43	0.97
0.492957746478873	2	43	0.97
0.485714285714286	2	43	0.97
0.555555555555556	2	43	0.97
0.620689655172414	2	43	0.97
0.166666666666667	2	43	0.97
0.55	2	43	0.97
0.415094339622642	2	43	0.97
0.666666666666667	2	43	0.97
0.5	2	43	0.97
0.394736842105263	2	43	0.97
0.0983606557377049	2	43	0.97
0.511111111111111	2	43	0.97
0.0714285714285714	2	43	0.97
0.511627906976744	2	43	0.97
0.558139534883721	2	43	0.97
0.409090909090909	2	43	0.97
0.448275862068966	2	43	0.97
0.46551724137931	2	43	0.97
0.125	2	43	0.97
0.388888888888889	2	43	0.97
0.45	2	43	0.97
0.485714285714286	2	43	0.97
0.545454545454545	2	43	0.97
0.366666666666667	2	43	0.97
0.416666666666667	2	43	0.97
0.51063829787234	2	43	0.97
0.5	2	43	0.97
0.454545454545455	2	43	0.97
0.351351351351351	2	43	0.97
0.5	2	43	0.97
0.434782608695652	2	43	0.97
0.297297297297297	2	43	0.97
0.545454545454545	2	43	0.97
0.473684210526316	2	43	0.97
0.5	2	43	0.97
0.515151515151515	2	43	0.97
0.21875	2	43	0.97
0.0694444444444444	2	43	0.97
0.111111111111111	2	43	0.97
0.568627450980392	2	43	0.97
0.304347826086957	2	43	0.97
0.0704225352112676	2	43	0.97
0.605263157894737	2	43	0.97
0.46875	2	43	0.97
0.533333333333333	2	43	0.97
0.413793103448276	2	43	0.97
0.636363636363636	2	43	0.97
0.441860465116279	2	43	0.97
0.444444444444444	2	43	0.97
0.605263157894737	2	43	0.97
0.365853658536585	2	43	0.97
0.48	2	43	0.97
0.447368421052632	2	43	0.97
0.4	2	43	0.97
0.472727272727273	2	43	0.97
0.386363636363636	2	43	0.97
0.478260869565217	2	43	0.97
0.395833333333333	2	43	0.97
0.475409836065574	2	43	0.97
0.521739130434783	2	43	0.97
0.453125	2	43	0.97
0.555555555555556	2	43	0.97
0.478260869565217	2	43	0.97
0.523809523809524	2	43	0.97
0.518518518518518	2	43	0.97
0.428571428571429	2	43	0.97
0.0666666666666667	2	43	0.97
0.638297872340426	2	43	0.97
0.53448275862069	2	43	0.97
0.48	2	43	0.97
0.472222222222222	2	43	0.97
0.39344262295082	2	43	0.97
0.350877192982456	2	43	0.97
0.25	2	43	0.97
0.439024390243902	2	43	0.97
0.538461538461538	2	43	0.97
0.5	2	43	0.97
0.404761904761905	2	43	0.97
0.418918918918919	2	43	0.97
0.525641025641026	2	43	0.97
0.0972222222222222	2	43	0.97
0.16	2	43	0.97
0.461538461538462	2	43	0.97
0.512820512820513	2	43	0.97
0.529411764705882	2	43	0.97
0.106382978723404	2	43	0.97
0.384615384615385	2	43	0.97
0.478260869565217	2	43	0.97
0.473684210526316	2	43	0.97
0.448275862068966	2	43	0.97
0.552631578947368	2	43	0.97
0.309090909090909	2	43	0.97
0.423076923076923	2	43	0.97
0.457142857142857	2	43	0.97
0.591836734693878	2	43	0.97
0.487179487179487	2	43	0.97
0.5	2	43	0.97
0.454545454545455	2	43	0.97
0.37037037037037	2	43	0.97
0.454545454545455	2	43	0.97
0.515151515151515	2	43	0.97
0.62962962962963	2	43	0.97
0.421052631578947	2	43	0.97
0.458333333333333	2	43	0.97
0.566037735849057	2	43	0.97
0.372093023255814	2	43	0.97
0.45	2	43	0.97
0.303030303030303	2	43	0.97
0.428571428571429	2	43	0.97
0.444444444444444	2	43	0.97
0.0746268656716418	2	43	0.97
0.540983606557377	2	43	0.97
0.46875	2	43	0.97
0.5	2	43	0.97
0.387096774193548	2	43	0.97
0.395833333333333	2	43	0.97
0.433962264150943	2	43	0.97
0.568627450980392	2	43	0.97
0.432432432432432	2	43	0.97
0.516129032258065	2	43	0.97
1	2	43	0.97
1	2	43	0.97
0.32258064516129	2	43	0.97
0.461538461538462	2	43	0.97
0.258064516129032	2	43	0.97
0.0779220779220779	2	43	0.97
0.378378378378378	2	43	0.97
0.490566037735849	2	43	0.97
0.458333333333333	2	43	0.97
0.0819672131147541	2	43	0.97
0.6	2	43	0.97
0.421052631578947	2	43	0.97
0.441860465116279	2	43	0.97
0.13953488372093	2	43	0.97
0.4	2	43	0.97
0.222222222222222	2	43	0.97
0.45	2	43	0.97
0.166666666666667	2	43	0.97
0.56	2	43	0.97
0.125	2	43	0.97
0.472727272727273	2	43	0.97
0.633333333333333	2	43	0.97
0.358974358974359	2	43	0.97
0.458333333333333	2	43	0.97
0.521739130434783	2	43	0.97
0.441176470588235	2	43	0.97
0.1875	2	43	0.97
0.511111111111111	2	43	0.97
0.363636363636364	2	43	0.97
0.454545454545455	2	43	0.97
0.509803921568627	2	43	0.97
0.526315789473684	2	43	0.97
0.5	2	43	0.97
0.642857142857143	2	43	0.97
0.0892857142857143	2	43	0.97
0.517241379310345	2	43	0.97
0.468085106382979	2	43	0.97
0.408450704225352	2	43	0.97
0.101694915254237	2	43	0.97
0.414634146341463	2	43	0.97
0.147058823529412	2	43	0.97
0.419354838709677	2	43	0.97
0.543478260869565	2	43	0.97
0.441176470588235	2	43	0.97
0.4	2	43	0.97
0.490196078431373	2	43	0.97
0.342105263157895	2	43	0.97
0.432432432432432	2	43	0.97
0.101449275362319	2	43	0.97
0.590909090909091	2	43	0.97
0.475409836065574	2	43	0.97
0.5	2	43	0.97
0.5	2	43	0.97
0.442857142857143	2	43	0.97
0.347826086956522	2	43	0.97
0.58974358974359	2	43	0.97
0.818181818181818	2	43	0.97
0.394736842105263	2	43	0.97
0.5	2	43	0.97
0.102040816326531	2	43	0.97
0.566666666666667	2	43	0.97
0.516666666666667	2	43	0.97
0.289473684210526	2	43	0.97
0.352941176470588	2	43	0.97
0.511627906976744	2	43	0.97
0.666666666666667	2	43	0.97
0.404761904761905	2	43	0.97
0.416666666666667	2	43	0.97
0.333333333333333	2	43	0.97
0.534246575342466	2	43	0.97
0.368421052631579	2	43	0.97
0.410714285714286	2	43	0.97
0.0649350649350649	2	43	0.97
0.432835820895522	2	43	0.97
0.442307692307692	2	43	0.97
0.452380952380952	2	43	0.97
0.422222222222222	2	43	0.97
