VAF	CN	avg.depth	purity
0.333333333333333	1	18	0.93
0.8	1	18	0.93
0.80952380952381	1	18	0.93
0.777777777777778	1	18	0.93
0.818181818181818	1	18	0.93
0.2	2	32	0.93
0.142857142857143	2	32	0.93
0.368421052631579	2	32	0.93
0.111111111111111	2	32	0.93
0.346153846153846	2	32	0.93
0.4	2	32	0.93
0.578947368421053	2	32	0.93
0.25	2	32	0.93
0.363636363636364	2	32	0.93
0.225806451612903	2	32	0.93
0.378378378378378	2	32	0.93
0.142857142857143	2	32	0.93
0.234042553191489	2	32	0.93
0.24	2	32	0.93
0.146341463414634	2	32	0.93
0.419354838709677	2	32	0.93
0.28125	2	32	0.93
0.473684210526316	2	32	0.93
0.512820512820513	2	32	0.93
0.146341463414634	2	32	0.93
0.423076923076923	2	32	0.93
0.518518518518518	2	32	0.93
0.15	2	32	0.93
0.272727272727273	2	32	0.93
0.1875	2	32	0.93
0.482758620689655	2	32	0.93
0.413793103448276	2	32	0.93
0.439024390243902	2	32	0.93
0.408163265306122	2	32	0.93
0.578947368421053	2	32	0.93
0.451612903225806	2	32	0.93
0.162162162162162	2	32	0.93
0.146341463414634	2	32	0.93
0.222222222222222	2	32	0.93
0.148148148148148	2	32	0.93
0.379310344827586	2	32	0.93
0.565217391304348	2	32	0.93
0.375	2	32	0.93
0.105263157894737	2	32	0.93
0.722222222222222	2	32	0.93
0.25	2	32	0.93
0.526315789473684	2	32	0.93
0.361111111111111	2	32	0.93
0.633333333333333	2	32	0.93
0.382352941176471	2	32	0.93
0.142857142857143	2	32	0.93
0.155555555555556	2	32	0.93
0.318181818181818	2	32	0.93
0.59375	2	32	0.93
0.361111111111111	2	32	0.93
0.513513513513513	2	32	0.93
0.379310344827586	2	32	0.93
0.456521739130435	2	32	0.93
0.428571428571429	2	32	0.93
0.382352941176471	2	32	0.93
0.423076923076923	2	32	0.93
0.384615384615385	2	32	0.93
0.545454545454545	2	32	0.93
0.44	2	32	0.93
0.458333333333333	2	32	0.93
0.137931034482759	2	32	0.93
0.310344827586207	2	32	0.93
0.6	2	32	0.93
0.375	2	32	0.93
0.51219512195122	2	32	0.93
0.230769230769231	2	32	0.93
0.2	2	32	0.93
0.444444444444444	2	32	0.93
0.481481481481481	2	32	0.93
0.545454545454545	2	32	0.93
0.222222222222222	2	32	0.93
0.409090909090909	2	32	0.93
0.483870967741935	2	32	0.93
0.545454545454545	2	32	0.93
0.153846153846154	2	32	0.93
0.272727272727273	2	32	0.93
0.272727272727273	2	32	0.93
0.232558139534884	2	32	0.93
0.5	2	32	0.93
0.441176470588235	2	32	0.93
0.5	2	32	0.93
0.620689655172414	2	32	0.93
0.463414634146341	2	32	0.93
0.375	2	32	0.93
0.59375	2	32	0.93
0.189189189189189	2	32	0.93
0.435897435897436	2	32	0.93
0.425	2	32	0.93
0.384615384615385	2	32	0.93
0.653846153846154	2	32	0.93
0.394736842105263	2	32	0.93
0.423076923076923	2	32	0.93
0.468085106382979	2	32	0.93
0.307692307692308	2	32	0.93
0.266666666666667	2	32	0.93
0.583333333333333	2	32	0.93
0.545454545454545	2	32	0.93
0.454545454545455	2	32	0.93
0.472222222222222	2	32	0.93
0.451612903225806	2	32	0.93
0.525	2	32	0.93
0.466666666666667	2	32	0.93
0.227272727272727	2	32	0.93
0.419354838709677	2	32	0.93
0.384615384615385	2	32	0.93
0.545454545454545	2	32	0.93
0.285714285714286	2	32	0.93
0.567567567567568	2	32	0.93
0.159090909090909	2	32	0.93
0.4	2	32	0.93
0.318181818181818	2	32	0.93
0.487179487179487	2	32	0.93
0.535714285714286	2	32	0.93
0.428571428571429	2	32	0.93
0.24	2	32	0.93
0.0909090909090909	2	32	0.93
0.325	2	32	0.93
0.529411764705882	2	32	0.93
0.387096774193548	2	32	0.93
0.136363636363636	2	32	0.93
0.382352941176471	2	32	0.93
0.4375	2	32	0.93
0.521739130434783	2	32	0.93
0.371428571428571	2	32	0.93
0.4375	2	32	0.93
0.119047619047619	2	32	0.93
0.4	2	32	0.93
0.318181818181818	2	32	0.93
0.125	2	32	0.93
0.527777777777778	2	32	0.93
0.392857142857143	2	32	0.93
0.558823529411765	2	32	0.93
0.361111111111111	2	32	0.93
0.214285714285714	2	32	0.93
0.5	2	32	0.93
0.578947368421053	2	32	0.93
0.422222222222222	2	32	0.93
0.4	2	32	0.93
0.5	2	32	0.93
0.577777777777778	2	32	0.93
0.13953488372093	2	32	0.93
0.34375	2	32	0.93
0.4	2	32	0.93
0.366666666666667	2	32	0.93
0.379310344827586	2	32	0.93
0.416666666666667	2	32	0.93
0.25	2	32	0.93
0.272727272727273	2	32	0.93
0.3	2	32	0.93
0.538461538461538	2	32	0.93
0.318181818181818	2	32	0.93
0.590909090909091	2	32	0.93
0.428571428571429	2	32	0.93
0.352941176470588	2	32	0.93
0.542857142857143	2	32	0.93
0.580645161290323	2	32	0.93
0.358974358974359	2	32	0.93
0.441860465116279	2	32	0.93
0.130434782608696	2	32	0.93
0.327272727272727	2	32	0.93
0.548387096774194	2	32	0.93
0.304347826086957	2	32	0.93
0.516666666666667	2	32	0.93
0.424242424242424	2	32	0.93
0.171428571428571	2	32	0.93
0.473684210526316	2	32	0.93
0.4	2	32	0.93
0.486486486486487	2	32	0.93
0.230769230769231	2	32	0.93
0.461538461538462	2	32	0.93
0.48	2	32	0.93
0.421052631578947	2	32	0.93
0.538461538461538	2	32	0.93
0.282051282051282	2	32	0.93
0.243243243243243	2	32	0.93
0.514285714285714	2	32	0.93
0.4375	2	32	0.93
0.576923076923077	2	32	0.93
0.291666666666667	2	32	0.93
0.5625	2	32	0.93
0.439024390243902	2	32	0.93
0.425	2	32	0.93
0.473684210526316	2	32	0.93
0.478260869565217	2	32	0.93
0.46875	2	32	0.93
0.28	2	32	0.93
0.434782608695652	2	32	0.93
0.5	2	32	0.93
0.230769230769231	2	32	0.93
0.733333333333333	2	32	0.93
0.333333333333333	2	32	0.93
0.470588235294118	2	32	0.93
0.171428571428571	2	32	0.93
0.333333333333333	2	32	0.93
0.147058823529412	2	32	0.93
0.368421052631579	2	32	0.93
0.4375	2	32	0.93
0.470588235294118	2	32	0.93
0.519230769230769	2	32	0.93
0.127272727272727	2	32	0.93
0.321428571428571	2	32	0.93
0.395348837209302	2	32	0.93
0.372093023255814	2	32	0.93
0.186046511627907	2	32	0.93
0.428571428571429	2	32	0.93
0.461538461538462	2	32	0.93
0.311111111111111	2	32	0.93
0.631578947368421	2	32	0.93
0.461538461538462	2	32	0.93
0.511627906976744	2	32	0.93
0.638888888888889	2	32	0.93
0.483870967741935	2	32	0.93
0.393939393939394	2	32	0.93
0.482758620689655	2	32	0.93
0.375	2	32	0.93
0.5	2	32	0.93
0.473684210526316	2	32	0.93
0.428571428571429	2	32	0.93
0.5	2	32	0.93
0.555555555555556	2	32	0.93
0.333333333333333	2	32	0.93
0.444444444444444	2	32	0.93
0.145833333333333	2	32	0.93
0.142857142857143	2	32	0.93
0.525	2	32	0.93
0.302325581395349	2	32	0.93
0.466666666666667	2	32	0.93
0.513513513513513	2	32	0.93
0.485714285714286	2	32	0.93
0.482758620689655	2	32	0.93
0.448275862068966	2	32	0.93
0.55	2	32	0.93
0.382352941176471	2	32	0.93
0.448979591836735	2	32	0.93
0.428571428571429	2	32	0.93
0.431818181818182	2	32	0.93
0.541666666666667	2	32	0.93
0.444444444444444	2	32	0.93
0.62	2	32	0.93
0.352941176470588	2	32	0.93
0.235294117647059	2	32	0.93
0.365853658536585	2	32	0.93
0.159090909090909	2	32	0.93
0.173913043478261	2	32	0.93
0.5	2	32	0.93
0.46875	2	32	0.93
0.326923076923077	2	32	0.93
0.375	2	32	0.93
0.48	2	32	0.93
0.428571428571429	2	32	0.93
0.102040816326531	2	32	0.93
0.3125	2	32	0.93
0.121212121212121	2	32	0.93
0.162162162162162	2	32	0.93
0.6	2	32	0.93
0.235294117647059	2	32	0.93
0.146341463414634	2	32	0.93
0.176470588235294	2	32	0.93
0.484848484848485	2	32	0.93
0.230769230769231	2	32	0.93
0.166666666666667	2	32	0.93
0.441860465116279	2	32	0.93
0.27906976744186	2	32	0.93
0.5	2	32	0.93
0.545454545454545	2	32	0.93
0.44	2	32	0.93
0.184210526315789	2	32	0.93
0.454545454545455	2	32	0.93
0.311111111111111	2	32	0.93
0.405405405405405	2	32	0.93
0.333333333333333	2	32	0.93
0.179487179487179	2	32	0.93
0.138888888888889	2	32	0.93
0.4375	2	32	0.93
0.52	2	32	0.93
0.393939393939394	2	32	0.93
0.525	2	32	0.93
0.409090909090909	2	32	0.93
0.528301886792453	2	32	0.93
0.171428571428571	2	32	0.93
0.162162162162162	2	32	0.93
0.36	2	32	0.93
0.35	2	32	0.93
0.363636363636364	2	32	0.93
0.527777777777778	2	32	0.93
0.444444444444444	2	32	0.93
0.25	2	32	0.93
0.382352941176471	2	32	0.93
0.114285714285714	2	32	0.93
0.46875	2	32	0.93
0.193548387096774	2	32	0.93
0.162162162162162	2	32	0.93
0.441860465116279	2	32	0.93
0.52	2	32	0.93
1	2	32	0.93
0.210526315789474	2	32	0.93
0.555555555555556	2	32	0.93
0.461538461538462	2	32	0.93
0.277777777777778	2	32	0.93
0.257142857142857	2	32	0.93
0.176470588235294	2	32	0.93
0.28125	2	32	0.93
0.40625	2	32	0.93
0.333333333333333	2	32	0.93
0.333333333333333	2	32	0.93
0.517241379310345	2	32	0.93
0.238095238095238	2	32	0.93
0.24	2	32	0.93
0.25	2	32	0.93
0.444444444444444	2	32	0.93
0.155555555555556	2	32	0.93
0.368421052631579	2	32	0.93
0.411764705882353	2	32	0.93
0.340909090909091	2	32	0.93
0.323529411764706	2	32	0.93
0.379310344827586	2	32	0.93
0.257142857142857	2	32	0.93
0.176470588235294	2	32	0.93
0.206896551724138	2	32	0.93
0.2	2	32	0.93
0.461538461538462	2	32	0.93
0.421052631578947	2	32	0.93
0.235294117647059	2	32	0.93
0.171428571428571	2	32	0.93
0.162162162162162	2	32	0.93
0.444444444444444	2	32	0.93
0.354838709677419	2	32	0.93
0.461538461538462	2	32	0.93
0.390243902439024	2	32	0.93
0.25	2	32	0.93
0.5	2	32	0.93
0.375	2	32	0.93
0.565217391304348	2	32	0.93
0.214285714285714	2	32	0.93
0.382352941176471	2	32	0.93
0.357142857142857	2	32	0.93
0.125	2	32	0.93
0.4375	2	32	0.93
0.371428571428571	2	32	0.93
0.611111111111111	2	32	0.93
0.375	2	32	0.93
0.189189189189189	2	32	0.93
0.5	2	32	0.93
0.454545454545455	2	32	0.93
0.514285714285714	2	32	0.93
0.291666666666667	2	32	0.93
0.555555555555556	2	32	0.93
0.166666666666667	2	32	0.93
0.146341463414634	2	32	0.93
0.366666666666667	2	32	0.93
0.289473684210526	2	32	0.93
0.423076923076923	2	32	0.93
0.166666666666667	2	32	0.93
0.285714285714286	2	32	0.93
0.428571428571429	2	32	0.93
0.125	2	32	0.93
0.325	2	32	0.93
0.6	2	32	0.93
0.411764705882353	2	32	0.93
0.130434782608696	2	32	0.93
0.405405405405405	2	32	0.93
0.179487179487179	2	32	0.93
0.153846153846154	2	32	0.93
0.433333333333333	2	32	0.93
0.588235294117647	2	32	0.93
0.157894736842105	2	32	0.93
0.366666666666667	2	32	0.93
0.181818181818182	2	32	0.93
0.2	2	32	0.93
0.916666666666667	2	32	0.93
0.363636363636364	2	32	0.93
0.5	2	32	0.93
0.166666666666667	2	32	0.93
0.176470588235294	2	32	0.93
0.147058823529412	2	32	0.93
0.875	2	32	0.93
0.5	2	32	0.93
0.684210526315789	2	32	0.93
0.333333333333333	2	32	0.93
0.525	2	32	0.93
0.459459459459459	2	32	0.93
0.423076923076923	2	32	0.93
0.571428571428571	2	32	0.93
0.363636363636364	2	32	0.93
0.153846153846154	2	32	0.93
0.346153846153846	2	32	0.93
0.3	2	32	0.93
0.129032258064516	2	32	0.93
0.272727272727273	2	32	0.93
0.525	2	32	0.93
0.44	2	32	0.93
0.428571428571429	2	32	0.93
0.535714285714286	2	32	0.93
0.4	2	32	0.93
0.414634146341463	2	32	0.93
0.594594594594595	2	32	0.93
0.285714285714286	2	32	0.93
0.365853658536585	2	32	0.93
0.354838709677419	2	32	0.93
0.228571428571429	2	32	0.93
0.324324324324324	2	32	0.93
0.380952380952381	2	32	0.93
0.333333333333333	2	32	0.93
0.384615384615385	2	32	0.93
0.193548387096774	2	32	0.93
0.258064516129032	2	32	0.93
0.171428571428571	2	32	0.93
0.151515151515152	2	32	0.93
0.571428571428571	2	32	0.93
0.230769230769231	2	32	0.93
0.458333333333333	2	32	0.93
0.380952380952381	2	32	0.93
0.142857142857143	2	32	0.93
0.25	2	32	0.93
0.423076923076923	2	32	0.93
0.318181818181818	2	32	0.93
0.529411764705882	2	32	0.93
0.285714285714286	2	32	0.93
0.428571428571429	2	32	0.93
0.416666666666667	2	32	0.93
0.5	2	32	0.93
0.40625	2	32	0.93
0.466666666666667	2	32	0.93
0.466666666666667	2	32	0.93
0.32	2	32	0.93
0.133333333333333	2	32	0.93
0.159090909090909	2	32	0.93
0.176470588235294	2	32	0.93
0.444444444444444	2	32	0.93
0.111111111111111	2	32	0.93
0.534883720930233	2	32	0.93
0.481481481481481	2	32	0.93
0.439024390243902	2	32	0.93
0.138888888888889	2	32	0.93
0.466666666666667	2	32	0.93
0.777777777777778	2	32	0.93
0.153846153846154	2	32	0.93
0.153846153846154	2	32	0.93
0.230769230769231	2	32	0.93
0.444444444444444	2	32	0.93
0.261904761904762	2	32	0.93
0.575	2	32	0.93
0.590909090909091	2	32	0.93
0.125	2	32	0.93
0.551724137931034	2	32	0.93
0.333333333333333	2	32	0.93
0.333333333333333	2	32	0.93
0.515151515151515	2	32	0.93
0.444444444444444	2	32	0.93
0.452380952380952	2	32	0.93
0.195121951219512	2	32	0.93
0.172413793103448	2	32	0.93
0.53125	2	32	0.93
0.617647058823529	2	32	0.93
0.545454545454545	2	32	0.93
0.5	2	32	0.93
0.4	2	32	0.93
0.258064516129032	2	32	0.93
0.152173913043478	2	32	0.93
0.6	2	32	0.93
0.565217391304348	2	32	0.93
0.558823529411765	2	32	0.93
0.535714285714286	2	32	0.93
0.482758620689655	2	32	0.93
0.131578947368421	2	32	0.93
0.235294117647059	2	32	0.93
0.5625	2	32	0.93
0.310344827586207	2	32	0.93
0.518518518518518	2	32	0.93
0.333333333333333	2	32	0.93
0.485714285714286	2	32	0.93
0.517241379310345	2	32	0.93
0.272727272727273	2	32	0.93
0.428571428571429	2	32	0.93
0.4	2	32	0.93
0.172413793103448	2	32	0.93
0.428571428571429	2	32	0.93
0.35	2	32	0.93
0.324324324324324	2	32	0.93
0.571428571428571	2	32	0.93
0.15	2	32	0.93
0.382352941176471	2	32	0.93
0.173913043478261	2	32	0.93
0.452380952380952	2	32	0.93
0.3	2	32	0.93
0.394736842105263	2	32	0.93
0.6	2	32	0.93
0.105263157894737	2	32	0.93
0.137254901960784	2	32	0.93
0.523809523809524	2	32	0.93
0.285714285714286	2	32	0.93
0.285714285714286	2	32	0.93
0.464285714285714	2	32	0.93
0.142857142857143	2	32	0.93
0.465116279069767	2	32	0.93
0.361111111111111	2	32	0.93
0.5	2	32	0.93
0.5	2	32	0.93
0.148148148148148	2	32	0.93
0.571428571428571	2	32	0.93
0.375	2	32	0.93
0.222222222222222	2	32	0.93
0.2	2	32	0.93
0.388888888888889	2	32	0.93
0.121212121212121	2	32	0.93
0.473684210526316	2	32	0.93
0.225	2	32	0.93
0.391304347826087	2	32	0.93
0.296296296296296	2	32	0.93
0.461538461538462	2	32	0.93
0.333333333333333	2	32	0.93
0.34375	2	32	0.93
0.714285714285714	2	32	0.93
0.789473684210526	2	32	0.93
0.166666666666667	2	32	0.93
0.452380952380952	2	32	0.93
0.172413793103448	2	32	0.93
0.272727272727273	2	32	0.93
0.382352941176471	2	32	0.93
0.4375	2	32	0.93
0.19047619047619	2	32	0.93
0.404255319148936	2	32	0.93
0.533333333333333	2	32	0.93
0.113636363636364	2	32	0.93
0.37037037037037	2	32	0.93
0.346938775510204	2	32	0.93
0.2	2	32	0.93
0.407407407407407	2	32	0.93
0.121212121212121	2	32	0.93
0.19047619047619	2	32	0.93
0.434782608695652	2	32	0.93
0.611111111111111	2	32	0.93
0.230769230769231	2	32	0.93
0.307692307692308	2	32	0.93
0.357142857142857	2	32	0.93
0.19047619047619	2	32	0.93
0.28125	2	32	0.93
0.547619047619048	2	32	0.93
0.470588235294118	2	32	0.93
0.5	2	32	0.93
0.133333333333333	2	32	0.93
0.484848484848485	2	32	0.93
0.508771929824561	2	32	0.93
0.317073170731707	2	32	0.93
0.217391304347826	2	32	0.93
0.470588235294118	2	32	0.93
0.538461538461538	2	32	0.93
0.107142857142857	2	32	0.93
0.239130434782609	2	32	0.93
0.35	2	32	0.93
0.232558139534884	2	32	0.93
0.571428571428571	2	32	0.93
0.414634146341463	2	32	0.93
0.297297297297297	2	32	0.93
0.285714285714286	2	32	0.93
0.558823529411765	2	32	0.93
0.457142857142857	2	32	0.93
0.461538461538462	2	32	0.93
0.388888888888889	2	32	0.93
0.390243902439024	2	32	0.93
0.37037037037037	2	32	0.93
0.541666666666667	2	32	0.93
0.421052631578947	2	32	0.93
0.371428571428571	2	32	0.93
0.486486486486487	2	32	0.93
0.514285714285714	2	32	0.93
0.21875	2	32	0.93
0.304347826086957	2	32	0.93
0.395348837209302	2	32	0.93
0.5625	2	32	0.93
0.277777777777778	2	32	0.93
0.235294117647059	2	32	0.93
0.46875	2	32	0.93
0.6	2	32	0.93
0.526315789473684	2	32	0.93
0.488888888888889	2	32	0.93
0.354838709677419	2	32	0.93
0.387096774193548	2	32	0.93
0.114285714285714	2	32	0.93
0.375	2	32	0.93
0.391304347826087	2	32	0.93
0.189189189189189	2	32	0.93
0.184210526315789	2	32	0.93
0.59375	2	32	0.93
0.2	2	32	0.93
0.162790697674419	2	32	0.93
0.344827586206897	2	32	0.93
0.354838709677419	2	32	0.93
0.409090909090909	2	32	0.93
0.2	2	32	0.93
0.15625	2	32	0.93
0.354838709677419	2	32	0.93
0.315789473684211	2	32	0.93
0.384615384615385	2	32	0.93
0.434782608695652	2	32	0.93
0.297297297297297	2	32	0.93
0.179487179487179	2	32	0.93
0.347826086956522	2	32	0.93
0.3	2	32	0.93
0.421052631578947	2	32	0.93
0.2	2	32	0.93
0.527777777777778	2	32	0.93
0.529411764705882	2	32	0.93
0.24	2	32	0.93
0.428571428571429	2	32	0.93
0.5	2	32	0.93
0.4	2	32	0.93
0.277777777777778	2	32	0.93
0.32	2	32	0.93
0.558823529411765	2	32	0.93
0.571428571428571	2	32	0.93
0.363636363636364	2	32	0.93
0.571428571428571	2	32	0.93
0.127659574468085	2	32	0.93
0.447368421052632	2	32	0.93
0.333333333333333	2	32	0.93
0.333333333333333	2	32	0.93
0.304347826086957	2	32	0.93
0.333333333333333	2	32	0.93
0.5	2	32	0.93
0.191489361702128	2	32	0.93
0.36	2	32	0.93
0.257142857142857	2	32	0.93
0.472222222222222	2	32	0.93
0.388888888888889	2	32	0.93
0.463414634146341	2	32	0.93
0.534883720930233	2	32	0.93
0.38	2	32	0.93
0.333333333333333	2	32	0.93
0.5	2	32	0.93
0.473684210526316	2	32	0.93
0.129032258064516	2	32	0.93
0.380952380952381	2	32	0.93
0.454545454545455	2	32	0.93
0.547619047619048	2	32	0.93
0.421052631578947	2	32	0.93
0.490196078431373	2	32	0.93
0.242424242424242	2	32	0.93
0.348837209302326	2	32	0.93
0.5	2	32	0.93
0.4	2	32	0.93
0.5	2	32	0.93
0.15	2	32	0.93
0.2	2	32	0.93
0.157894736842105	2	32	0.93
0.333333333333333	2	32	0.93
0.363636363636364	2	32	0.93
0.361111111111111	2	32	0.93
0.222222222222222	2	32	0.93
0.448275862068966	2	32	0.93
0.4	2	32	0.93
0.15	2	32	0.93
0.315789473684211	2	32	0.93
0.379310344827586	2	32	0.93
0.419354838709677	2	32	0.93
0.290322580645161	2	32	0.93
0.625	2	32	0.93
0.333333333333333	2	32	0.93
0.413793103448276	2	32	0.93
0.176470588235294	2	32	0.93
0.5	2	32	0.93
0.4	2	32	0.93
0.611111111111111	2	32	0.93
0.216216216216216	2	32	0.93
0.225806451612903	2	32	0.93
0.1875	2	32	0.93
0.444444444444444	2	32	0.93
0.171428571428571	2	32	0.93
0.411764705882353	2	32	0.93
0.5	2	32	0.93
0.482758620689655	2	32	0.93
0.352941176470588	2	32	0.93
0.275862068965517	2	32	0.93
0.470588235294118	2	32	0.93
0.483870967741935	2	32	0.93
0.375	2	32	0.93
0.379310344827586	2	32	0.93
0.21875	2	32	0.93
0.428571428571429	2	32	0.93
0.0731707317073171	2	32	0.93
0.119047619047619	2	32	0.93
0.111111111111111	2	32	0.93
0.44	2	32	0.93
0.166666666666667	2	32	0.93
0.206896551724138	2	32	0.93
0.478260869565217	2	32	0.93
0.35	2	32	0.93
0.382352941176471	2	32	0.93
0.333333333333333	2	32	0.93
0.5	2	32	0.93
0.464285714285714	2	32	0.93
0.518518518518518	2	32	0.93
0.5	2	32	0.93
0.419354838709677	2	32	0.93
0.238095238095238	3	41	0.93
0.26530612244898	3	41	0.93
0.184210526315789	3	41	0.93
0.136363636363636	3	41	0.93
0.684210526315789	3	41	0.93
0.2	3	41	0.93
0.195652173913043	3	41	0.93
0.651162790697674	3	41	0.93
0.113207547169811	3	41	0.93
0.0675675675675676	3	41	0.93
0.375	3	41	0.93
0.28	3	41	0.93
0.473684210526316	3	41	0.93
0.461538461538462	3	41	0.93
0.545454545454545	3	41	0.93
0.3	3	41	0.93
0.478260869565217	3	41	0.93
