VAF	CN	avg.depth	purity
0.461538461538462	2	16	0.95
0.941176470588235	2	16	0.95
0.526315789473684	2	16	0.95
0.428571428571429	2	16	0.95
0.380952380952381	2	16	0.95
0.583333333333333	2	16	0.95
0.428571428571429	2	16	0.95
0.48	2	16	0.95
0.333333333333333	2	16	0.95
0.375	2	16	0.95
0.387096774193548	2	16	0.95
0.583333333333333	2	16	0.95
0.363636363636364	2	16	0.95
0.5	2	16	0.95
0.428571428571429	2	16	0.95
0.933333333333333	2	16	0.95
0.444444444444444	2	16	0.95
0.727272727272727	2	16	0.95
0.588235294117647	2	16	0.95
0.588235294117647	2	16	0.95
0.538461538461538	2	16	0.95
0.666666666666667	2	16	0.95
0.666666666666667	2	16	0.95
0.4375	2	16	0.95
0.318181818181818	3	26	0.95
0.259259259259259	3	26	0.95
0.590909090909091	3	26	0.95
0.704545454545455	3	26	0.95
0.352941176470588	3	26	0.95
0.333333333333333	3	26	0.95
0.441176470588235	3	26	0.95
0.333333333333333	3	26	0.95
0.357142857142857	3	26	0.95
0.21875	3	26	0.95
0.451612903225806	3	26	0.95
0.363636363636364	3	26	0.95
0.45	3	26	0.95
0.285714285714286	3	26	0.95
0.347826086956522	3	26	0.95
0.291666666666667	3	26	0.95
0.176470588235294	3	26	0.95
0.137931034482759	3	26	0.95
0.28125	3	26	0.95
0.25	3	26	0.95
0.19047619047619	3	26	0.95
0.291666666666667	3	26	0.95
0.272727272727273	3	26	0.95
0.333333333333333	3	26	0.95
0.2	3	26	0.95
0.230769230769231	3	26	0.95
0.241379310344828	3	26	0.95
0.423076923076923	3	26	0.95
0.19047619047619	3	26	0.95
0.34375	3	26	0.95
0.25531914893617	3	26	0.95
0.548387096774194	3	26	0.95
0.8	3	26	0.95
0.615384615384615	3	26	0.95
0.307692307692308	3	26	0.95
0.461538461538462	3	26	0.95
0.297297297297297	3	26	0.95
0.36	3	26	0.95
0.3	3	26	0.95
0.297297297297297	3	26	0.95
0.36	3	26	0.95
0.333333333333333	3	26	0.95
0.185185185185185	3	26	0.95
0.227272727272727	3	26	0.95
0.371428571428571	3	26	0.95
0.365853658536585	3	26	0.95
0.225806451612903	3	26	0.95
0.227272727272727	3	26	0.95
0.5	3	26	0.95
0.285714285714286	3	26	0.95
0.444444444444444	3	26	0.95
0.25	3	26	0.95
0.205128205128205	3	26	0.95
0.461538461538462	3	26	0.95
0.454545454545455	3	26	0.95
0.1875	3	26	0.95
0.258064516129032	3	26	0.95
0.352941176470588	3	26	0.95
0.333333333333333	3	26	0.95
0.344827586206897	3	26	0.95
0.272727272727273	3	26	0.95
0.714285714285714	3	26	0.95
0.4	3	26	0.95
0.625	3	26	0.95
0.342857142857143	3	26	0.95
0.380952380952381	3	26	0.95
0.378378378378378	3	26	0.95
0.32258064516129	3	26	0.95
0.7	3	26	0.95
0.296296296296296	3	26	0.95
0.285714285714286	3	26	0.95
0.307692307692308	3	26	0.95
0.21875	3	26	0.95
0.571428571428571	3	26	0.95
0.24	3	26	0.95
0.354838709677419	3	26	0.95
0.466666666666667	3	26	0.95
0.277777777777778	3	26	0.95
0.384615384615385	3	26	0.95
0.473684210526316	3	26	0.95
0.482758620689655	3	26	0.95
0.478260869565217	3	26	0.95
0.25	3	26	0.95
0.235294117647059	3	26	0.95
0.482758620689655	3	26	0.95
0.25	3	26	0.95
0.5	3	26	0.95
0.571428571428571	3	26	0.95
0.171428571428571	3	26	0.95
0.296296296296296	3	26	0.95
0.485714285714286	3	26	0.95
0.266666666666667	3	26	0.95
0.333333333333333	3	26	0.95
0.434782608695652	3	26	0.95
0.178571428571429	3	26	0.95
0.411764705882353	3	26	0.95
0.119047619047619	3	26	0.95
0.214285714285714	3	26	0.95
0.380952380952381	3	26	0.95
0.194444444444444	3	26	0.95
0.346153846153846	3	26	0.95
0.2	3	26	0.95
0.172413793103448	3	26	0.95
0.611111111111111	3	26	0.95
0.368421052631579	3	26	0.95
0.361111111111111	3	26	0.95
0.35	3	26	0.95
0.189189189189189	3	26	0.95
0.230769230769231	3	26	0.95
0.37037037037037	3	26	0.95
0.333333333333333	3	26	0.95
0.2	3	26	0.95
0.413793103448276	3	26	0.95
0.3125	3	26	0.95
0.296296296296296	3	26	0.95
0.388888888888889	3	26	0.95
0.578947368421053	3	26	0.95
0.259259259259259	3	26	0.95
0.428571428571429	3	26	0.95
0.411764705882353	3	26	0.95
0.333333333333333	3	26	0.95
0.413793103448276	3	26	0.95
0.25	3	26	0.95
0.291666666666667	3	26	0.95
0.259259259259259	3	26	0.95
0.314285714285714	3	26	0.95
0.384615384615385	3	26	0.95
0.217391304347826	3	26	0.95
0.258064516129032	3	26	0.95
0.194444444444444	3	26	0.95
0.117647058823529	3	26	0.95
0.545454545454545	3	26	0.95
0.384615384615385	3	26	0.95
0.272727272727273	3	26	0.95
0.307692307692308	3	26	0.95
0.272727272727273	3	26	0.95
0.36	3	26	0.95
0.193548387096774	3	26	0.95
0.264705882352941	3	26	0.95
0.257142857142857	3	26	0.95
0.259259259259259	3	26	0.95
0.242424242424242	3	26	0.95
0.208333333333333	3	26	0.95
0.375	3	26	0.95
0.45	3	26	0.95
0.1875	3	26	0.95
0.638888888888889	3	26	0.95
0.392857142857143	3	26	0.95
0.3	3	26	0.95
0.193548387096774	3	26	0.95
0.310344827586207	3	26	0.95
0.241379310344828	3	26	0.95
0.578947368421053	3	26	0.95
0.285714285714286	3	26	0.95
0.214285714285714	3	26	0.95
0.291666666666667	3	26	0.95
0.241379310344828	3	26	0.95
0.214285714285714	3	26	0.95
0.333333333333333	3	26	0.95
0.636363636363636	3	26	0.95
0.318181818181818	3	26	0.95
0.476190476190476	3	26	0.95
0.266666666666667	3	26	0.95
0.363636363636364	3	26	0.95
0.277777777777778	3	26	0.95
0.451612903225806	3	26	0.95
0.333333333333333	3	26	0.95
0.386363636363636	3	26	0.95
0.263157894736842	3	26	0.95
0.382352941176471	3	26	0.95
0.21875	3	26	0.95
0.45	3	26	0.95
0.357142857142857	3	26	0.95
0.222222222222222	3	26	0.95
0.352941176470588	3	26	0.95
0.125	3	26	0.95
0.285714285714286	3	26	0.95
0.260869565217391	3	26	0.95
0.230769230769231	3	26	0.95
0.259259259259259	3	26	0.95
0.258064516129032	3	26	0.95
0.534883720930233	3	26	0.95
0.277777777777778	3	26	0.95
0.333333333333333	3	26	0.95
0.28	3	26	0.95
0.307692307692308	3	26	0.95
0.416666666666667	3	26	0.95
0.25	3	26	0.95
0.315789473684211	3	26	0.95
0.321428571428571	3	26	0.95
0.392857142857143	3	26	0.95
0.321428571428571	3	26	0.95
0.411764705882353	3	26	0.95
0.4375	3	26	0.95
0.36	3	26	0.95
0.5	3	26	0.95
0.291666666666667	3	26	0.95
0.380952380952381	3	26	0.95
0.416666666666667	3	26	0.95
0.3125	3	26	0.95
0.285714285714286	3	26	0.95
0.333333333333333	3	26	0.95
0.391304347826087	3	26	0.95
0.315789473684211	3	26	0.95
0.321428571428571	3	26	0.95
0.296296296296296	3	26	0.95
0.4	3	26	0.95
0.5	4	34	0.95
0.227272727272727	4	34	0.95
0.291666666666667	4	34	0.95
0.45	4	34	0.95
0.407407407407407	4	34	0.95
0.363636363636364	4	34	0.95
0.285714285714286	4	34	0.95
0.0833333333333333	4	34	0.95
0.310344827586207	4	34	0.95
0.21875	4	34	0.95
0.44	4	34	0.95
0.264705882352941	4	34	0.95
0.229166666666667	4	34	0.95
0.666666666666667	4	34	0.95
0.34375	4	34	0.95
0.181818181818182	4	34	0.95
0.233333333333333	4	34	0.95
0.387096774193548	4	34	0.95
0.233333333333333	4	34	0.95
0.193548387096774	4	34	0.95
0.142857142857143	4	34	0.95
0.3	4	34	0.95
0.395348837209302	4	34	0.95
0.181818181818182	4	34	0.95
0.22	4	34	0.95
0.257142857142857	4	34	0.95
0.178571428571429	4	34	0.95
0.184210526315789	4	34	0.95
0.435897435897436	4	34	0.95
0.266666666666667	4	34	0.95
0.15	4	34	0.95
0.280701754385965	4	34	0.95
0.194444444444444	4	34	0.95
0.291666666666667	4	34	0.95
0.214285714285714	4	34	0.95
0.2	4	34	0.95
0.481481481481481	4	34	0.95
0.185185185185185	4	34	0.95
0.297872340425532	4	34	0.95
0.552631578947368	4	34	0.95
0.225806451612903	4	34	0.95
0.263157894736842	4	34	0.95
0.217391304347826	4	34	0.95
0.166666666666667	4	34	0.95
0.184210526315789	4	34	0.95
0.261904761904762	4	34	0.95
0.214285714285714	4	34	0.95
0.272727272727273	4	34	0.95
0.212121212121212	4	34	0.95
0.196078431372549	4	34	0.95
0.153846153846154	4	34	0.95
0.225806451612903	4	34	0.95
0.210526315789474	4	34	0.95
0.233333333333333	4	34	0.95
0.25	4	34	0.95
0.333333333333333	4	34	0.95
0.25	4	34	0.95
0.195121951219512	4	34	0.95
0.290322580645161	4	34	0.95
0.588235294117647	4	34	0.95
0.392857142857143	4	34	0.95
0.230769230769231	4	34	0.95
0.375	4	34	0.95
0.170731707317073	4	34	0.95
0.222222222222222	4	34	0.95
0.303030303030303	4	34	0.95
0.217391304347826	4	34	0.95
0.644444444444444	4	34	0.95
0.243243243243243	4	34	0.95
0.153846153846154	4	34	0.95
0.176470588235294	4	34	0.95
0.179487179487179	4	34	0.95
0.3125	4	34	0.95
0.2	4	34	0.95
0.212765957446809	4	34	0.95
0.347826086956522	4	34	0.95
0.233333333333333	4	34	0.95
0.391304347826087	4	34	0.95
0.25	4	34	0.95
0.107142857142857	4	34	0.95
0.4	4	34	0.95
0.291666666666667	4	34	0.95
0.295454545454545	4	34	0.95
0.225806451612903	4	34	0.95
0.176470588235294	4	34	0.95
0.444444444444444	4	34	0.95
0.260869565217391	4	34	0.95
0.347826086956522	4	34	0.95
0.166666666666667	4	34	0.95
0.292682926829268	4	34	0.95
0.170731707317073	4	34	0.95
0.230769230769231	4	34	0.95
0.206896551724138	4	34	0.95
0.444444444444444	4	34	0.95
0.727272727272727	4	34	0.95
0.1875	4	34	0.95
0.207547169811321	4	34	0.95
0.266666666666667	4	34	0.95
0.347826086956522	4	34	0.95
0.291666666666667	4	34	0.95
0.304347826086957	4	34	0.95
0.128205128205128	4	34	0.95
0.363636363636364	4	34	0.95
0.196078431372549	4	34	0.95
0.214285714285714	4	34	0.95
0.25	4	34	0.95
0.266666666666667	4	34	0.95
0.230769230769231	4	34	0.95
0.36	4	34	0.95
0.720930232558139	4	34	0.95
0.230769230769231	4	34	0.95
0.212121212121212	4	34	0.95
0.566666666666667	4	34	0.95
0.516129032258065	4	34	0.95
0.290322580645161	4	34	0.95
0.177777777777778	4	34	0.95
0.403846153846154	4	34	0.95
0.463414634146341	4	34	0.95
0.196428571428571	4	34	0.95
0.160714285714286	4	34	0.95
0.206896551724138	4	34	0.95
0.25	4	34	0.95
0.55	4	34	0.95
0.162162162162162	4	34	0.95
0.424242424242424	4	34	0.95
0.230769230769231	4	34	0.95
0.214285714285714	4	34	0.95
0.405405405405405	4	34	0.95
0.205128205128205	4	34	0.95
0.28125	4	34	0.95
0.41304347826087	4	34	0.95
0.15	4	34	0.95
0.176470588235294	4	34	0.95
0.21875	4	34	0.95
0.230769230769231	4	34	0.95
0.233333333333333	4	34	0.95
0.260869565217391	4	34	0.95
0.239130434782609	4	34	0.95
0.166666666666667	4	34	0.95
0.216216216216216	4	34	0.95
0.216216216216216	4	34	0.95
0.150943396226415	4	34	0.95
0.21875	4	34	0.95
0.355932203389831	4	34	0.95
0.159090909090909	4	34	0.95
0.333333333333333	4	34	0.95
0.233333333333333	4	34	0.95
0.297297297297297	4	34	0.95
0.277777777777778	4	34	0.95
0.186046511627907	4	34	0.95
0.344827586206897	4	34	0.95
0.166666666666667	4	34	0.95
0.25	4	34	0.95
0.761904761904762	4	34	0.95
0.238095238095238	4	34	0.95
0.541666666666667	4	34	0.95
0.388888888888889	4	34	0.95
0.266666666666667	4	34	0.95
0.152542372881356	4	34	0.95
0.605263157894737	4	34	0.95
0.263157894736842	4	34	0.95
0.634146341463415	4	34	0.95
0.191489361702128	4	34	0.95
0.45	4	34	0.95
0.3125	4	34	0.95
0.424242424242424	4	34	0.95
0.304347826086957	4	34	0.95
0.125	4	34	0.95
0.414634146341463	4	34	0.95
0.263157894736842	4	34	0.95
0.28	4	34	0.95
0.260869565217391	4	34	0.95
0.533333333333333	4	34	0.95
0.2	4	34	0.95
0.271186440677966	4	34	0.95
0.242424242424242	4	34	0.95
0.233333333333333	4	34	0.95
0.424242424242424	4	34	0.95
0.536585365853659	4	34	0.95
0.333333333333333	4	34	0.95
0.333333333333333	4	34	0.95
0.211538461538462	4	34	0.95
0.206896551724138	4	34	0.95
0.387096774193548	4	34	0.95
0.5	4	34	0.95
0.363636363636364	4	34	0.95
0.523809523809524	4	34	0.95
0.647058823529412	4	34	0.95
0.236842105263158	4	34	0.95
0.608695652173913	4	34	0.95
0.228571428571429	4	34	0.95
0.85	4	34	0.95
0.113207547169811	4	34	0.95
0.333333333333333	4	34	0.95
0.297297297297297	4	34	0.95
0.631578947368421	4	34	0.95
0.45	4	34	0.95
0.463414634146341	4	34	0.95
0.230769230769231	4	34	0.95
0.272727272727273	4	34	0.95
0.24	4	34	0.95
0.48936170212766	4	34	0.95
0.186046511627907	4	34	0.95
0.48780487804878	4	34	0.95
0.409090909090909	4	34	0.95
0.148148148148148	4	34	0.95
0.307692307692308	4	34	0.95
0.157894736842105	4	34	0.95
0.24	4	34	0.95
0.24	4	34	0.95
0.28	4	34	0.95
0.21875	4	34	0.95
0.317073170731707	4	34	0.95
0.25	4	34	0.95
0.6	4	34	0.95
0.177777777777778	4	34	0.95
0.214285714285714	4	34	0.95
0.266666666666667	4	34	0.95
0.2	4	34	0.95
0.27027027027027	4	34	0.95
0.238095238095238	4	34	0.95
0.333333333333333	4	34	0.95
0.19047619047619	4	34	0.95
0.454545454545455	4	34	0.95
0.206896551724138	4	34	0.95
0.368421052631579	4	34	0.95
0.5	4	34	0.95
0.315789473684211	4	34	0.95
0.285714285714286	4	34	0.95
0.25	4	34	0.95
0.333333333333333	4	34	0.95
0.1875	4	34	0.95
0.296296296296296	4	34	0.95
0.142857142857143	4	34	0.95
0.204545454545455	4	34	0.95
0.260869565217391	4	34	0.95
0.40625	4	34	0.95
0.28125	4	34	0.95
0.269230769230769	4	34	0.95
0.171428571428571	4	34	0.95
0.117647058823529	4	34	0.95
0.37037037037037	4	34	0.95
0.352941176470588	4	34	0.95
0.207547169811321	4	34	0.95
0.259259259259259	4	34	0.95
0.236842105263158	4	34	0.95
0.428571428571429	4	34	0.95
0.227272727272727	4	34	0.95
0.333333333333333	4	34	0.95
0.193548387096774	4	34	0.95
0.32	4	34	0.95
0.368421052631579	4	34	0.95
0.352941176470588	4	34	0.95
0.25	4	34	0.95
0.206896551724138	4	34	0.95
0.109090909090909	4	34	0.95
0.235294117647059	4	34	0.95
0.611111111111111	4	34	0.95
0.333333333333333	4	34	0.95
0.3	4	34	0.95
0.244897959183673	4	34	0.95
0.2	4	34	0.95
0.13953488372093	4	34	0.95
0.636363636363636	4	34	0.95
0.35	4	34	0.95
0.195121951219512	4	34	0.95
0.163265306122449	4	34	0.95
0.2	4	34	0.95
0.189189189189189	4	34	0.95
0.4	4	34	0.95
0.294117647058824	4	34	0.95
0.230769230769231	4	34	0.95
0.184210526315789	4	34	0.95
0.204081632653061	4	34	0.95
0.217391304347826	4	34	0.95
0.333333333333333	4	34	0.95
0.206896551724138	4	34	0.95
0.225806451612903	4	34	0.95
0.27027027027027	4	34	0.95
0.204545454545455	4	34	0.95
0.212121212121212	4	34	0.95
0.232558139534884	4	34	0.95
0.4375	4	34	0.95
0.30952380952381	4	34	0.95
0.269230769230769	4	34	0.95
0.186046511627907	4	34	0.95
0.302325581395349	4	34	0.95
0.268292682926829	4	34	0.95
0.2	4	34	0.95
0.192307692307692	4	34	0.95
0.258064516129032	4	34	0.95
0.642857142857143	4	34	0.95
0.4	4	34	0.95
0.238095238095238	4	34	0.95
0.227272727272727	4	34	0.95
0.361111111111111	4	34	0.95
0.134615384615385	4	34	0.95
0.232558139534884	4	34	0.95
0.162790697674419	4	34	0.95
0.321428571428571	4	34	0.95
0.14	4	34	0.95
0.189189189189189	4	34	0.95
0.466666666666667	4	34	0.95
0.289473684210526	4	34	0.95
0.285714285714286	4	34	0.95
0.171428571428571	4	34	0.95
0.133333333333333	4	34	0.95
0.681818181818182	4	34	0.95
0.3	4	34	0.95
0.416666666666667	4	34	0.95
0.2	4	34	0.95
0.291666666666667	4	34	0.95
0.291666666666667	4	34	0.95
0.185185185185185	4	34	0.95
0.1875	4	34	0.95
0.288461538461538	4	34	0.95
0.157894736842105	4	34	0.95
0.513513513513513	4	34	0.95
0.514285714285714	4	34	0.95
0.236842105263158	4	34	0.95
0.232558139534884	4	34	0.95
0.361111111111111	4	34	0.95
0.229166666666667	4	34	0.95
0.238095238095238	4	34	0.95
0.2	4	34	0.95
0.28125	4	34	0.95
0.189189189189189	4	34	0.95
0.296296296296296	4	34	0.95
0.242424242424242	4	34	0.95
0.259259259259259	4	34	0.95
0.181818181818182	4	34	0.95
0.176470588235294	4	34	0.95
0.227272727272727	4	34	0.95
0.15	4	34	0.95
0.272727272727273	4	34	0.95
0.325581395348837	4	34	0.95
0.245283018867925	4	34	0.95
0.181818181818182	4	34	0.95
0.171428571428571	4	34	0.95
0.238095238095238	4	34	0.95
0.181818181818182	4	34	0.95
0.216216216216216	4	34	0.95
0.277777777777778	4	34	0.95
0.342105263157895	4	34	0.95
0.294117647058824	4	34	0.95
0.1875	4	34	0.95
0.179487179487179	4	34	0.95
0.138888888888889	4	34	0.95
0.114285714285714	4	34	0.95
0.318181818181818	4	34	0.95
0.263157894736842	4	34	0.95
0.3	4	34	0.95
0.185185185185185	4	34	0.95
0.238095238095238	4	34	0.95
0.1875	4	34	0.95
0.238095238095238	4	34	0.95
0.152173913043478	4	34	0.95
0.25	4	34	0.95
0.583333333333333	4	34	0.95
0.214285714285714	4	34	0.95
0.146341463414634	4	34	0.95
0.241379310344828	4	34	0.95
0.346153846153846	4	34	0.95
0.275862068965517	4	34	0.95
0.3	4	34	0.95
0.204081632653061	4	34	0.95
0.162162162162162	4	34	0.95
0.304347826086957	4	34	0.95
0.185185185185185	4	34	0.95
0.185185185185185	4	34	0.95
0.666666666666667	4	34	0.95
0.225806451612903	4	34	0.95
0.15625	4	34	0.95
0.214285714285714	4	34	0.95
0.269230769230769	4	34	0.95
0.210526315789474	4	34	0.95
0.2	4	34	0.95
0.147058823529412	4	34	0.95
0.181818181818182	4	34	0.95
0.27027027027027	4	34	0.95
0.222222222222222	4	34	0.95
0.448275862068966	4	34	0.95
0.263157894736842	4	34	0.95
0.30952380952381	4	34	0.95
0.142857142857143	4	34	0.95
0.333333333333333	4	34	0.95
0.230769230769231	4	34	0.95
0.235294117647059	4	34	0.95
0.25	4	34	0.95
0.173913043478261	4	34	0.95
0.219512195121951	4	34	0.95
0.371428571428571	4	34	0.95
0.256410256410256	4	34	0.95
0.2	4	34	0.95
0.5	4	34	0.95
0.1875	4	34	0.95
0.285714285714286	4	34	0.95
0.25	4	34	0.95
0.333333333333333	4	34	0.95
0.133333333333333	4	34	0.95
0.368421052631579	4	34	0.95
0.260869565217391	4	34	0.95
0.184210526315789	4	34	0.95
0.219512195121951	4	34	0.95
0.196078431372549	4	34	0.95
0.142857142857143	4	34	0.95
0.214285714285714	4	34	0.95
0.2	4	34	0.95
0.354838709677419	4	34	0.95
0.121951219512195	4	34	0.95
0.64	4	34	0.95
0.214285714285714	4	34	0.95
0.193548387096774	4	34	0.95
0.225806451612903	4	34	0.95
0.210526315789474	4	34	0.95
0.425531914893617	4	34	0.95
0.363636363636364	4	34	0.95
0.392156862745098	4	34	0.95
0.333333333333333	4	34	0.95
0.527777777777778	4	34	0.95
0.363636363636364	4	34	0.95
0.294117647058824	4	34	0.95
0.162162162162162	4	34	0.95
0.222222222222222	4	34	0.95
0.461538461538462	4	34	0.95
0.428571428571429	4	34	0.95
0.235294117647059	4	34	0.95
0.575757575757576	4	34	0.95
0.285714285714286	4	34	0.95
0.473684210526316	4	34	0.95
0.354166666666667	4	34	0.95
0.5	4	34	0.95
0.277777777777778	4	34	0.95
0.176470588235294	4	34	0.95
0.230769230769231	4	34	0.95
0.241379310344828	4	34	0.95
0.5	4	34	0.95
0.363636363636364	4	34	0.95
0.209302325581395	4	34	0.95
0.32	4	34	0.95
0.30952380952381	4	34	0.95
0.148148148148148	4	34	0.95
0.186046511627907	4	34	0.95
0.2	4	34	0.95
0.233333333333333	4	34	0.95
0.225806451612903	4	34	0.95
0.297297297297297	4	34	0.95
0.325	4	34	0.95
0.4	4	34	0.95
0.171428571428571	4	34	0.95
0.424242424242424	4	34	0.95
0.162162162162162	4	34	0.95
0.333333333333333	4	34	0.95
0.212121212121212	4	34	0.95
0.314285714285714	4	34	0.95
0.270833333333333	4	34	0.95
0.307692307692308	4	34	0.95
0.195652173913043	4	34	0.95
0.34375	4	34	0.95
0.583333333333333	4	34	0.95
0.195121951219512	4	34	0.95
0.304347826086957	4	34	0.95
0.391304347826087	4	34	0.95
0.27027027027027	4	34	0.95
0.545454545454545	4	34	0.95
0.4	4	34	0.95
0.275	4	34	0.95
0.133333333333333	4	34	0.95
0.303030303030303	4	34	0.95
0.565217391304348	4	34	0.95
0.523809523809524	4	34	0.95
0.266666666666667	4	34	0.95
0.538461538461538	4	34	0.95
0.404761904761905	4	34	0.95
0.513513513513513	4	34	0.95
0.395348837209302	4	34	0.95
0.210526315789474	4	34	0.95
0.357142857142857	4	34	0.95
0.259259259259259	4	34	0.95
0.409090909090909	4	34	0.95
0.304347826086957	4	34	0.95
0.241379310344828	4	34	0.95
0.45	4	34	0.95
0.666666666666667	4	34	0.95
0.36	4	34	0.95
0.24390243902439	4	34	0.95
0.352941176470588	4	34	0.95
0.388888888888889	4	34	0.95
0.206896551724138	4	34	0.95
0.259259259259259	4	34	0.95
0.545454545454545	4	34	0.95
0.285714285714286	4	34	0.95
0.404255319148936	4	34	0.95
0.53125	4	34	0.95
0.241379310344828	4	34	0.95
0.682926829268293	4	34	0.95
0.352941176470588	4	34	0.95
0.25	4	34	0.95
0.3125	4	34	0.95
0.25	4	34	0.95
0.416666666666667	4	34	0.95
0.5	4	34	0.95
0.354166666666667	4	34	0.95
0.117647058823529	4	34	0.95
0.285714285714286	4	34	0.95
0.230769230769231	4	34	0.95
0.5	4	34	0.95
0.228571428571429	4	34	0.95
0.175	4	34	0.95
0.304347826086957	4	34	0.95
0.205128205128205	4	34	0.95
0.189189189189189	4	34	0.95
0.222222222222222	4	34	0.95
0.175	4	34	0.95
0.269230769230769	4	34	0.95
0.242424242424242	4	34	0.95
0.285714285714286	4	34	0.95
0.186046511627907	4	34	0.95
0.358974358974359	4	34	0.95
0.30952380952381	4	34	0.95
0.258064516129032	4	34	0.95
0.161290322580645	4	34	0.95
0.232558139534884	4	34	0.95
0.217391304347826	4	34	0.95
0.222222222222222	4	34	0.95
0.156862745098039	4	34	0.95
0.214285714285714	4	34	0.95
0.219512195121951	4	34	0.95
0.157894736842105	4	34	0.95
0.314285714285714	4	34	0.95
0.195121951219512	4	34	0.95
0.235294117647059	4	34	0.95
0.254901960784314	4	34	0.95
0.225	4	34	0.95
0.25	4	34	0.95
0.321428571428571	4	34	0.95
0.307692307692308	4	34	0.95
0.232142857142857	4	34	0.95
0.481481481481481	4	34	0.95
0.234042553191489	4	34	0.95
0.441176470588235	4	34	0.95
0.245614035087719	4	34	0.95
0.294117647058824	4	34	0.95
0.24390243902439	4	34	0.95
0.216216216216216	4	34	0.95
0.2	4	34	0.95
0.142857142857143	4	34	0.95
0.177777777777778	4	34	0.95
0.195652173913043	4	34	0.95
0.256410256410256	4	34	0.95
0.152173913043478	4	34	0.95
0.277777777777778	4	34	0.95
0.159090909090909	4	34	0.95
0.15625	4	34	0.95
0.193548387096774	4	34	0.95
0.414634146341463	4	34	0.95
0.25531914893617	4	34	0.95
0.125	4	34	0.95
0.333333333333333	4	34	0.95
0.175	4	34	0.95
0.321428571428571	4	34	0.95
0.138888888888889	4	34	0.95
0.224489795918367	4	34	0.95
0.536585365853659	4	34	0.95
0.179487179487179	4	34	0.95
0.19047619047619	4	34	0.95
0.1875	4	34	0.95
0.219512195121951	4	34	0.95
0.210526315789474	4	34	0.95
0.285714285714286	4	34	0.95
0.25	4	34	0.95
0.388888888888889	4	34	0.95
0.283018867924528	4	34	0.95
0.133333333333333	4	34	0.95
0.25531914893617	4	34	0.95
0.28125	4	34	0.95
0.2	4	34	0.95
0.136363636363636	4	34	0.95
0.48	4	34	0.95
0.2	4	34	0.95
0.264705882352941	4	34	0.95
0.212765957446809	4	34	0.95
0.888888888888889	4	34	0.95
0.264705882352941	4	34	0.95
0.2	4	34	0.95
0.659090909090909	4	34	0.95
0.323529411764706	4	34	0.95
0.27906976744186	4	34	0.95
0.436363636363636	4	34	0.95
0.625	4	34	0.95
0.121951219512195	4	34	0.95
0.214285714285714	4	34	0.95
0.159090909090909	4	34	0.95
0.263157894736842	4	34	0.95
0.352941176470588	4	34	0.95
0.195121951219512	4	34	0.95
0.157894736842105	4	34	0.95
0.178571428571429	4	34	0.95
0.25	4	34	0.95
0.25	4	34	0.95
0.260869565217391	4	34	0.95
0.447368421052632	4	34	0.95
0.2	4	34	0.95
0.125	4	34	0.95
0.166666666666667	4	34	0.95
0.478260869565217	4	34	0.95
0.307692307692308	4	34	0.95
0.195121951219512	4	34	0.95
0.272727272727273	4	34	0.95
0.259259259259259	4	34	0.95
0.333333333333333	4	34	0.95
0.4	4	34	0.95
0.32258064516129	4	34	0.95
0.321428571428571	4	34	0.95
0.366666666666667	4	34	0.95
0.2	4	34	0.95
0.242424242424242	4	34	0.95
0.291666666666667	4	34	0.95
0.325	4	34	0.95
0.208333333333333	4	34	0.95
0.219512195121951	4	34	0.95
0.185185185185185	4	34	0.95
0.314285714285714	4	34	0.95
0.315789473684211	4	34	0.95
0.2	4	34	0.95
0.222222222222222	4	34	0.95
0.258064516129032	4	34	0.95
0.24	4	34	0.95
0.155555555555556	4	34	0.95
0.380952380952381	4	34	0.95
0.5	4	34	0.95
0.291666666666667	4	34	0.95
0.269230769230769	4	34	0.95
0.176470588235294	4	34	0.95
0.214285714285714	4	34	0.95
0.25	4	34	0.95
0.269230769230769	4	34	0.95
0.228571428571429	4	34	0.95
0.171428571428571	4	34	0.95
0.175	4	34	0.95
0.393939393939394	4	34	0.95
0.303030303030303	4	34	0.95
0.333333333333333	4	34	0.95
0.204081632653061	4	34	0.95
0.307692307692308	4	34	0.95
0.375	4	34	0.95
0.173913043478261	4	34	0.95
0.3	4	34	0.95
0.303030303030303	4	34	0.95
0.21875	4	34	0.95
0.346153846153846	4	34	0.95
0.666666666666667	4	34	0.95
0.238095238095238	4	34	0.95
0.294117647058824	4	34	0.95
0.272727272727273	4	34	0.95
0.166666666666667	4	34	0.95
0.25	4	34	0.95
0.159090909090909	4	34	0.95
0.305555555555556	4	34	0.95
0.483870967741935	4	34	0.95
0.19047619047619	4	34	0.95
0.461538461538462	4	34	0.95
0.272727272727273	4	34	0.95
0.285714285714286	4	34	0.95
0.193548387096774	4	34	0.95
0.214285714285714	4	34	0.95
0.428571428571429	4	34	0.95
0.347826086956522	4	34	0.95
0.189189189189189	4	34	0.95
0.25	4	34	0.95
0.314285714285714	4	34	0.95
0.5	4	34	0.95
0.171428571428571	4	34	0.95
0.257142857142857	4	34	0.95
0.388888888888889	4	34	0.95
0.3	4	34	0.95
0.555555555555556	4	34	0.95
0.27027027027027	4	34	0.95
0.2	4	34	0.95
0.291666666666667	4	34	0.95
0.294117647058824	4	34	0.95
0.4	4	34	0.95
0.4	4	34	0.95
0.225806451612903	4	34	0.95
0.230769230769231	4	34	0.95
0.131578947368421	4	34	0.95
0.32	4	34	0.95
0.21875	4	34	0.95
0.206896551724138	4	34	0.95
0.289473684210526	4	34	0.95
0.186046511627907	4	34	0.95
0.277777777777778	4	34	0.95
0.192307692307692	4	34	0.95
0.25	4	34	0.95
0.16	4	34	0.95
0.238095238095238	4	34	0.95
0.259259259259259	4	34	0.95
0.263157894736842	4	34	0.95
0.333333333333333	4	34	0.95
0.266666666666667	4	34	0.95
0.307692307692308	4	34	0.95
0.333333333333333	4	34	0.95
0.243243243243243	4	34	0.95
0.142857142857143	4	34	0.95
0.3125	4	34	0.95
0.235294117647059	4	34	0.95
0.27906976744186	4	34	0.95
0.19047619047619	4	34	0.95
0.242424242424242	4	34	0.95
0.277777777777778	4	34	0.95
0.205128205128205	4	34	0.95
0.260869565217391	4	34	0.95
0.228571428571429	4	34	0.95
0.245614035087719	4	34	0.95
0.354838709677419	4	34	0.95
0.152173913043478	4	34	0.95
0.189189189189189	4	34	0.95
0.155555555555556	4	34	0.95
0.352941176470588	4	34	0.95
0.545454545454545	4	34	0.95
0.423076923076923	4	34	0.95
0.558139534883721	4	34	0.95
0.232558139534884	4	34	0.95
0.25	4	34	0.95
0.25	4	34	0.95
0.227272727272727	4	34	0.95
0.888888888888889	4	34	0.95
0.3125	4	34	0.95
0.233333333333333	4	34	0.95
0.26530612244898	4	34	0.95
0.142857142857143	4	34	0.95
0.222222222222222	4	34	0.95
0.307692307692308	4	34	0.95
0.181818181818182	4	34	0.95
0.269230769230769	4	34	0.95
0.225	4	34	0.95
0.195652173913043	4	34	0.95
0.727272727272727	4	34	0.95
0.444444444444444	4	34	0.95
0.4	4	34	0.95
0.583333333333333	4	34	0.95
0.409090909090909	4	34	0.95
0.162162162162162	4	34	0.95
0.157894736842105	4	34	0.95
0.28125	4	34	0.95
0.1875	4	34	0.95
0.179487179487179	4	34	0.95
0.25	4	34	0.95
0.285714285714286	4	34	0.95
0.333333333333333	4	34	0.95
0.375	4	34	0.95
0.4	4	34	0.95
0.27906976744186	4	34	0.95
0.214285714285714	4	34	0.95
0.473684210526316	4	34	0.95
0.193548387096774	4	34	0.95
0.466666666666667	4	34	0.95
0.233333333333333	4	34	0.95
0.181818181818182	4	34	0.95
0.222222222222222	4	34	0.95
0.25	4	34	0.95
0.222222222222222	4	34	0.95
0.27027027027027	4	34	0.95
0.285714285714286	4	34	0.95
0.45	4	34	0.95
0.352941176470588	4	34	0.95
0.285714285714286	4	34	0.95
0.266666666666667	4	34	0.95
0.129032258064516	4	34	0.95
0.153846153846154	4	34	0.95
0.209302325581395	4	34	0.95
0.352941176470588	4	34	0.95
0.390243902439024	4	34	0.95
0.148148148148148	4	34	0.95
0.272727272727273	4	34	0.95
0.163265306122449	4	34	0.95
0.129032258064516	4	34	0.95
0.269230769230769	4	34	0.95
