VAF	CN	avg.depth	purity
0.12	1	23	0.79
0.12	1	23	0.79
0.76	1	23	0.79
0.352941176470588	1	23	0.79
0.315789473684211	2	28	0.79
0.285714285714286	2	28	0.79
0.105263157894737	2	28	0.79
0.275862068965517	2	28	0.79
0.386363636363636	2	28	0.79
0.368421052631579	2	28	0.79
0.305555555555556	2	28	0.79
0.4375	2	28	0.79
0.333333333333333	2	28	0.79
0.578947368421053	2	28	0.79
0.314285714285714	2	28	0.79
0.5	2	28	0.79
0.230769230769231	2	28	0.79
0.565217391304348	2	28	0.79
0.384615384615385	2	28	0.79
0.388888888888889	2	28	0.79
0.1	2	28	0.79
0.166666666666667	2	28	0.79
0.157894736842105	2	28	0.79
0.333333333333333	2	28	0.79
0.142857142857143	2	28	0.79
0.35	2	28	0.79
0.117647058823529	2	28	0.79
0.311111111111111	2	28	0.79
0.590909090909091	2	28	0.79
0.315789473684211	2	28	0.79
0.075	2	28	0.79
0.307692307692308	2	28	0.79
0.444444444444444	2	28	0.79
0.366666666666667	2	28	0.79
0.466666666666667	2	28	0.79
0.526315789473684	2	28	0.79
0.5	2	28	0.79
0.352941176470588	2	28	0.79
0.3	2	28	0.79
0.294117647058824	2	28	0.79
0.4	2	28	0.79
0.311111111111111	2	28	0.79
0.290322580645161	2	28	0.79
0.4	2	28	0.79
0.0909090909090909	2	28	0.79
0.130434782608696	2	28	0.79
0.48780487804878	2	28	0.79
0.166666666666667	2	28	0.79
0.625	2	28	0.79
0.483870967741935	2	28	0.79
0.458333333333333	2	28	0.79
0.777777777777778	2	28	0.79
0.485714285714286	2	28	0.79
0.230769230769231	2	28	0.79
0.470588235294118	2	28	0.79
0.3	2	28	0.79
0.368421052631579	2	28	0.79
0.542857142857143	2	28	0.79
0.3125	2	28	0.79
0.421052631578947	2	28	0.79
0.260869565217391	2	28	0.79
0.7	2	28	0.79
0.351351351351351	2	28	0.79
0.347826086956522	2	28	0.79
0.384615384615385	2	28	0.79
0.6	2	28	0.79
0.347826086956522	2	28	0.79
0.473684210526316	2	28	0.79
0.230769230769231	2	28	0.79
0.5	2	28	0.79
0.419354838709677	2	28	0.79
0.2	2	28	0.79
0.270833333333333	2	28	0.79
0.3	2	28	0.79
0.333333333333333	2	28	0.79
0.366666666666667	2	28	0.79
0.5	2	28	0.79
0.466666666666667	2	28	0.79
0.352941176470588	2	28	0.79
0.5	2	28	0.79
0.470588235294118	2	28	0.79
0.5	2	28	0.79
0.103448275862069	2	28	0.79
0.571428571428571	2	28	0.79
0.428571428571429	2	28	0.79
0.109090909090909	2	28	0.79
0.5	2	28	0.79
0.333333333333333	2	28	0.79
0.35	2	28	0.79
0.464285714285714	2	28	0.79
0.307692307692308	2	28	0.79
0.368421052631579	2	28	0.79
0.388888888888889	2	28	0.79
0.476190476190476	2	28	0.79
0.285714285714286	2	28	0.79
0.3125	2	28	0.79
0.166666666666667	2	28	0.79
0.466666666666667	2	28	0.79
0.15	2	28	0.79
0.625	2	28	0.79
0.333333333333333	2	28	0.79
0.5	2	28	0.79
0.363636363636364	2	28	0.79
0.523809523809524	2	28	0.79
0.428571428571429	2	28	0.79
0.357142857142857	2	28	0.79
0.363636363636364	2	28	0.79
0.421052631578947	2	28	0.79
0.361111111111111	2	28	0.79
0.0980392156862745	2	28	0.79
0.152173913043478	2	28	0.79
0.148936170212766	2	28	0.79
0.156862745098039	2	28	0.79
0.145454545454545	2	28	0.79
0.214285714285714	2	28	0.79
0.225806451612903	2	28	0.79
0.205882352941176	2	28	0.79
0.21875	2	28	0.79
0.193548387096774	2	28	0.79
0.166666666666667	2	28	0.79
0.192307692307692	2	28	0.79
0.304347826086957	2	28	0.79
0.181818181818182	2	28	0.79
0.19047619047619	2	28	0.79
0.15	2	28	0.79
0.0882352941176471	2	28	0.79
0.529411764705882	2	28	0.79
0.1875	2	28	0.79
0.444444444444444	2	28	0.79
0.285714285714286	2	28	0.79
0.3	2	28	0.79
0.444444444444444	2	28	0.79
0.171428571428571	2	28	0.79
0.333333333333333	2	28	0.79
0.115384615384615	2	28	0.79
0.222222222222222	2	28	0.79
0.478260869565217	2	28	0.79
0.571428571428571	2	28	0.79
0.375	2	28	0.79
0.478260869565217	2	28	0.79
0.5	2	28	0.79
0.392857142857143	2	28	0.79
0.5	2	28	0.79
0.272727272727273	2	28	0.79
0.272727272727273	2	28	0.79
0.295454545454545	2	28	0.79
0.428571428571429	2	28	0.79
0.0882352941176471	2	28	0.79
0.6	2	28	0.79
0.395348837209302	2	28	0.79
0.375	2	28	0.79
0.391304347826087	2	28	0.79
0.375	2	28	0.79
0.277777777777778	2	28	0.79
0.3125	2	28	0.79
0.225806451612903	2	28	0.79
0.107142857142857	2	28	0.79
0.478260869565217	2	28	0.79
0.269230769230769	2	28	0.79
0.222222222222222	2	28	0.79
0.476190476190476	2	28	0.79
0.138888888888889	2	28	0.79
0.375	2	28	0.79
0.580645161290323	2	28	0.79
0.481481481481481	2	28	0.79
0.32	2	28	0.79
0.5	2	28	0.79
0.3	2	28	0.79
0.4	2	28	0.79
0.159090909090909	2	28	0.79
0.352941176470588	2	28	0.79
0.535714285714286	2	28	0.79
0.264705882352941	2	28	0.79
0.259259259259259	2	28	0.79
0.386363636363636	2	28	0.79
0.191489361702128	2	28	0.79
0.533333333333333	2	28	0.79
0.333333333333333	2	28	0.79
0.451612903225806	2	28	0.79
0.333333333333333	2	28	0.79
0.119047619047619	2	28	0.79
0.32258064516129	2	28	0.79
0.214285714285714	2	28	0.79
0.212121212121212	2	28	0.79
0.318181818181818	2	28	0.79
0.136363636363636	2	28	0.79
0.55	2	28	0.79
0.4	2	28	0.79
0.631578947368421	2	28	0.79
0.4	2	28	0.79
0.571428571428571	2	28	0.79
0.2	2	28	0.79
0.55	2	28	0.79
0.159090909090909	2	28	0.79
0.347826086956522	2	28	0.79
0.416666666666667	2	28	0.79
0.189189189189189	2	28	0.79
0.181818181818182	2	28	0.79
0.439024390243902	2	28	0.79
0.307692307692308	2	28	0.79
0.375	2	28	0.79
0.46875	2	28	0.79
0.103448275862069	2	28	0.79
0.461538461538462	2	28	0.79
0.565217391304348	2	28	0.79
0.119047619047619	2	28	0.79
0.204545454545455	2	28	0.79
0.206896551724138	2	28	0.79
0.2	2	28	0.79
0.428571428571429	2	28	0.79
0.162790697674419	2	28	0.79
0.130434782608696	2	28	0.79
0.363636363636364	2	28	0.79
0.482758620689655	2	28	0.79
0.4375	2	28	0.79
0.217391304347826	2	28	0.79
0.411764705882353	2	28	0.79
0.214285714285714	2	28	0.79
0.193548387096774	2	28	0.79
0.6	2	28	0.79
0.13953488372093	2	28	0.79
0.321428571428571	2	28	0.79
0.225	2	28	0.79
0.09375	2	28	0.79
0.12	2	28	0.79
0.142857142857143	2	28	0.79
0.384615384615385	2	28	0.79
0.0967741935483871	2	28	0.79
0.576923076923077	2	28	0.79
0.333333333333333	2	28	0.79
0.454545454545455	2	28	0.79
0.181818181818182	2	28	0.79
0.133333333333333	2	28	0.79
0.583333333333333	2	28	0.79
