VAF	CN	avg.depth	purity
0.8	2	24	0.99
0.958333333333333	2	24	0.99
0.131147540983607	2	24	0.99
0.344827586206897	2	24	0.99
0.580882352941177	2	24	0.99
0.127659574468085	2	24	0.99
0.275	2	24	0.99
0.476190476190476	2	24	0.99
0.333333333333333	2	24	0.99
0.923076923076923	2	24	0.99
0.4	2	24	0.99
0.384615384615385	2	24	0.99
0.551724137931034	2	24	0.99
1	2	24	0.99
0.545454545454545	2	24	0.99
0.96969696969697	2	24	0.99
1	2	24	0.99
0.5	2	24	0.99
0.157894736842105	2	24	0.99
0.96969696969697	2	24	0.99
1	2	24	0.99
1	2	24	0.99
0.166666666666667	2	24	0.99
0.25	2	24	0.99
0.833333333333333	2	24	0.99
0.6	2	24	0.99
0.409090909090909	2	24	0.99
0.96	2	24	0.99
0.545454545454545	2	24	0.99
1	2	24	0.99
0.529411764705882	2	24	0.99
0.909090909090909	2	24	0.99
1	2	24	0.99
0.151515151515152	2	24	0.99
0.1875	2	24	0.99
0.933333333333333	2	24	0.99
0.368421052631579	2	24	0.99
0.205882352941176	2	24	0.99
0.21875	2	24	0.99
0.944444444444444	2	24	0.99
1	2	24	0.99
0.384615384615385	2	24	0.99
0.95	2	24	0.99
0.590909090909091	2	24	0.99
0.433333333333333	2	24	0.99
1	2	24	0.99
1	2	24	0.99
0.8	2	24	0.99
0.6875	2	24	0.99
0.923076923076923	2	24	0.99
0.875	2	24	0.99
0.740740740740741	2	24	0.99
1	2	24	0.99
0.857142857142857	2	24	0.99
0.714285714285714	2	24	0.99
0.923076923076923	2	24	0.99
0.290322580645161	2	24	0.99
0.241379310344828	2	24	0.99
0.916666666666667	2	24	0.99
0.8125	2	24	0.99
0.833333333333333	2	24	0.99
0.216216216216216	2	24	0.99
0.130434782608696	2	24	0.99
0.186046511627907	2	24	0.99
0.204545454545455	2	24	0.99
0.526315789473684	2	24	0.99
0.594594594594595	2	24	0.99
0.552631578947368	2	24	0.99
0.933333333333333	2	24	0.99
0.391304347826087	2	24	0.99
0.909090909090909	2	24	0.99
0.9	2	24	0.99
0.866666666666667	2	24	0.99
0.96551724137931	2	24	0.99
0.157894736842105	2	24	0.99
1	2	24	0.99
1	2	24	0.99
1	2	24	0.99
0.380952380952381	2	24	0.99
0.6	3	35	0.99
0.481481481481481	3	35	0.99
0.588235294117647	3	35	0.99
0.36	3	35	0.99
0.48	3	35	0.99
0.466666666666667	3	35	0.99
0.470588235294118	3	35	0.99
0.75	3	35	0.99
0.318181818181818	3	35	0.99
0.304347826086957	3	35	0.99
0.304347826086957	3	35	0.99
0.375	3	35	0.99
0.333333333333333	3	35	0.99
0.433333333333333	3	35	0.99
0.538461538461538	3	35	0.99
0.272727272727273	3	35	0.99
0.260869565217391	3	35	0.99
0.375	3	35	0.99
0.454545454545455	3	35	0.99
0.523809523809524	3	35	0.99
0.181818181818182	3	35	0.99
0.26	3	35	0.99
0.611111111111111	3	35	0.99
0.789473684210526	3	35	0.99
0.578947368421053	3	35	0.99
0.476190476190476	3	35	0.99
0.125	3	35	0.99
0.55	3	35	0.99
0.411764705882353	3	35	0.99
0.545454545454545	3	35	0.99
0.56	3	35	0.99
0.533333333333333	3	35	0.99
0.193548387096774	3	35	0.99
0.243243243243243	3	35	0.99
0.433333333333333	3	35	0.99
0.38	3	35	0.99
0.428571428571429	3	35	0.99
0.37037037037037	3	35	0.99
0.315789473684211	3	35	0.99
0.305555555555556	3	35	0.99
0.333333333333333	3	35	0.99
0.53125	3	35	0.99
0.333333333333333	3	35	0.99
0.568965517241379	3	35	0.99
0.126984126984127	3	35	0.99
0.628571428571429	3	35	0.99
0.409090909090909	3	35	0.99
0.32258064516129	3	35	0.99
0.434782608695652	3	35	0.99
0.461538461538462	3	35	0.99
0.794117647058823	3	35	0.99
0.473684210526316	3	35	0.99
0.319148936170213	3	35	0.99
0.413793103448276	3	35	0.99
0.476190476190476	3	35	0.99
0.5	3	35	0.99
0.133333333333333	3	35	0.99
0.351351351351351	3	35	0.99
0.195121951219512	3	35	0.99
0.25	3	35	0.99
0.222222222222222	3	35	0.99
0.444444444444444	3	35	0.99
0.486486486486487	3	35	0.99
0.32	3	35	0.99
0.428571428571429	3	35	0.99
0.538461538461538	3	35	0.99
0.371428571428571	3	35	0.99
0.384615384615385	3	35	0.99
0.368421052631579	3	35	0.99
0.214285714285714	3	35	0.99
0.75	3	35	0.99
0.22	3	35	0.99
0.1875	3	35	0.99
0.609756097560976	3	35	0.99
0.368421052631579	3	35	0.99
0.318181818181818	3	35	0.99
0.333333333333333	3	35	0.99
0.333333333333333	3	35	0.99
0.318181818181818	3	35	0.99
0.318181818181818	3	35	0.99
0.318181818181818	3	35	0.99
0.304347826086957	3	35	0.99
0.304347826086957	3	35	0.99
0.318181818181818	3	35	0.99
0.333333333333333	3	35	0.99
0.318181818181818	3	35	0.99
0.283783783783784	3	35	0.99
0.310344827586207	3	35	0.99
0.685714285714286	3	35	0.99
0.6	3	35	0.99
0.0576923076923077	3	35	0.99
0.0886075949367089	3	35	0.99
0.666666666666667	3	35	0.99
0.157894736842105	3	35	0.99
0.129032258064516	3	35	0.99
0.258064516129032	3	35	0.99
0.113207547169811	3	35	0.99
0.464285714285714	3	35	0.99
0.358490566037736	3	35	0.99
0.260869565217391	3	35	0.99
0.3	3	35	0.99
0.115384615384615	3	35	0.99
0.194444444444444	3	35	0.99
0.263157894736842	3	35	0.99
0.25	3	35	0.99
0.142857142857143	3	35	0.99
0.379310344827586	3	35	0.99
0.123076923076923	3	35	0.99
0.137254901960784	3	35	0.99
0.338235294117647	3	35	0.99
0.272727272727273	3	35	0.99
0.119047619047619	3	35	0.99
0.263157894736842	3	35	0.99
0.210526315789474	3	35	0.99
0.225352112676056	3	35	0.99
0.714285714285714	3	35	0.99
0.112676056338028	3	35	0.99
0.140845070422535	3	35	0.99
0.157894736842105	3	35	0.99
0.243243243243243	3	35	0.99
0.377358490566038	3	35	0.99
0.153846153846154	3	35	0.99
0.15	3	35	0.99
0.172413793103448	3	35	0.99
0.181818181818182	3	35	0.99
0.169811320754717	3	35	0.99
0.222222222222222	3	35	0.99
0.379310344827586	3	35	0.99
0.473684210526316	3	35	0.99
0.583333333333333	3	35	0.99
0.15625	3	35	0.99
0.482758620689655	3	35	0.99
0.4	3	35	0.99
0.283018867924528	3	35	0.99
0.633333333333333	3	35	0.99
0.666666666666667	3	35	0.99
0.696969696969697	3	35	0.99
0.703703703703704	3	35	0.99
0.521739130434783	3	35	0.99
0.365384615384615	3	35	0.99
0.571428571428571	3	35	0.99
0.388888888888889	3	35	0.99
0.346153846153846	3	35	0.99
0.2	3	35	0.99
0.666666666666667	3	35	0.99
0.272727272727273	3	35	0.99
0.5	3	35	0.99
0.366666666666667	3	35	0.99
0.722222222222222	3	35	0.99
0.533333333333333	3	35	0.99
0.3125	3	35	0.99
0.214285714285714	3	35	0.99
0.342105263157895	3	35	0.99
0.75	3	35	0.99
0.411764705882353	3	35	0.99
0.634146341463415	3	35	0.99
0.558823529411765	3	35	0.99
0.6	3	35	0.99
0.625	3	35	0.99
0.297872340425532	3	35	0.99
0.375	3	35	0.99
0.413793103448276	3	35	0.99
0.421052631578947	3	35	0.99
0.318181818181818	3	35	0.99
0.391304347826087	3	35	0.99
0.25	3	35	0.99
0.708333333333333	3	35	0.99
0.424242424242424	3	35	0.99
0.307692307692308	3	35	0.99
0.193548387096774	3	35	0.99
0.482758620689655	3	35	0.99
0.545454545454545	3	35	0.99
0.21875	3	35	0.99
0.428571428571429	3	35	0.99
0.36	3	35	0.99
0.150943396226415	3	35	0.99
0.1875	3	35	0.99
0.15625	3	35	0.99
0.3125	3	35	0.99
0.272727272727273	3	35	0.99
0.461538461538462	3	35	0.99
0.298507462686567	3	35	0.99
0.833333333333333	3	35	0.99
0.142857142857143	3	35	0.99
0.171428571428571	3	35	0.99
0.7	3	35	0.99
0.189189189189189	3	35	0.99
0.10126582278481	3	35	0.99
0.176470588235294	3	35	0.99
0.214285714285714	3	35	0.99
0.25	3	35	0.99
0.698412698412698	3	35	0.99
0.35	3	35	0.99
0.375	3	35	0.99
0.285714285714286	3	35	0.99
0.529411764705882	3	35	0.99
0.604166666666667	3	35	0.99
0.324324324324324	3	35	0.99
0.323529411764706	3	35	0.99
0.555555555555556	3	35	0.99
0.652173913043478	3	35	0.99
0.52	3	35	0.99
0.294117647058824	3	35	0.99
0.736842105263158	3	35	0.99
0.323529411764706	3	35	0.99
0.181818181818182	3	35	0.99
0.548387096774194	3	35	0.99
0.3	3	35	0.99
0.333333333333333	3	35	0.99
0.257142857142857	3	35	0.99
0.416666666666667	3	35	0.99
0.75	3	35	0.99
0.315789473684211	3	35	0.99
0.846153846153846	3	35	0.99
0.59375	3	35	0.99
0.666666666666667	3	35	0.99
0.333333333333333	3	35	0.99
0.315789473684211	3	35	0.99
0.09	3	35	0.99
0.476190476190476	3	35	0.99
0.333333333333333	3	35	0.99
0.1	3	35	0.99
0.333333333333333	3	35	0.99
0.27906976744186	3	35	0.99
0.833333333333333	3	35	0.99
0.263157894736842	3	35	0.99
0.259259259259259	3	35	0.99
0.285714285714286	3	35	0.99
0.296296296296296	3	35	0.99
0.3	3	35	0.99
0.203703703703704	3	35	0.99
0.535714285714286	3	35	0.99
0.363636363636364	3	35	0.99
0.297297297297297	3	35	0.99
0.234042553191489	3	35	0.99
0.666666666666667	3	35	0.99
0.14	3	35	0.99
0.5	3	35	0.99
0.189189189189189	3	35	0.99
0.388888888888889	3	35	0.99
0.25	3	35	0.99
0.260869565217391	3	35	0.99
0.236842105263158	3	35	0.99
0.317073170731707	3	35	0.99
0.75	3	35	0.99
0.225	3	35	0.99
0.535714285714286	3	35	0.99
0.268292682926829	3	35	0.99
0.681818181818182	3	35	0.99
0.290322580645161	3	35	0.99
0.363636363636364	3	35	0.99
0.607142857142857	3	35	0.99
0.259259259259259	3	35	0.99
0.764705882352941	3	35	0.99
0.3	3	35	0.99
0.394736842105263	3	35	0.99
0.454545454545455	3	35	0.99
0.195121951219512	3	35	0.99
0.176470588235294	3	35	0.99
0.173076923076923	3	35	0.99
0.333333333333333	3	35	0.99
0.644067796610169	3	35	0.99
0.3	3	35	0.99
0.181818181818182	3	35	0.99
0.112676056338028	3	35	0.99
0.333333333333333	3	35	0.99
0.571428571428571	3	35	0.99
0.361111111111111	3	35	0.99
0.351351351351351	3	35	0.99
0.333333333333333	3	35	0.99
0.333333333333333	3	35	0.99
0.351351351351351	3	35	0.99
0.378378378378378	3	35	0.99
0.361111111111111	3	35	0.99
0.358974358974359	3	35	0.99
0.368421052631579	3	35	0.99
0.333333333333333	3	35	0.99
0.35	3	35	0.99
0.358974358974359	3	35	0.99
0.371428571428571	3	35	0.99
0.388888888888889	3	35	0.99
0.4	3	35	0.99
0.371428571428571	3	35	0.99
0.388888888888889	3	35	0.99
0.368421052631579	3	35	0.99
0.361111111111111	3	35	0.99
0.378378378378378	3	35	0.99
0.361111111111111	3	35	0.99
0.378378378378378	3	35	0.99
0.388888888888889	3	35	0.99
0.4	3	35	0.99
0.388888888888889	3	35	0.99
0.388888888888889	3	35	0.99
0.388888888888889	3	35	0.99
0.4	3	35	0.99
0.3	3	35	0.99
0.318840579710145	3	35	0.99
0.406779661016949	3	35	0.99
0.742857142857143	3	35	0.99
0.127659574468085	3	35	0.99
0.222222222222222	3	35	0.99
0.403846153846154	3	35	0.99
0.60377358490566	3	35	0.99
0.0909090909090909	3	35	0.99
0.0833333333333333	3	35	0.99
0.126984126984127	3	35	0.99
0.138461538461538	3	35	0.99
0.272727272727273	3	35	0.99
0.142857142857143	3	35	0.99
0.0659340659340659	3	35	0.99
0.377777777777778	3	35	0.99
0.545454545454545	3	35	0.99
0.109090909090909	3	35	0.99
0.28	3	35	0.99
0.5	3	35	0.99
0.245283018867925	3	35	0.99
0.710526315789474	3	35	0.99
0.0632911392405063	3	35	0.99
0.542857142857143	3	35	0.99
0.193548387096774	3	35	0.99
0.35	3	35	0.99
0.529411764705882	3	35	0.99
0.15	3	35	0.99
0.294117647058824	3	35	0.99
0.0705882352941176	3	35	0.99
0.470588235294118	3	35	0.99
0.740740740740741	3	35	0.99
0.575	3	35	0.99
0.210526315789474	3	35	0.99
0.1875	3	35	0.99
0.391304347826087	3	35	0.99
0.333333333333333	3	35	0.99
0.192307692307692	3	35	0.99
0.671428571428571	3	35	0.99
0.220338983050847	3	35	0.99
0.344827586206897	3	35	0.99
0.10958904109589	3	35	0.99
0.129032258064516	3	35	0.99
0.116666666666667	3	35	0.99
0.111111111111111	3	35	0.99
0.125	3	35	0.99
0.409090909090909	4	45	0.99
0.492307692307692	4	45	0.99
0.535714285714286	4	45	0.99
0.413793103448276	4	45	0.99
0.25	4	45	0.99
0.32258064516129	4	45	0.99
0.385964912280702	4	45	0.99
0.240740740740741	4	45	0.99
0.125	4	45	0.99
0.171428571428571	4	45	0.99
0.315789473684211	4	45	0.99
0.521739130434783	4	45	0.99
0.6	4	45	0.99
0.058252427184466	4	45	0.99
0.468085106382979	4	45	0.99
0.425531914893617	4	45	0.99
0.0588235294117647	4	45	0.99
0.1	4	45	0.99
0.0943396226415094	4	45	0.99
0.372093023255814	4	45	0.99
0.506849315068493	4	45	0.99
0.224489795918367	4	45	0.99
0.0769230769230769	4	45	0.99
0.642857142857143	4	45	0.99
0.24	4	45	0.99
0.435897435897436	4	45	0.99
0.232558139534884	4	45	0.99
0.392857142857143	4	45	0.99
0.537313432835821	4	45	0.99
0.5	4	45	0.99
0.4	4	45	0.99
0.241379310344828	4	45	0.99
0.28125	4	45	0.99
0.48	4	45	0.99
0.6	4	45	0.99
0.307692307692308	4	45	0.99
0.213114754098361	4	45	0.99
0.666666666666667	4	45	0.99
0.41304347826087	4	45	0.99
0.163265306122449	4	45	0.99
0.214285714285714	4	45	0.99
0.333333333333333	4	45	0.99
0.210526315789474	4	45	0.99
0.444444444444444	4	45	0.99
0.380952380952381	4	45	0.99
0.35	4	45	0.99
0.342105263157895	4	45	0.99
0.21875	4	45	0.99
0.136363636363636	4	45	0.99
0.152173913043478	4	45	0.99
0.227272727272727	4	45	0.99
0.5	4	45	0.99
0.352941176470588	4	45	0.99
0.230769230769231	4	45	0.99
0.5625	4	45	0.99
0.5	4	45	0.99
0.127659574468085	4	45	0.99
0.578947368421053	4	45	0.99
0.258064516129032	4	45	0.99
0.395833333333333	4	45	0.99
0.387755102040816	4	45	0.99
0.421052631578947	4	45	0.99
0.55	4	45	0.99
0.657894736842105	4	45	0.99
0.46969696969697	4	45	0.99
0.333333333333333	4	45	0.99
0.454545454545455	4	45	0.99
0.531914893617021	4	45	0.99
0.4	4	45	0.99
0.170731707317073	4	45	0.99
0.6	4	45	0.99
0.15	4	45	0.99
0.193548387096774	4	45	0.99
0.203703703703704	4	45	0.99
0.11864406779661	4	45	0.99
0.126984126984127	4	45	0.99
0.1	4	45	0.99
0.296875	4	45	0.99
0.242424242424242	4	45	0.99
0.257142857142857	4	45	0.99
0.0786516853932584	4	45	0.99
0.0705882352941176	4	45	0.99
0.473684210526316	4	45	0.99
0.388888888888889	4	45	0.99
0.327272727272727	4	45	0.99
0.418604651162791	4	45	0.99
0.536585365853659	4	45	0.99
0.109090909090909	4	45	0.99
0.0821917808219178	4	45	0.99
0.255813953488372	4	45	0.99
0.447368421052632	4	45	0.99
0.1	4	45	0.99
0.0789473684210526	4	45	0.99
0.101449275362319	4	45	0.99
0.0857142857142857	4	45	0.99
0.407407407407407	4	45	0.99
0.147540983606557	4	45	0.99
0.875	4	45	0.99
0.142857142857143	4	45	0.99
0.194444444444444	4	45	0.99
0.166666666666667	4	45	0.99
0.717948717948718	4	45	0.99
0.317073170731707	4	45	0.99
0.189189189189189	4	45	0.99
0.608695652173913	4	45	0.99
0.25531914893617	4	45	0.99
0.270833333333333	4	45	0.99
0.59375	4	45	0.99
0.156862745098039	4	45	0.99
0.307692307692308	4	45	0.99
0.526315789473684	4	45	0.99
0.705882352941177	4	45	0.99
0.761904761904762	4	45	0.99
0.451612903225806	4	45	0.99
0.625	4	45	0.99
0.28	4	45	0.99
0.242424242424242	4	45	0.99
0.102564102564103	4	45	0.99
0.102564102564103	4	45	0.99
0.10126582278481	4	45	0.99
0.10126582278481	4	45	0.99
0.103896103896104	4	45	0.99
0.106666666666667	4	45	0.99
0.108108108108108	4	45	0.99
0.112676056338028	4	45	0.99
0.112676056338028	4	45	0.99
0.115942028985507	4	45	0.99
0.114285714285714	4	45	0.99
0.121212121212121	4	45	0.99
0.121212121212121	4	45	0.99
0.115942028985507	4	45	0.99
0.117647058823529	4	45	0.99
0.117647058823529	4	45	0.99
0.121212121212121	4	45	0.99
0.123076923076923	4	45	0.99
0.121212121212121	4	45	0.99
0.123076923076923	4	45	0.99
0.121212121212121	4	45	0.99
0.101449275362319	4	45	0.99
0.115942028985507	4	45	0.99
0.115942028985507	4	45	0.99
0.115942028985507	4	45	0.99
0.115942028985507	4	45	0.99
0.119402985074627	4	45	0.99
0.117647058823529	4	45	0.99
0.117647058823529	4	45	0.99
0.115942028985507	4	45	0.99
0.115942028985507	4	45	0.99
0.115942028985507	4	45	0.99
0.115942028985507	4	45	0.99
0.115942028985507	4	45	0.99
0.114285714285714	4	45	0.99
0.114285714285714	4	45	0.99
0.111111111111111	4	45	0.99
0.121212121212121	4	45	0.99
0.123076923076923	4	45	0.99
0.121212121212121	4	45	0.99
0.119402985074627	4	45	0.99
0.121212121212121	4	45	0.99
0.282051282051282	4	45	0.99
0.125	4	45	0.99
0.702127659574468	4	45	0.99
0.235294117647059	4	45	0.99
0.793103448275862	4	45	0.99
0.580645161290323	4	45	0.99
0.769230769230769	4	45	0.99
0.703703703703704	4	45	0.99
0.25	4	45	0.99
0.272727272727273	4	45	0.99
0.690909090909091	4	45	0.99
0.8	4	45	0.99
0.264705882352941	4	45	0.99
0.295454545454545	4	45	0.99
0.235294117647059	4	45	0.99
0.648648648648649	4	45	0.99
0.7	4	45	0.99
0.162790697674419	4	45	0.99
0.461538461538462	4	45	0.99
0.285714285714286	4	45	0.99
0.260869565217391	4	45	0.99
0.702702702702703	4	45	0.99
0.4	4	45	0.99
0.0833333333333333	4	45	0.99
0.729166666666667	4	45	0.99
0.128571428571429	4	45	0.99
0.0864197530864197	4	45	0.99
0.666666666666667	4	45	0.99
0.125	4	45	0.99
0.26	4	45	0.99
0.379310344827586	4	45	0.99
0.121621621621622	4	45	0.99
0.787878787878788	4	45	0.99
0.28125	4	45	0.99
0.0618556701030928	4	45	0.99
0.12	4	45	0.99
0.184615384615385	4	45	0.99
0.072992700729927	4	45	0.99
0.0769230769230769	4	45	0.99
0.256410256410256	4	45	0.99
0.12280701754386	4	45	0.99
0.0869565217391304	4	45	0.99
0.272727272727273	4	45	0.99
0.210526315789474	4	45	0.99
0.146341463414634	4	45	0.99
0.516129032258065	4	45	0.99
0.380952380952381	4	45	0.99
0.285714285714286	4	45	0.99
0.0860215053763441	4	45	0.99
0.173076923076923	4	45	0.99
0.140845070422535	4	45	0.99
0.10958904109589	4	45	0.99
0.115942028985507	4	45	0.99
0.153846153846154	4	45	0.99
0.208333333333333	4	45	0.99
0.176470588235294	4	45	0.99
0.162162162162162	4	45	0.99
0.157894736842105	4	45	0.99
0.0865384615384615	4	45	0.99
0.14	4	45	0.99
0.12962962962963	4	45	0.99
0.522222222222222	4	45	0.99
0.144927536231884	4	45	0.99
0.0952380952380952	4	45	0.99
0.101694915254237	4	45	0.99
0.197530864197531	4	45	0.99
0.1	4	45	0.99
0.225806451612903	4	45	0.99
0.0943396226415094	4	45	0.99
0.122448979591837	4	45	0.99
0.0967741935483871	4	45	0.99
0.0882352941176471	4	45	0.99
0.230769230769231	4	45	0.99
0.4	4	45	0.99
0.219512195121951	4	45	0.99
0.171428571428571	4	45	0.99
0.5	4	45	0.99
0.393939393939394	4	45	0.99
0.612903225806452	4	45	0.99
0.407407407407407	4	45	0.99
0.3	4	45	0.99
0.585365853658537	4	45	0.99
0.470588235294118	4	45	0.99
0.435897435897436	4	45	0.99
0.238095238095238	4	45	0.99
0.555555555555556	4	45	0.99
0.435897435897436	4	45	0.99
0.358974358974359	4	45	0.99
0.333333333333333	4	45	0.99
0.25	4	45	0.99
0.523809523809524	4	45	0.99
0.76	4	45	0.99
0.465116279069767	4	45	0.99
0.321428571428571	4	45	0.99
0.0588235294117647	4	45	0.99
0.0631578947368421	4	45	0.99
0.285714285714286	4	45	0.99
0.416666666666667	4	45	0.99
0.452380952380952	4	45	0.99
0.523809523809524	4	45	0.99
0.528301886792453	4	45	0.99
0.457142857142857	4	45	0.99
0.470588235294118	4	45	0.99
0.388888888888889	4	45	0.99
0.212765957446809	4	45	0.99
0.535714285714286	4	45	0.99
0.54	4	45	0.99
0.615384615384615	4	45	0.99
0.458333333333333	4	45	0.99
0.19047619047619	4	45	0.99
0.333333333333333	4	45	0.99
0.45	4	45	0.99
0.192307692307692	4	45	0.99
0.647058823529412	4	45	0.99
0.454545454545455	4	45	0.99
0.291666666666667	4	45	0.99
0.545454545454545	4	45	0.99
0.519230769230769	4	45	0.99
0.5	4	45	0.99
0.56	4	45	0.99
0.586206896551724	4	45	0.99
0.214285714285714	4	45	0.99
0.324324324324324	4	45	0.99
0.225806451612903	4	45	0.99
0.25	4	45	0.99
0.125	4	45	0.99
0.324324324324324	4	45	0.99
0.196078431372549	4	45	0.99
0.521739130434783	4	45	0.99
0.195121951219512	4	45	0.99
0.5	4	45	0.99
0.0909090909090909	4	45	0.99
0.18	4	45	0.99
0.48	4	45	0.99
0.666666666666667	4	45	0.99
0.388888888888889	4	45	0.99
0.5	4	45	0.99
0.542857142857143	4	45	0.99
0.344827586206897	4	45	0.99
0.333333333333333	4	45	0.99
0.333333333333333	4	45	0.99
0.347826086956522	4	45	0.99
0.277777777777778	4	45	0.99
1	4	45	0.99
0.352941176470588	4	45	0.99
0.352941176470588	4	45	0.99
0.352941176470588	4	45	0.99
0.375	4	45	0.99
0.428571428571429	4	45	0.99
0.4	4	45	0.99
0.4	4	45	0.99
0.428571428571429	4	45	0.99
0.428571428571429	4	45	0.99
0.428571428571429	4	45	0.99
0.461538461538462	4	45	0.99
0.461538461538462	4	45	0.99
0.545454545454545	4	45	0.99
0.545454545454545	4	45	0.99
0.545454545454545	4	45	0.99
0.543478260869565	4	45	0.99
0.214285714285714	4	45	0.99
0.473684210526316	4	45	0.99
0.264705882352941	4	45	0.99
0.705882352941177	4	45	0.99
0.388888888888889	4	45	0.99
0.5	4	45	0.99
0.520833333333333	4	45	0.99
0.416666666666667	4	45	0.99
0.611111111111111	4	45	0.99
0.5	4	45	0.99
0.216216216216216	4	45	0.99
0.5	4	45	0.99
0.461538461538462	4	45	0.99
0.5	4	45	0.99
0.135593220338983	4	45	0.99
0.571428571428571	4	45	0.99
0.692307692307692	4	45	0.99
0.538461538461538	4	45	0.99
0.169230769230769	4	45	0.99
0.368421052631579	4	45	0.99
0.75	4	45	0.99
0.4	4	45	0.99
0.285714285714286	4	45	0.99
0.388888888888889	4	45	0.99
0.109090909090909	4	45	0.99
0.684210526315789	4	45	0.99
0.536585365853659	4	45	0.99
0.380952380952381	4	45	0.99
0.194444444444444	4	45	0.99
0.2	4	45	0.99
0.4	4	45	0.99
0.19047619047619	4	45	0.99
0.24	4	45	0.99
0.2	4	45	0.99
0.411764705882353	4	45	0.99
0.2	4	45	0.99
0.481481481481481	4	45	0.99
0.346153846153846	4	45	0.99
0.482758620689655	4	45	0.99
0.5	4	45	0.99
0.191176470588235	4	45	0.99
0.28	4	45	0.99
0.162162162162162	4	45	0.99
0.516129032258065	4	45	0.99
0.560975609756098	4	45	0.99
0.162162162162162	4	45	0.99
0.12	4	45	0.99
0.260869565217391	4	45	0.99
0.265625	4	45	0.99
0.428571428571429	4	45	0.99
0.194444444444444	4	45	0.99
0.5	4	45	0.99
0.448275862068966	4	45	0.99
0.46	4	45	0.99
0.478260869565217	4	45	0.99
0.0892857142857143	4	45	0.99
0.419354838709677	4	45	0.99
0.551020408163265	4	45	0.99
0.392156862745098	4	45	0.99
0.423076923076923	4	45	0.99
0.181818181818182	4	45	0.99
0.5	4	45	0.99
0.34375	4	45	0.99
0.416666666666667	4	45	0.99
0.25	4	45	0.99
0.516129032258065	4	45	0.99
0.46875	4	45	0.99
0.366666666666667	4	45	0.99
0.255813953488372	4	45	0.99
0.351351351351351	4	45	0.99
0.107142857142857	4	45	0.99
0.6	4	45	0.99
0.215686274509804	4	45	0.99
0.416666666666667	4	45	0.99
0.777777777777778	4	45	0.99
0.75	4	45	0.99
0.513513513513513	4	45	0.99
0.583333333333333	4	45	0.99
0.333333333333333	4	45	0.99
0.166666666666667	4	45	0.99
0.244897959183673	4	45	0.99
0.48	4	45	0.99
0.444444444444444	4	45	0.99
0.1875	4	45	0.99
0.586206896551724	4	45	0.99
0.102803738317757	4	45	0.99
0.0566037735849057	4	45	0.99
0.206896551724138	4	45	0.99
0.1	4	45	0.99
0.134146341463415	4	45	0.99
0.160919540229885	4	45	0.99
0.121212121212121	4	45	0.99
0.4	4	45	0.99
0.08	4	45	0.99
0.458333333333333	4	45	0.99
0.513513513513513	4	45	0.99
0.59375	4	45	0.99
0.0925925925925926	4	45	0.99
0.144927536231884	4	45	0.99
0.107142857142857	4	45	0.99
0.181818181818182	4	45	0.99
0.25	4	45	0.99
0.478260869565217	4	45	0.99
0.51063829787234	4	45	0.99
0.432835820895522	4	45	0.99
0.323529411764706	4	45	0.99
0.5	4	45	0.99
0.333333333333333	4	45	0.99
0.434782608695652	4	45	0.99
0.21875	4	45	0.99
0.692307692307692	4	45	0.99
0.515151515151515	4	45	0.99
0.571428571428571	4	45	0.99
0.477272727272727	4	45	0.99
0.5	4	45	0.99
0.461538461538462	4	45	0.99
0.269230769230769	4	45	0.99
0.283582089552239	4	45	0.99
0.0806451612903226	4	45	0.99
0.387096774193548	4	45	0.99
0.5	4	45	0.99
0.42	4	45	0.99
0.147058823529412	4	45	0.99
0.458333333333333	4	45	0.99
0.681818181818182	4	45	0.99
0.416666666666667	4	45	0.99
0.40625	4	45	0.99
0.5	4	45	0.99
0.465116279069767	4	45	0.99
0.5	4	45	0.99
0.2	4	45	0.99
0.413793103448276	4	45	0.99
0.666666666666667	4	45	0.99
0.583333333333333	4	45	0.99
0.25	4	45	0.99
0.189189189189189	4	45	0.99
0.538461538461538	4	45	0.99
0.571428571428571	4	45	0.99
0.520833333333333	4	45	0.99
0.6	4	45	0.99
0.347826086956522	4	45	0.99
0.109375	4	45	0.99
0.375	4	45	0.99
0.523809523809524	4	45	0.99
0.333333333333333	4	45	0.99
0.409090909090909	4	45	0.99
0.444444444444444	4	45	0.99
0.421052631578947	4	45	0.99
0.479166666666667	4	45	0.99
0.2	4	45	0.99
0.529411764705882	4	45	0.99
0.5625	4	45	0.99
0.416666666666667	4	45	0.99
0.411764705882353	4	45	0.99
0.163636363636364	4	45	0.99
0.571428571428571	4	45	0.99
0.375	4	45	0.99
0.377777777777778	4	45	0.99
0.235294117647059	4	45	0.99
0.462962962962963	4	45	0.99
0.375	4	45	0.99
0.193548387096774	4	45	0.99
0.526315789473684	4	45	0.99
0.344827586206897	4	45	0.99
0.574468085106383	4	45	0.99
0.217391304347826	4	45	0.99
0.25	4	45	0.99
0.409090909090909	4	45	0.99
0.4	4	45	0.99
0.5	4	45	0.99
0.464285714285714	4	45	0.99
0.481481481481481	4	45	0.99
0.518518518518518	4	45	0.99
0.272727272727273	4	45	0.99
0.136363636363636	4	45	0.99
0.153846153846154	4	45	0.99
0.583333333333333	4	45	0.99
0.558139534883721	4	45	0.99
0.115384615384615	4	45	0.99
0.24	4	45	0.99
0.5	4	45	0.99
0.153846153846154	4	45	0.99
0.285714285714286	4	45	0.99
0.5	4	45	0.99
0.28125	4	45	0.99
0.631578947368421	4	45	0.99
0.137931034482759	4	45	0.99
0.415094339622642	4	45	0.99
0.333333333333333	4	45	0.99
0.5	4	45	0.99
0.0983606557377049	4	45	0.99
0.5	4	45	0.99
0.464285714285714	4	45	0.99
0.296296296296296	4	45	0.99
0.5	4	45	0.99
0.162162162162162	4	45	0.99
0.4	4	45	0.99
0.517241379310345	4	45	0.99
0.210526315789474	4	45	0.99
0.55	4	45	0.99
0.35	4	45	0.99
0.206896551724138	4	45	0.99
0.176470588235294	4	45	0.99
0.666666666666667	4	45	0.99
0.478260869565217	4	45	0.99
0.441176470588235	4	45	0.99
0.333333333333333	4	45	0.99
0.142857142857143	4	45	0.99
0.466666666666667	4	45	0.99
0.4375	4	45	0.99
0.142857142857143	4	45	0.99
0.466666666666667	4	45	0.99
0.452380952380952	4	45	0.99
0.625	4	45	0.99
0.435897435897436	4	45	0.99
0.205128205128205	4	45	0.99
0.490566037735849	4	45	0.99
0.392156862745098	4	45	0.99
0.469387755102041	4	45	0.99
0.564516129032258	4	45	0.99
0.129032258064516	4	45	0.99
0.4	4	45	0.99
0.0645161290322581	4	45	0.99
0.0932203389830508	4	45	0.99
0.484375	4	45	0.99
0.111111111111111	4	45	0.99
0.152173913043478	4	45	0.99
0.555555555555556	4	45	0.99
0.348837209302326	4	45	0.99
0.255555555555556	4	45	0.99
0.407407407407407	4	45	0.99
0.230769230769231	4	45	0.99
0.166666666666667	4	45	0.99
0.51063829787234	4	45	0.99
0.288888888888889	4	45	0.99
0.4	4	45	0.99
0.405797101449275	4	45	0.99
0.266666666666667	4	45	0.99
0.5	4	45	0.99
0.54	4	45	0.99
0.454545454545455	4	45	0.99
0.619047619047619	4	45	0.99
0.291666666666667	4	45	0.99
0.351351351351351	4	45	0.99
0.5	4	45	0.99
0.446808510638298	4	45	0.99
0.433333333333333	4	45	0.99
0.352941176470588	4	45	0.99
0.64	4	45	0.99
0.492957746478873	4	45	0.99
0.304347826086957	4	45	0.99
0.333333333333333	4	45	0.99
0.457142857142857	4	45	0.99
0.2	4	45	0.99
0.378787878787879	4	45	0.99
0.232142857142857	4	45	0.99
0.267605633802817	4	45	0.99
0.256756756756757	4	45	0.99
0.246753246753247	4	45	0.99
0.25	4	45	0.99
0.253333333333333	4	45	0.99
0.228915662650602	4	45	0.99
0.231707317073171	4	45	0.99
0.234567901234568	4	45	0.99
0.202127659574468	4	45	0.99
0.202127659574468	4	45	0.99
0.204301075268817	4	45	0.99
0.2	4	45	0.99
0.197916666666667	4	45	0.99
0.2	4	45	0.99
0.195876288659794	4	45	0.99
0.193877551020408	4	45	0.99
0.19	4	45	0.99
0.195876288659794	4	45	0.99
0.191919191919192	4	45	0.99
0.202127659574468	4	45	0.99
0.183673469387755	4	45	0.99
0.19	4	45	0.99
0.23728813559322	4	45	0.99
0.113207547169811	4	45	0.99
0.285714285714286	4	45	0.99
0.604651162790698	4	45	0.99
0.494252873563218	4	45	0.99
0.578947368421053	4	45	0.99
0.476190476190476	4	45	0.99
0.153846153846154	4	45	0.99
0.245614035087719	4	45	0.99
0.351351351351351	4	45	0.99
0.119047619047619	4	45	0.99
0.439024390243902	4	45	0.99
0.259259259259259	4	45	0.99
0.24390243902439	4	45	0.99
0.4	4	45	0.99
0.1875	4	45	0.99
0.111111111111111	4	45	0.99
0.517857142857143	4	45	0.99
0.457142857142857	4	45	0.99
0.481481481481481	4	45	0.99
0.205882352941176	4	45	0.99
0.106382978723404	4	45	0.99
0.19047619047619	4	45	0.99
0.382352941176471	4	45	0.99
0.418918918918919	4	45	0.99
0.451612903225806	4	45	0.99
0.653846153846154	4	45	0.99
0.422222222222222	4	45	0.99
0.352941176470588	4	45	0.99
0.571428571428571	4	45	0.99
0.424242424242424	4	45	0.99
0.163265306122449	4	45	0.99
0.225	4	45	0.99
0.157894736842105	4	45	0.99
0.388888888888889	4	45	0.99
0.265625	4	45	0.99
0.5625	4	45	0.99
0.294117647058824	4	45	0.99
0.361111111111111	4	45	0.99
0.52	4	45	0.99
0.647058823529412	4	45	0.99
0.4	4	45	0.99
0.181818181818182	4	45	0.99
0.518518518518518	4	45	0.99
0.571428571428571	4	45	0.99
0.166666666666667	4	45	0.99
0.4125	4	45	0.99
0.513513513513513	4	45	0.99
0.514285714285714	4	45	0.99
0.166666666666667	4	45	0.99
0.230769230769231	4	45	0.99
0.476190476190476	4	45	0.99
0.5	4	45	0.99
0.425	4	45	0.99
0.4	4	45	0.99
0.625	4	45	0.99
0.454545454545455	4	45	0.99
0.294117647058824	4	45	0.99
0.368421052631579	4	45	0.99
0.266666666666667	4	45	0.99
0.379310344827586	4	45	0.99
0.206896551724138	4	45	0.99
0.214285714285714	4	45	0.99
0.35	4	45	0.99
0.393939393939394	4	45	0.99
0.259259259259259	4	45	0.99
0.555555555555556	4	45	0.99
0.384615384615385	4	45	0.99
0.518518518518518	4	45	0.99
0.666666666666667	4	45	0.99
0.533333333333333	4	45	0.99
0.454545454545455	4	45	0.99
0.555555555555556	4	45	0.99
0.166666666666667	4	45	0.99
0.542857142857143	4	45	0.99
0.171428571428571	4	45	0.99
0.434782608695652	4	45	0.99
0.441176470588235	4	45	0.99
0.132075471698113	4	45	0.99
0.472222222222222	4	45	0.99
0.375	4	45	0.99
0.692307692307692	4	45	0.99
0.424242424242424	4	45	0.99
0.203703703703704	4	45	0.99
0.526315789473684	4	45	0.99
0.333333333333333	4	45	0.99
0.352941176470588	4	45	0.99
0.441176470588235	4	45	0.99
0.457627118644068	4	45	0.99
0.538461538461538	4	45	0.99
0.206896551724138	4	45	0.99
0.302325581395349	4	45	0.99
0.294117647058824	4	45	0.99
0.379310344827586	4	45	0.99
0.25	4	45	0.99
0.545454545454545	4	45	0.99
0.514705882352941	4	45	0.99
0.538461538461538	4	45	0.99
0.508771929824561	4	45	0.99
0.173913043478261	4	45	0.99
0.354838709677419	4	45	0.99
0.578947368421053	4	45	0.99
0.676470588235294	4	45	0.99
0.258064516129032	4	45	0.99
0.472727272727273	4	45	0.99
0.3	4	45	0.99
0.368421052631579	4	45	0.99
0.46	4	45	0.99
0.230769230769231	4	45	0.99
0.444444444444444	4	45	0.99
0.211538461538462	4	45	0.99
0.421052631578947	4	45	0.99
0.214285714285714	4	45	0.99
0.170212765957447	4	45	0.99
0.212121212121212	4	45	0.99
0.205882352941176	4	45	0.99
0.259259259259259	4	45	0.99
0.407407407407407	4	45	0.99
0.65625	4	45	0.99
0.119402985074627	4	45	0.99
0.457142857142857	4	45	0.99
0.25	4	45	0.99
0.508771929824561	4	45	0.99
0.2	4	45	0.99
0.19047619047619	4	45	0.99
0.53030303030303	4	45	0.99
0.108108108108108	4	45	0.99
0.261538461538462	4	45	0.99
0.52	4	45	0.99
0.133333333333333	4	45	0.99
0.135593220338983	4	45	0.99
0.210526315789474	4	45	0.99
0.394366197183099	4	45	0.99
0.48	4	45	0.99
0.564102564102564	4	45	0.99
0.226415094339623	4	45	0.99
0.0521739130434783	4	45	0.99
0.476190476190476	4	45	0.99
0.25	4	45	0.99
0.214285714285714	4	45	0.99
0.393939393939394	4	45	0.99
0.0759493670886076	4	45	0.99
0.142857142857143	4	45	0.99
0.88	4	45	0.99
0.117647058823529	4	45	0.99
0.074468085106383	4	45	0.99
0.072289156626506	4	45	0.99
0.0833333333333333	4	45	0.99
0.244444444444444	4	45	0.99
0.0625	4	45	0.99
0.148936170212766	4	45	0.99
0.121212121212121	4	45	0.99
0.15	4	45	0.99
0.0714285714285714	4	45	0.99
0.25	4	45	0.99
0.4	4	45	0.99
0.0845070422535211	4	45	0.99
0.15625	4	45	0.99
0.145454545454545	4	45	0.99
0.25	4	45	0.99
0.222222222222222	4	45	0.99
0.142857142857143	4	45	0.99
0.0808080808080808	4	45	0.99
0.193548387096774	4	45	0.99
0.517241379310345	4	45	0.99
0.384615384615385	4	45	0.99
0.5	4	45	0.99
0.384615384615385	4	45	0.99
0.513513513513513	4	45	0.99
0.233333333333333	4	45	0.99
0.470588235294118	4	45	0.99
0.555555555555556	4	45	0.99
0.392857142857143	4	45	0.99
0.225	4	45	0.99
0.536585365853659	4	45	0.99
0.142857142857143	4	45	0.99
0.179487179487179	4	45	0.99
0.542857142857143	4	45	0.99
0.235294117647059	4	45	0.99
0.260869565217391	4	45	0.99
0.3	4	45	0.99
0.393939393939394	4	45	0.99
0.548387096774194	4	45	0.99
0.175	4	45	0.99
0.444444444444444	4	45	0.99
0.9	4	45	0.99
0.277777777777778	4	45	0.99
0.5	4	45	0.99
0.280701754385965	4	45	0.99
0.149425287356322	4	45	0.99
0.058252427184466	4	45	0.99
0.126984126984127	4	45	0.99
0.463414634146341	4	45	0.99
0.318181818181818	4	45	0.99
0.484848484848485	4	45	0.99
0.361111111111111	4	45	0.99
0.5	4	45	0.99
0.114285714285714	4	45	0.99
0.0549450549450549	4	45	0.99
0.290322580645161	4	45	0.99
0.294117647058824	4	45	0.99
0.403846153846154	4	45	0.99
0.5	4	45	0.99
0.14	4	45	0.99
0.24	4	45	0.99
0.233333333333333	4	45	0.99
0.072463768115942	4	45	0.99
0.229166666666667	4	45	0.99
0.130434782608696	4	45	0.99
0.303030303030303	4	45	0.99
0.21875	4	45	0.99
0.564102564102564	4	45	0.99
0.518518518518518	4	45	0.99
0.260869565217391	4	45	0.99
0.28	4	45	0.99
0.476190476190476	4	45	0.99
0.518518518518518	4	45	0.99
0.2	4	45	0.99
0.342105263157895	4	45	0.99
0.157894736842105	4	45	0.99
0.574468085106383	4	45	0.99
0.193548387096774	4	45	0.99
0.347826086956522	4	45	0.99
0.41304347826087	4	45	0.99
0.413793103448276	4	45	0.99
0.530612244897959	4	45	0.99
0.0909090909090909	4	45	0.99
0.62	4	45	0.99
0.1875	4	45	0.99
0.0895522388059701	4	45	0.99
0.482758620689655	4	45	0.99
0.625	4	45	0.99
0.525	4	45	0.99
0.379310344827586	4	45	0.99
0.48	4	45	0.99
0.375	4	45	0.99
0.291666666666667	4	45	0.99
0.282051282051282	4	45	0.99
0.470588235294118	4	45	0.99
0.408163265306122	4	45	0.99
0.371428571428571	4	45	0.99
0.214285714285714	4	45	0.99
0.375	4	45	0.99
0.461538461538462	4	45	0.99
0.388888888888889	4	45	0.99
0.5	4	45	0.99
0.596491228070175	4	45	0.99
0.457142857142857	4	45	0.99
0.206896551724138	4	45	0.99
0.15625	4	45	0.99
0.513274336283186	4	45	0.99
0.103448275862069	4	45	0.99
0.575757575757576	4	45	0.99
0.16	4	45	0.99
0.192307692307692	4	45	0.99
0.444444444444444	4	45	0.99
0.288461538461538	4	45	0.99
0.333333333333333	4	45	0.99
0.578125	4	45	0.99
0.5	4	45	0.99
0.25	4	45	0.99
0.576923076923077	4	45	0.99
0.314285714285714	4	45	0.99
0.475	4	45	0.99
0.317073170731707	4	45	0.99
0.470588235294118	4	45	0.99
0.476190476190476	4	45	0.99
0.205479452054795	4	45	0.99
0.428571428571429	4	45	0.99
0.512820512820513	4	45	0.99
0.666666666666667	4	45	0.99
0.571428571428571	4	45	0.99
0.5	4	45	0.99
0.393939393939394	4	45	0.99
0.235294117647059	4	45	0.99
0.290909090909091	4	45	0.99
0.526315789473684	4	45	0.99
0.833333333333333	4	45	0.99
0.486486486486487	4	45	0.99
0.48780487804878	4	45	0.99
0.513513513513513	4	45	0.99
0.458333333333333	4	45	0.99
0.285714285714286	4	45	0.99
0.769230769230769	4	45	0.99
0.535714285714286	4	45	0.99
0.142857142857143	4	45	0.99
0.264705882352941	4	45	0.99
0.568627450980392	4	45	0.99
0.439024390243902	4	45	0.99
0.4375	4	45	0.99
0.457142857142857	4	45	0.99
0.295454545454545	4	45	0.99
0.38	4	45	0.99
0.292682926829268	4	45	0.99
0.526315789473684	4	45	0.99
0.172413793103448	4	45	0.99
0.113207547169811	4	45	0.99
0.414634146341463	4	45	0.99
0.0588235294117647	4	45	0.99
0.192307692307692	4	45	0.99
0.113207547169811	4	45	0.99
0.0535714285714286	4	45	0.99
0.16260162601626	4	45	0.99
0.102941176470588	4	45	0.99
0.109090909090909	4	45	0.99
0.111111111111111	4	45	0.99
0.285714285714286	4	45	0.99
0.236842105263158	4	45	0.99
0.578947368421053	4	45	0.99
0.0975609756097561	4	45	0.99
0.0571428571428571	4	45	0.99
0.0714285714285714	4	45	0.99
0.09	4	45	0.99
0.072	4	45	0.99
0.0737704918032787	4	45	0.99
0.0873015873015873	4	45	0.99
0.0973451327433628	4	45	0.99
0.0650406504065041	4	45	0.99
0.0909090909090909	4	45	0.99
0.0975609756097561	4	45	0.99
0.122222222222222	4	45	0.99
0.145161290322581	4	45	0.99
0.106060606060606	4	45	0.99
0.282051282051282	4	45	0.99
0.0921052631578947	4	45	0.99
0.113207547169811	4	45	0.99
0.0566037735849057	4	45	0.99
0.056	4	45	0.99
0.0727272727272727	4	45	0.99
0.0823529411764706	4	45	0.99
0.157894736842105	4	45	0.99
0.153846153846154	4	45	0.99
0.274509803921569	4	45	0.99
0.8	4	45	0.99
0.736842105263158	4	45	0.99
0.222222222222222	4	45	0.99
0.6875	4	45	0.99
0.666666666666667	4	45	0.99
0.3125	4	45	0.99
0.571428571428571	4	45	0.99
0.65	4	45	0.99
0.828571428571429	4	45	0.99
0.315789473684211	4	45	0.99
0.542857142857143	4	45	0.99
0.428571428571429	4	45	0.99
0.285714285714286	4	45	0.99
0.454545454545455	4	45	0.99
1	4	45	0.99
0.342105263157895	4	45	0.99
0.625	4	45	0.99
1	4	45	0.99
0.176470588235294	4	45	0.99
0.176470588235294	4	45	0.99
0.4	4	45	0.99
0.258064516129032	4	45	0.99
0.368421052631579	4	45	0.99
0.657142857142857	4	45	0.99
0.65	4	45	0.99
0.818181818181818	4	45	0.99
0.740740740740741	4	45	0.99
0.742857142857143	4	45	0.99
0.227272727272727	4	45	0.99
0.678571428571429	4	45	0.99
0.291666666666667	4	45	0.99
0.653846153846154	4	45	0.99
0.24	4	45	0.99
0.666666666666667	4	45	0.99
0.333333333333333	4	45	0.99
0.5	4	45	0.99
0.222222222222222	4	45	0.99
0.15	4	45	0.99
0.277777777777778	4	45	0.99
0.8	4	45	0.99
0.685714285714286	4	45	0.99
0.727272727272727	4	45	0.99
0.181818181818182	4	45	0.99
0.222222222222222	4	45	0.99
0.358974358974359	4	45	0.99
0.15625	4	45	0.99
0.333333333333333	4	45	0.99
0.24	4	45	0.99
0.678571428571429	4	45	0.99
0.227272727272727	4	45	0.99
0.2	4	45	0.99
0.285714285714286	4	45	0.99
0.366666666666667	4	45	0.99
0.434782608695652	4	45	0.99
0.285714285714286	4	45	0.99
0.354838709677419	4	45	0.99
0.136363636363636	4	45	0.99
0.75	4	45	0.99
0.24	4	45	0.99
0.1875	4	45	0.99
0.772727272727273	4	45	0.99
0.25	4	45	0.99
0.529411764705882	4	45	0.99
0.722222222222222	4	45	0.99
0.739130434782609	4	45	0.99
0.714285714285714	4	45	0.99
0.678571428571429	4	45	0.99
0.571428571428571	4	45	0.99
0.714285714285714	4	45	0.99
0.217391304347826	4	45	0.99
0.647058823529412	4	45	0.99
0.341463414634146	4	45	0.99
0.739130434782609	4	45	0.99
0.703703703703704	4	45	0.99
0.285714285714286	4	45	0.99
0.777777777777778	4	45	0.99
0.733333333333333	4	45	0.99
0.32	4	45	0.99
0.233333333333333	4	45	0.99
0.2	4	45	0.99
0.137254901960784	4	45	0.99
0.125	4	45	0.99
0.0740740740740741	4	45	0.99
0.0697674418604651	4	45	0.99
0.275862068965517	4	45	0.99
0.0740740740740741	4	45	0.99
0.304347826086957	4	45	0.99
0.3125	4	45	0.99
0.146341463414634	4	45	0.99
0.28125	4	45	0.99
0.0875	4	45	0.99
0.423076923076923	4	45	0.99
0.4	4	45	0.99
0.101449275362319	4	45	0.99
0.0972222222222222	4	45	0.99
0.153846153846154	4	45	0.99
0.125	4	45	0.99
0.126984126984127	4	45	0.99
0.125	4	45	0.99
0.109090909090909	4	45	0.99
0.0945945945945946	4	45	0.99
0.126984126984127	4	45	0.99
0.204081632653061	4	45	0.99
0.789473684210526	4	45	0.99
0.0845070422535211	4	45	0.99
0.419354838709677	4	45	0.99
0.0857142857142857	4	45	0.99
0.0909090909090909	4	45	0.99
0.106060606060606	4	45	0.99
0.11864406779661	4	45	0.99
0.0606060606060606	4	45	0.99
0.0895522388059701	4	45	0.99
0.10958904109589	4	45	0.99
0.107142857142857	4	45	0.99
0.461538461538462	4	45	0.99
0.517241379310345	4	45	0.99
0.157894736842105	4	45	0.99
0.473684210526316	4	45	0.99
0.636363636363636	4	45	0.99
0.588235294117647	4	45	0.99
0.418604651162791	4	45	0.99
0.138888888888889	4	45	0.99
0.425	4	45	0.99
0.378378378378378	4	45	0.99
0.233333333333333	4	45	0.99
0.162790697674419	4	45	0.99
0.529411764705882	4	45	0.99
0.638888888888889	4	45	0.99
0.40625	4	45	0.99
0.5	4	45	0.99
0.144927536231884	4	45	0.99
0.52	4	45	0.99
0.130434782608696	4	45	0.99
0.236842105263158	4	45	0.99
0.6	4	45	0.99
0.172413793103448	4	45	0.99
0.666666666666667	4	45	0.99
0.54639175257732	4	45	0.99
0.215686274509804	4	45	0.99
0.222222222222222	4	45	0.99
0.473684210526316	4	45	0.99
0.15	4	45	0.99
0.0754716981132075	4	45	0.99
0.0714285714285714	4	45	0.99
0.807692307692308	4	45	0.99
0.447368421052632	4	45	0.99
0.5	4	45	0.99
0.5	4	45	0.99
0.37037037037037	4	45	0.99
0.523809523809524	4	45	0.99
0.6	4	45	0.99
0.257142857142857	4	45	0.99
0.243243243243243	4	45	0.99
0.1875	4	45	0.99
0.275	4	45	0.99
0.533333333333333	4	45	0.99
0.125	4	45	0.99
0.0967741935483871	4	45	0.99
0.607142857142857	4	45	0.99
0.0983606557377049	4	45	0.99
0.23728813559322	4	45	0.99
0.307692307692308	4	45	0.99
0.542857142857143	4	45	0.99
0.446428571428571	4	45	0.99
0.13953488372093	4	45	0.99
0.0972222222222222	4	45	0.99
0.391304347826087	4	45	0.99
0.0697674418604651	4	45	0.99
0.0666666666666667	4	45	0.99
0.479166666666667	4	45	0.99
0.518518518518518	4	45	0.99
0.472222222222222	4	45	0.99
0.12962962962963	4	45	0.99
0.5	4	45	0.99
0.0967741935483871	4	45	0.99
0.285714285714286	4	45	0.99
0.428571428571429	4	45	0.99
0.177777777777778	4	45	0.99
0.458333333333333	4	45	0.99
0.45	4	45	0.99
0.62962962962963	4	45	0.99
0.428571428571429	4	45	0.99
0.116279069767442	4	45	0.99
0.233333333333333	4	45	0.99
0.5625	4	45	0.99
0.479452054794521	4	45	0.99
0.580645161290323	4	45	0.99
0.565217391304348	4	45	0.99
0.333333333333333	4	45	0.99
0.482758620689655	4	45	0.99
0.113207547169811	4	45	0.99
0.177777777777778	4	45	0.99
0.210526315789474	4	45	0.99
0.153846153846154	4	45	0.99
0.4	4	45	0.99
0.25	4	45	0.99
0.138888888888889	4	45	0.99
0.434782608695652	4	45	0.99
0.461538461538462	4	45	0.99
0.60377358490566	4	45	0.99
0.436363636363636	4	45	0.99
0.0847457627118644	4	45	0.99
0.228571428571429	4	45	0.99
0.487179487179487	4	45	0.99
0.59375	4	45	0.99
0.458333333333333	4	45	0.99
0.125	4	45	0.99
0.442857142857143	4	45	0.99
0.491525423728814	4	45	0.99
0.25	4	45	0.99
0.144444444444444	4	45	0.99
0.122448979591837	4	45	0.99
0.0810810810810811	4	45	0.99
0.13953488372093	4	45	0.99
0.489130434782609	4	45	0.99
0.352941176470588	4	45	0.99
0.121212121212121	4	45	0.99
0.126984126984127	4	45	0.99
0.131147540983607	4	45	0.99
0.444444444444444	4	45	0.99
0.523809523809524	4	45	0.99
0.294117647058824	4	45	0.99
0.393939393939394	4	45	0.99
0.112903225806452	4	45	0.99
0.0714285714285714	4	45	0.99
0.316455696202532	4	45	0.99
0.520547945205479	4	45	0.99
0.12	4	45	0.99
0.264705882352941	4	45	0.99
0.179487179487179	4	45	0.99
0.130434782608696	4	45	0.99
0.55	4	45	0.99
0.296296296296296	4	45	0.99
0.292682926829268	4	45	0.99
0.282051282051282	4	45	0.99
0.674418604651163	4	45	0.99
0.535714285714286	4	45	0.99
0.354838709677419	4	45	0.99
0.196078431372549	4	45	0.99
0.433333333333333	4	45	0.99
0.127659574468085	4	45	0.99
0.0895522388059701	4	45	0.99
0.363636363636364	4	45	0.99
0.428571428571429	4	45	0.99
0.292682926829268	4	45	0.99
0.457142857142857	4	45	0.99
0.482758620689655	4	45	0.99
0.482758620689655	4	45	0.99
0.447368421052632	4	45	0.99
0.366666666666667	4	45	0.99
0.210526315789474	4	45	0.99
0.434782608695652	4	45	0.99
0.333333333333333	4	45	0.99
0.53125	4	45	0.99
0.194444444444444	4	45	0.99
0.53125	4	45	0.99
0.421052631578947	4	45	0.99
0.565217391304348	4	45	0.99
0.416666666666667	4	45	0.99
0.205882352941176	4	45	0.99
0.333333333333333	4	45	0.99
0.51219512195122	4	45	0.99
0.243243243243243	4	45	0.99
0.444444444444444	4	45	0.99
0.394736842105263	4	45	0.99
0.482142857142857	4	45	0.99
0.121951219512195	4	45	0.99
0.181818181818182	4	45	0.99
0.0945945945945946	4	45	0.99
0.107692307692308	4	45	0.99
0.409090909090909	4	45	0.99
0.410958904109589	4	45	0.99
0.5	4	45	0.99
0.590909090909091	4	45	0.99
0.228571428571429	4	45	0.99
0.382978723404255	4	45	0.99
0.477272727272727	4	45	0.99
0.53968253968254	4	45	0.99
0.11864406779661	4	45	0.99
0.483870967741935	4	45	0.99
0.347826086956522	4	45	0.99
0.233333333333333	4	45	0.99
0.1875	4	45	0.99
0.380952380952381	4	45	0.99
0.526315789473684	4	45	0.99
0.555555555555556	4	45	0.99
0.0909090909090909	4	45	0.99
0.222222222222222	4	45	0.99
0.272727272727273	4	45	0.99
0.56	4	45	0.99
0.470588235294118	4	45	0.99
0.328571428571429	4	45	0.99
0.473684210526316	4	45	0.99
0.447368421052632	4	45	0.99
0.625	4	45	0.99
0.448275862068966	4	45	0.99
0.333333333333333	4	45	0.99
0.578947368421053	4	45	0.99
0.5	4	45	0.99
0.409090909090909	4	45	0.99
0.302325581395349	4	45	0.99
0.268292682926829	4	45	0.99
0.615384615384615	4	45	0.99
0.217391304347826	4	45	0.99
0.441860465116279	4	45	0.99
0.256410256410256	4	45	0.99
0.588235294117647	4	45	0.99
0.481481481481481	4	45	0.99
0.377777777777778	4	45	0.99
0.239130434782609	4	45	0.99
0.303030303030303	4	45	0.99
0.166666666666667	4	45	0.99
0.511111111111111	4	45	0.99
0.578947368421053	4	45	0.99
0.4	4	45	0.99
0.32	4	45	0.99
0.652173913043478	4	45	0.99
0.53125	4	45	0.99
0.305555555555556	4	45	0.99
0.632352941176471	4	45	0.99
0.272727272727273	4	45	0.99
0.571428571428571	4	45	0.99
0.28	4	45	0.99
0.551724137931034	4	45	0.99
0.0740740740740741	4	45	0.99
0.156862745098039	4	45	0.99
0.30188679245283	4	45	0.99
0.216216216216216	4	45	0.99
0.319148936170213	4	45	0.99
0.23728813559322	4	45	0.99
0.0697674418604651	4	45	0.99
0.121951219512195	4	45	0.99
0.652173913043478	4	45	0.99
0.636363636363636	4	45	0.99
0.342857142857143	4	45	0.99
0.254237288135593	4	45	0.99
0.208333333333333	4	45	0.99
0.339285714285714	4	45	0.99
0.0895522388059701	4	45	0.99
0.531914893617021	4	45	0.99
0.604651162790698	4	45	0.99
0.347826086956522	4	45	0.99
0.266666666666667	4	45	0.99
0.0862068965517241	4	45	0.99
0.152777777777778	4	45	0.99
0.315789473684211	4	45	0.99
0.315789473684211	4	45	0.99
0.513513513513513	4	45	0.99
0.107142857142857	4	45	0.99
0.214285714285714	4	45	0.99
0.5	4	45	0.99
0.48936170212766	4	45	0.99
0.196428571428571	4	45	0.99
0.404255319148936	4	45	0.99
0.12	4	45	0.99
0.24	4	45	0.99
0.171875	4	45	0.99
0.184210526315789	4	45	0.99
0.303030303030303	4	45	0.99
0.452380952380952	4	45	0.99
0.3	4	45	0.99
0.4	4	45	0.99
0.457142857142857	4	45	0.99
0.555555555555556	4	45	0.99
0.263157894736842	4	45	0.99
0.0681818181818182	4	45	0.99
0.1	4	45	0.99
0.384615384615385	4	45	0.99
0.127272727272727	4	45	0.99
0.101449275362319	4	45	0.99
0.0579710144927536	4	45	0.99
0.1	4	45	0.99
0.0725806451612903	4	45	0.99
0.0752688172043011	4	45	0.99
0.166666666666667	4	45	0.99
0.0666666666666667	4	45	0.99
0.494252873563218	4	45	0.99
0.125	4	45	0.99
0.112676056338028	4	45	0.99
0.0813953488372093	4	45	0.99
0.157894736842105	4	45	0.99
0.133333333333333	4	45	0.99
0.12987012987013	4	45	0.99
0.269230769230769	4	45	0.99
0.264705882352941	4	45	0.99
0.222222222222222	4	45	0.99
0.205128205128205	4	45	0.99
0.13953488372093	4	45	0.99
0.16	4	45	0.99
0.194444444444444	4	45	0.99
0.45	4	45	0.99
0.177777777777778	4	45	0.99
0.528301886792453	4	45	0.99
0.136363636363636	4	45	0.99
0.409090909090909	4	45	0.99
0.6	4	45	0.99
0.485714285714286	4	45	0.99
0.615384615384615	4	45	0.99
0.333333333333333	4	45	0.99
0.261904761904762	4	45	0.99
0.285714285714286	4	45	0.99
0.260869565217391	4	45	0.99
0.517241379310345	4	45	0.99
0.217391304347826	4	45	0.99
0.19047619047619	4	45	0.99
0.209302325581395	4	45	0.99
0.253521126760563	4	45	0.99
0.274509803921569	4	45	0.99
0.214285714285714	4	45	0.99
0.555555555555556	4	45	0.99
0.457142857142857	4	45	0.99
0.5	4	45	0.99
0.565217391304348	4	45	0.99
0.375	4	45	0.99
0.456521739130435	4	45	0.99
0.354838709677419	4	45	0.99
0.435897435897436	4	45	0.99
0.416666666666667	4	45	0.99
0.454545454545455	4	45	0.99
0.448275862068966	4	45	0.99
0.458333333333333	4	45	0.99
0.526315789473684	4	45	0.99
0.25	4	45	0.99
0.5	4	45	0.99
0.325581395348837	4	45	0.99
0.392857142857143	4	45	0.99
0.416666666666667	4	45	0.99
0.485714285714286	4	45	0.99
0.568181818181818	4	45	0.99
0.117647058823529	4	45	0.99
0.484375	4	45	0.99
0.468085106382979	4	45	0.99
0.357142857142857	4	45	0.99
0.211538461538462	4	45	0.99
0.555555555555556	4	45	0.99
0.5	4	45	0.99
0.222222222222222	4	45	0.99
0.4375	4	45	0.99
0.347826086956522	4	45	0.99
0.509090909090909	4	45	0.99
0.347826086956522	4	45	0.99
0.393939393939394	4	45	0.99
0.2	4	45	0.99
0.28125	4	45	0.99
0.24	4	45	0.99
0.435897435897436	4	45	0.99
0.1875	4	45	0.99
0.407407407407407	4	45	0.99
0.318181818181818	4	45	0.99
0.5	4	45	0.99
0.125	4	45	0.99
0.442622950819672	4	45	0.99
0.608695652173913	4	45	0.99
0.206896551724138	4	45	0.99
0.442622950819672	4	45	0.99
0.2	4	45	0.99
0.291666666666667	4	45	0.99
0.163934426229508	4	45	0.99
0.159090909090909	4	45	0.99
0.483333333333333	4	45	0.99
0.171428571428571	4	45	0.99
0.108695652173913	4	45	0.99
0.25	4	45	0.99
0.160714285714286	4	45	0.99
0.142857142857143	4	45	0.99
0.133333333333333	4	45	0.99
0.0869565217391304	4	45	0.99
0.072289156626506	4	45	0.99
0.123456790123457	4	45	0.99
0.101694915254237	4	45	0.99
0.205882352941176	4	45	0.99
0.13953488372093	4	45	0.99
0.208333333333333	4	45	0.99
0.216216216216216	4	45	0.99
0.432432432432432	4	45	0.99
0.0645161290322581	4	45	0.99
0.0975609756097561	4	45	0.99
0.0983606557377049	4	45	0.99
0.101449275362319	4	45	0.99
0.0714285714285714	4	45	0.99
0.155172413793103	4	45	0.99
0.48780487804878	4	45	0.99
0.222222222222222	4	45	0.99
0.475409836065574	4	45	0.99
0.241379310344828	4	45	0.99
0.186046511627907	4	45	0.99
0.304347826086957	4	45	0.99
0.41304347826087	4	45	0.99
0.219512195121951	4	45	0.99
0.514285714285714	4	45	0.99
0.121212121212121	4	45	0.99
0.448275862068966	4	45	0.99
0.15625	4	45	0.99
0.184210526315789	4	45	0.99
0.421052631578947	4	45	0.99
0.578947368421053	4	45	0.99
0.122448979591837	4	45	0.99
0.275	4	45	0.99
0.333333333333333	4	45	0.99
0.452830188679245	4	45	0.99
0.227272727272727	4	45	0.99
0.333333333333333	4	45	0.99
0.444444444444444	4	45	0.99
0.481481481481481	4	45	0.99
0.454545454545455	4	45	0.99
0.310344827586207	4	45	0.99
0.434782608695652	4	45	0.99
0.236842105263158	4	45	0.99
0.166666666666667	4	45	0.99
0.302325581395349	4	45	0.99
0.42	4	45	0.99
0.520833333333333	4	45	0.99
0.196078431372549	4	45	0.99
0.479166666666667	4	45	0.99
0.259259259259259	4	45	0.99
0.181818181818182	4	45	0.99
0.238095238095238	4	45	0.99
0.393939393939394	4	45	0.99
0.444444444444444	4	45	0.99
0.467741935483871	4	45	0.99
0.2	4	45	0.99
0.152173913043478	4	45	0.99
0.455882352941176	4	45	0.99
0.191489361702128	4	45	0.99
0.346153846153846	4	45	0.99
0.581395348837209	4	45	0.99
0.46875	4	45	0.99
0.157894736842105	4	45	0.99
0.241379310344828	4	45	0.99
0.333333333333333	4	45	0.99
0.25	4	45	0.99
0.25	4	45	0.99
0.111111111111111	4	45	0.99
0.297297297297297	4	45	0.99
0.548387096774194	4	45	0.99
0.179487179487179	4	45	0.99
0.4	4	45	0.99
0.25	4	45	0.99
0.227272727272727	4	45	0.99
0.409090909090909	4	45	0.99
0.459459459459459	4	45	0.99
0.475	4	45	0.99
0.243243243243243	4	45	0.99
0.597014925373134	4	45	0.99
0.333333333333333	4	45	0.99
0.260869565217391	4	45	0.99
0.439024390243902	4	45	0.99
0.204081632653061	4	45	0.99
0.388888888888889	4	45	0.99
0.258064516129032	4	45	0.99
0.564356435643564	4	45	0.99
0.0458015267175573	4	45	0.99
0.569444444444444	4	45	0.99
0.348837209302326	4	45	0.99
0.479166666666667	4	45	0.99
0.510204081632653	4	45	0.99
0.148148148148148	4	45	0.99
0.12962962962963	4	45	0.99
0.428571428571429	4	45	0.99
0.0972222222222222	4	45	0.99
0.365853658536585	4	45	0.99
0.35	4	45	0.99
0.473684210526316	4	45	0.99
0.25	4	45	0.99
0.2	4	45	0.99
0.553191489361702	4	45	0.99
0.653061224489796	4	45	0.99
0.310344827586207	4	45	0.99
0.257142857142857	4	45	0.99
0.129032258064516	4	45	0.99
0.126760563380282	4	45	0.99
0.142857142857143	4	45	0.99
0.138461538461538	4	45	0.99
0.188679245283019	4	45	0.99
0.0645161290322581	4	45	0.99
0.0777777777777778	4	45	0.99
0.266666666666667	4	45	0.99
0.404761904761905	4	45	0.99
0.285714285714286	4	45	0.99
0.447368421052632	4	45	0.99
0.0909090909090909	4	45	0.99
0.3	4	45	0.99
0.739130434782609	4	45	0.99
0.242424242424242	4	45	0.99
0.38961038961039	4	45	0.99
0.222222222222222	4	45	0.99
0.377049180327869	4	45	0.99
0.13953488372093	4	45	0.99
0.109090909090909	4	45	0.99
0.161290322580645	4	45	0.99
0.482142857142857	4	45	0.99
0.158536585365854	4	45	0.99
0.494736842105263	4	45	0.99
0.230769230769231	4	45	0.99
0.542857142857143	4	45	0.99
0.411764705882353	4	45	0.99
0.1875	4	45	0.99
0.137931034482759	4	45	0.99
0.258064516129032	4	45	0.99
0.142857142857143	4	45	0.99
0.142857142857143	4	45	0.99
0.454545454545455	4	45	0.99
0.545454545454545	4	45	0.99
0.611111111111111	4	45	0.99
0.214285714285714	4	45	0.99
0.474576271186441	4	45	0.99
0.162162162162162	4	45	0.99
0.727272727272727	4	45	0.99
0.296296296296296	4	45	0.99
0.130434782608696	4	45	0.99
0.208333333333333	4	45	0.99
0.407407407407407	4	45	0.99
0.15	4	45	0.99
0.323529411764706	4	45	0.99
0.425925925925926	4	45	0.99
0.0925925925925926	4	45	0.99
0.5625	4	45	0.99
0.444444444444444	4	45	0.99
0.454545454545455	4	45	0.99
0.514285714285714	4	45	0.99
0.492063492063492	4	45	0.99
0.4	4	45	0.99
0.380952380952381	4	45	0.99
0.0961538461538462	4	45	0.99
0.179487179487179	4	45	0.99
0.0972222222222222	4	45	0.99
0.115384615384615	4	45	0.99
0.131147540983607	4	45	0.99
0.384615384615385	4	45	0.99
0.0857142857142857	4	45	0.99
0.418604651162791	4	45	0.99
0.0659340659340659	4	45	0.99
0.0810810810810811	4	45	0.99
0.3	4	45	0.99
0.530612244897959	4	45	0.99
0.127906976744186	4	45	0.99
0.325581395348837	4	45	0.99
0.109375	4	45	0.99
0.111111111111111	4	45	0.99
0.142857142857143	4	45	0.99
0.1	4	45	0.99
0.0707070707070707	4	45	0.99
0.0673076923076923	4	45	0.99
0.151515151515152	4	45	0.99
0.5	4	45	0.99
0.571428571428571	4	45	0.99
0.386363636363636	4	45	0.99
0.0819672131147541	4	45	0.99
0.3125	4	45	0.99
0.53125	4	45	0.99
0.315789473684211	4	45	0.99
0.571428571428571	4	45	0.99
0.196428571428571	4	45	0.99
0.179245283018868	4	45	0.99
0.0638297872340425	4	45	0.99
0.0714285714285714	4	45	0.99
0.0875	4	45	0.99
0.0864197530864197	4	45	0.99
0.255555555555556	4	45	0.99
0.125	4	45	0.99
0.537037037037037	4	45	0.99
0.705882352941177	4	45	0.99
0.185185185185185	4	45	0.99
0.37037037037037	4	45	0.99
0.409090909090909	4	45	0.99
0.175438596491228	4	45	0.99
0.161290322580645	4	45	0.99
0.53448275862069	4	45	0.99
0.431372549019608	4	45	0.99
0.263157894736842	4	45	0.99
0.285714285714286	4	45	0.99
0.511627906976744	4	45	0.99
0.3	4	45	0.99
0.285714285714286	4	45	0.99
0.315789473684211	4	45	0.99
0.225806451612903	4	45	0.99
0.153846153846154	4	45	0.99
0.392857142857143	4	45	0.99
0.217391304347826	4	45	0.99
0.727272727272727	4	45	0.99
0.846153846153846	4	45	0.99
0.222222222222222	4	45	0.99
0.459016393442623	4	45	0.99
0.5	4	45	0.99
0.52	4	45	0.99
0.416666666666667	4	45	0.99
0.382352941176471	4	45	0.99
0.435897435897436	4	45	0.99
0.388888888888889	4	45	0.99
0.625	4	45	0.99
0.611111111111111	4	45	0.99
0.428571428571429	4	45	0.99
0.25	4	45	0.99
0.315789473684211	4	45	0.99
0.130434782608696	4	45	0.99
0.535714285714286	4	45	0.99
0.3125	4	45	0.99
0.0714285714285714	4	45	0.99
0.464285714285714	4	45	0.99
0.304347826086957	4	45	0.99
0.470588235294118	4	45	0.99
0.361111111111111	4	45	0.99
0.52	4	45	0.99
0.2	4	45	0.99
0.272727272727273	4	45	0.99
0.243243243243243	4	45	0.99
0.41304347826087	4	45	0.99
0.351351351351351	4	45	0.99
0.566666666666667	4	45	0.99
0.1875	4	45	0.99
0.175	4	45	0.99
0.64	4	45	0.99
0.193548387096774	4	45	0.99
0.446153846153846	4	45	0.99
0.453125	4	45	0.99
0.52	4	45	0.99
0.0895522388059701	4	45	0.99
0.0952380952380952	4	45	0.99
0.0967741935483871	4	45	0.99
0.102941176470588	4	45	0.99
0.607142857142857	4	45	0.99
0.4	4	45	0.99
0.483870967741935	4	45	0.99
0.25	4	45	0.99
0.538461538461538	4	45	0.99
0.297297297297297	4	45	0.99
0.472222222222222	4	45	0.99
0.541666666666667	4	45	0.99
0.361111111111111	4	45	0.99
0.473684210526316	4	45	0.99
0.271186440677966	4	45	0.99
0.235294117647059	4	45	0.99
0.566666666666667	4	45	0.99
0.307692307692308	4	45	0.99
0.0752688172043011	4	45	0.99
0.0816326530612245	4	45	0.99
0.0618556701030928	4	45	0.99
0.5	4	45	0.99
0.473684210526316	4	45	0.99
0.0909090909090909	4	45	0.99
0.333333333333333	4	45	0.99
0.369565217391304	4	45	0.99
0.347826086956522	4	45	0.99
0.339622641509434	4	45	0.99
0.102040816326531	4	45	0.99
0.0631578947368421	4	45	0.99
0.550561797752809	4	45	0.99
0.436893203883495	4	45	0.99
0.0923076923076923	4	45	0.99
0.152173913043478	4	45	0.99
0.0952380952380952	4	45	0.99
0.14	4	45	0.99
0.153846153846154	4	45	0.99
0.103092783505155	4	45	0.99
0.1	4	45	0.99
0.117647058823529	4	45	0.99
0.149532710280374	4	45	0.99
0.0754716981132075	4	45	0.99
0.0795454545454545	4	45	0.99
0.106382978723404	4	45	0.99
0.127272727272727	4	45	0.99
0.36144578313253	4	45	0.99
0.0925925925925926	4	45	0.99
0.104166666666667	4	45	0.99
0.166666666666667	4	45	0.99
0.382978723404255	4	45	0.99
0.101694915254237	4	45	0.99
0.390625	4	45	0.99
0.101694915254237	4	45	0.99
0.0945945945945946	4	45	0.99
0.121951219512195	4	45	0.99
0.147058823529412	4	45	0.99
0.21875	4	45	0.99
0.275862068965517	4	45	0.99
0.268292682926829	4	45	0.99
0.127659574468085	4	45	0.99
0.137254901960784	4	45	0.99
0.270833333333333	4	45	0.99
0.278688524590164	4	45	0.99
0.125	4	45	0.99
0.132075471698113	4	45	0.99
0.105263157894737	4	45	0.99
0.107142857142857	4	45	0.99
0.109090909090909	4	45	0.99
0.0648148148148148	4	45	0.99
0.10126582278481	4	45	0.99
0.12	4	45	0.99
0.346153846153846	4	45	0.99
0.380952380952381	4	45	0.99
0.533333333333333	4	45	0.99
0.222222222222222	4	45	0.99
0.477272727272727	4	45	0.99
0.2	4	45	0.99
0.592592592592593	4	45	0.99
0.428571428571429	4	45	0.99
0.3	4	45	0.99
0.470588235294118	4	45	0.99
0.5	4	45	0.99
0.5625	4	45	0.99
0.481481481481481	4	45	0.99
0.594594594594595	4	45	0.99
0.888888888888889	4	45	0.99
0.347826086956522	4	45	0.99
0.32	4	45	0.99
0.333333333333333	4	45	0.99
0.333333333333333	4	45	0.99
0.32	4	45	0.99
0.347826086956522	4	45	0.99
0.333333333333333	4	45	0.99
0.363636363636364	4	45	0.99
0.347826086956522	4	45	0.99
0.380952380952381	4	45	0.99
0.304347826086957	4	45	0.99
0.307692307692308	4	45	0.99
0.347826086956522	4	45	0.99
0.32	4	45	0.99
0.28	4	45	0.99
0.333333333333333	4	45	0.99
0.269230769230769	4	45	0.99
0.296296296296296	4	45	0.99
0.296296296296296	4	45	0.99
0.285714285714286	4	45	0.99
0.307692307692308	4	45	0.99
0.296296296296296	4	45	0.99
0.296296296296296	4	45	0.99
0.296296296296296	4	45	0.99
0.275862068965517	4	45	0.99
0.242424242424242	4	45	0.99
0.25	4	45	0.99
0.206896551724138	4	45	0.99
0.258064516129032	4	45	0.99
0.241379310344828	4	45	0.99
0.258064516129032	4	45	0.99
0.285714285714286	4	45	0.99
0.258064516129032	4	45	0.99
0.275862068965517	4	45	0.99
0.266666666666667	4	45	0.99
0.266666666666667	4	45	0.99
0.5	4	45	0.99
0.185714285714286	4	45	0.99
0.517241379310345	4	45	0.99
0.2	4	45	0.99
0.411764705882353	4	45	0.99
0.166666666666667	4	45	0.99
0.161290322580645	4	45	0.99
0.25	4	45	0.99
0.26984126984127	4	45	0.99
0.147540983606557	4	45	0.99
0.228571428571429	4	45	0.99
0.24390243902439	4	45	0.99
0.225352112676056	4	45	0.99
0.541666666666667	4	45	0.99
0.375	4	45	0.99
0.120689655172414	4	45	0.99
0.461538461538462	4	45	0.99
0.5	4	45	0.99
0.222222222222222	4	45	0.99
0.5	4	45	0.99
0.170731707317073	4	45	0.99
0.179487179487179	4	45	0.99
0.596153846153846	4	45	0.99
0.486486486486487	4	45	0.99
0.483870967741935	4	45	0.99
0.454545454545455	4	45	0.99
0.5	4	45	0.99
0.351351351351351	4	45	0.99
0.214285714285714	4	45	0.99
0.176470588235294	4	45	0.99
0.117647058823529	4	45	0.99
0.238095238095238	4	45	0.99
0.5	4	45	0.99
0.0618556701030928	4	45	0.99
0.130434782608696	4	45	0.99
0.173913043478261	4	45	0.99
0.170731707317073	4	45	0.99
0.413793103448276	4	45	0.99
0.123076923076923	4	45	0.99
0.0967741935483871	4	45	0.99
0.2	4	45	0.99
0.360655737704918	4	45	0.99
0.0707070707070707	4	45	0.99
0.147540983606557	4	45	0.99
0.42	4	45	0.99
0.511111111111111	4	45	0.99
0.40625	4	45	0.99
0.533333333333333	4	45	0.99
0.375	4	45	0.99
0.275862068965517	4	45	0.99
0.457142857142857	4	45	0.99
0.428571428571429	4	45	0.99
0.303030303030303	4	45	0.99
0.176470588235294	4	45	0.99
0.162790697674419	4	45	0.99
0.2	4	45	0.99
0.472222222222222	4	45	0.99
0.5	4	45	0.99
0.461538461538462	4	45	0.99
0.196969696969697	4	45	0.99
0.109375	4	45	0.99
0.0705882352941176	4	45	0.99
0.0793650793650794	4	45	0.99
0.298507462686567	4	45	0.99
0.5	4	45	0.99
0.549019607843137	4	45	0.99
0.311111111111111	4	45	0.99
0.25	4	45	0.99
0.272727272727273	4	45	0.99
0.3	4	45	0.99
0.425287356321839	4	45	0.99
0.311111111111111	4	45	0.99
0.5	4	45	0.99
0.5	4	45	0.99
0.186046511627907	4	45	0.99
0.241379310344828	4	45	0.99
0.245901639344262	4	45	0.99
0.296296296296296	4	45	0.99
0.48	4	45	0.99
0.205882352941176	4	45	0.99
0.278481012658228	4	45	0.99
0.357142857142857	4	45	0.99
0.56	4	45	0.99
0.212121212121212	4	45	0.99
0.402777777777778	4	45	0.99
0.166666666666667	4	45	0.99
0.206896551724138	4	45	0.99
0.518518518518518	4	45	0.99
0.0697674418604651	4	45	0.99
0.0927835051546392	4	45	0.99
0.507462686567164	4	45	0.99
0.555555555555556	4	45	0.99
0.121212121212121	4	45	0.99
0.121212121212121	4	45	0.99
0.0779220779220779	4	45	0.99
0.48	4	45	0.99
0.578947368421053	4	45	0.99
0.0573770491803279	4	45	0.99
0.1	4	45	0.99
0.21875	4	45	0.99
0.0631578947368421	4	45	0.99
0.170731707317073	4	45	0.99
0.125	4	45	0.99
0.243243243243243	4	45	0.99
0.0967741935483871	4	45	0.99
0.0897435897435897	4	45	0.99
0.35	4	45	0.99
0.141304347826087	4	45	0.99
0.0952380952380952	4	45	0.99
0.0795454545454545	4	45	0.99
0.111111111111111	4	45	0.99
0.121212121212121	4	45	0.99
0.107142857142857	4	45	0.99
0.131578947368421	4	45	0.99
0.0886075949367089	4	45	0.99
0.09375	4	45	0.99
