VAF	CN	avg.depth	purity
0.357142857142857	2	21	0.89
0.130434782608696	2	21	0.89
0.466666666666667	2	21	0.89
0.5625	2	21	0.89
0.115384615384615	2	21	0.89
0.5	2	21	0.89
0.166666666666667	2	21	0.89
0.157894736842105	2	21	0.89
0.12	2	21	0.89
0.15	2	21	0.89
0.157894736842105	2	21	0.89
0.1875	2	21	0.89
0.727272727272727	2	21	0.89
0.214285714285714	2	21	0.89
0.166666666666667	2	21	0.89
0.166666666666667	2	21	0.89
0.103448275862069	2	21	0.89
0.5	2	21	0.89
0.6	2	21	0.89
0.705882352941177	2	21	0.89
0.611111111111111	2	21	0.89
0.454545454545455	2	21	0.89
0.25	2	21	0.89
0.409090909090909	2	21	0.89
0.7	2	21	0.89
0.45	2	21	0.89
0.35	2	21	0.89
0.36	2	21	0.89
0.565217391304348	2	21	0.89
0.142857142857143	2	21	0.89
0.375	2	21	0.89
0.37037037037037	2	21	0.89
0.428571428571429	2	21	0.89
0.409090909090909	2	21	0.89
0.620689655172414	2	21	0.89
0.411764705882353	2	21	0.89
0.733333333333333	2	21	0.89
0.444444444444444	2	21	0.89
0.454545454545455	2	21	0.89
0.368421052631579	2	21	0.89
0.428571428571429	2	21	0.89
0.388888888888889	2	21	0.89
0.136363636363636	2	21	0.89
0.411764705882353	2	21	0.89
0.411764705882353	2	21	0.89
0.368421052631579	2	21	0.89
0.230769230769231	2	21	0.89
0.523809523809524	2	21	0.89
0.166666666666667	2	21	0.89
0.12	2	21	0.89
0.321428571428571	2	21	0.89
0.307692307692308	2	21	0.89
0.444444444444444	2	21	0.89
0.666666666666667	2	21	0.89
0.470588235294118	2	21	0.89
0.5	2	21	0.89
0.44	2	21	0.89
0.888888888888889	2	21	0.89
0.631578947368421	2	21	0.89
0.65	2	21	0.89
0.166666666666667	2	21	0.89
0.176470588235294	2	21	0.89
0.272727272727273	2	21	0.89
0.35	2	21	0.89
0.142857142857143	2	21	0.89
0.115384615384615	2	21	0.89
0.411764705882353	2	21	0.89
0.352941176470588	2	21	0.89
0.142857142857143	2	21	0.89
0.388888888888889	2	21	0.89
0.157894736842105	2	21	0.89
0.5	2	21	0.89
0.142857142857143	2	21	0.89
0.166666666666667	2	21	0.89
0.09375	2	21	0.89
0.434782608695652	2	21	0.89
0.333333333333333	2	21	0.89
0.333333333333333	2	21	0.89
0.5	2	21	0.89
0.347826086956522	2	21	0.89
0.454545454545455	2	21	0.89
0.148148148148148	2	21	0.89
0.125	2	21	0.89
0.526315789473684	2	21	0.89
0.35	2	21	0.89
0.428571428571429	2	21	0.89
0.15	2	21	0.89
0.09375	2	21	0.89
0.111111111111111	2	21	0.89
0.45	2	21	0.89
0.692307692307692	2	21	0.89
0.4	2	21	0.89
0.130434782608696	2	21	0.89
0.107142857142857	2	21	0.89
0.125	2	21	0.89
0.09375	2	21	0.89
0.4375	2	21	0.89
0.611111111111111	2	21	0.89
0.526315789473684	2	21	0.89
0.130434782608696	2	21	0.89
0.208333333333333	2	21	0.89
0.5625	2	21	0.89
0.423076923076923	2	21	0.89
0.555555555555556	2	21	0.89
0.176470588235294	2	21	0.89
0.357142857142857	2	21	0.89
0.45	2	21	0.89
0.142857142857143	2	21	0.89
0.388888888888889	2	21	0.89
0.15	2	21	0.89
0.125	2	21	0.89
0.434782608695652	2	21	0.89
0.136363636363636	2	21	0.89
0.516129032258065	2	21	0.89
0.882352941176471	2	21	0.89
0.115384615384615	2	21	0.89
0.125	2	21	0.89
0.176470588235294	2	21	0.89
0.12	2	21	0.89
0.107142857142857	2	21	0.89
0.107142857142857	2	21	0.89
0.125	2	21	0.89
0.580645161290323	2	21	0.89
0.521739130434783	2	21	0.89
0.176470588235294	2	21	0.89
0.107142857142857	2	21	0.89
0.142857142857143	2	21	0.89
0.4	2	21	0.89
0.333333333333333	2	21	0.89
0.333333333333333	2	21	0.89
0.45	2	21	0.89
0.380952380952381	2	21	0.89
0.214285714285714	2	21	0.89
0.75	2	21	0.89
0.375	2	21	0.89
0.521739130434783	2	21	0.89
0.363636363636364	2	21	0.89
0.5	2	21	0.89
0.3	2	21	0.89
0.56	2	21	0.89
0.538461538461538	2	21	0.89
0.380952380952381	2	21	0.89
0.12	2	21	0.89
0.3	2	21	0.89
0.375	2	21	0.89
0.181818181818182	2	21	0.89
0.583333333333333	2	21	0.89
0.368421052631579	2	21	0.89
0.423076923076923	2	21	0.89
0.483870967741935	2	21	0.89
0.333333333333333	2	21	0.89
0.5	2	21	0.89
0.473684210526316	2	21	0.89
0.45	2	21	0.89
0.428571428571429	2	21	0.89
0.157894736842105	2	21	0.89
0.352941176470588	2	21	0.89
0.5	2	21	0.89
0.130434782608696	2	21	0.89
0.157894736842105	2	21	0.89
0.1875	2	21	0.89
0.285714285714286	2	21	0.89
0.423076923076923	2	21	0.89
0.0967741935483871	2	21	0.89
0.111111111111111	2	21	0.89
0.434782608695652	2	21	0.89
0.111111111111111	2	21	0.89
0.181818181818182	2	21	0.89
0.125	2	21	0.89
0.619047619047619	2	21	0.89
0.388888888888889	2	21	0.89
0.125	2	21	0.89
0.125	2	21	0.89
0.545454545454545	2	21	0.89
0.363636363636364	2	21	0.89
0.421052631578947	2	21	0.89
0.5	2	21	0.89
0.444444444444444	2	21	0.89
0.125	2	21	0.89
0.5	2	21	0.89
0.428571428571429	2	21	0.89
0.111111111111111	2	21	0.89
0.125	2	21	0.89
0.5	2	21	0.89
0.416666666666667	2	21	0.89
0.444444444444444	2	21	0.89
0.615384615384615	2	21	0.89
0.32258064516129	2	21	0.89
0.529411764705882	2	21	0.89
0.214285714285714	2	21	0.89
0.153846153846154	2	21	0.89
0.565217391304348	2	21	0.89
0.15	2	21	0.89
0.419354838709677	2	21	0.89
0.130434782608696	2	21	0.89
0.411764705882353	2	21	0.89
0.166666666666667	2	21	0.89
0.346153846153846	2	21	0.89
0.157894736842105	2	21	0.89
0.523809523809524	2	21	0.89
0.19047619047619	2	21	0.89
0.423076923076923	2	21	0.89
0.210526315789474	2	21	0.89
0.708333333333333	2	21	0.89
0.538461538461538	2	21	0.89
0.434782608695652	2	21	0.89
0.5	2	21	0.89
0.428571428571429	2	21	0.89
0.130434782608696	2	21	0.89
0.157894736842105	2	21	0.89
0.5	2	21	0.89
0.48	2	21	0.89
0.166666666666667	2	21	0.89
0.458333333333333	2	21	0.89
0.285714285714286	2	21	0.89
0.4375	2	21	0.89
0.333333333333333	2	21	0.89
0.352941176470588	2	21	0.89
0.551724137931034	2	21	0.89
0.142857142857143	2	21	0.89
0.222222222222222	2	21	0.89
0.4	2	21	0.89
0.357142857142857	2	21	0.89
0.130434782608696	2	21	0.89
0.157894736842105	2	21	0.89
0.473684210526316	2	21	0.89
0.285714285714286	2	21	0.89
0.35	2	21	0.89
0.333333333333333	2	21	0.89
0.266666666666667	2	21	0.89
0.285714285714286	2	21	0.89
0.619047619047619	2	21	0.89
0.448275862068966	2	21	0.89
0.45	2	21	0.89
0.5	2	21	0.89
0.130434782608696	2	21	0.89
0.142857142857143	2	21	0.89
0.136363636363636	2	21	0.89
0.142857142857143	2	21	0.89
0.12	2	21	0.89
0.230769230769231	2	21	0.89
0.103448275862069	2	21	0.89
0.35	2	21	0.89
0.380952380952381	2	21	0.89
0.523809523809524	2	21	0.89
0.315789473684211	2	21	0.89
0.142857142857143	2	21	0.89
0.476190476190476	2	21	0.89
0.25	2	21	0.89
0.235294117647059	2	21	0.89
0.115384615384615	2	21	0.89
0.444444444444444	2	21	0.89
0.384615384615385	2	21	0.89
0.4	2	21	0.89
0.37037037037037	2	21	0.89
0.115384615384615	2	21	0.89
0.444444444444444	2	21	0.89
0.523809523809524	2	21	0.89
0.115384615384615	2	21	0.89
0.357142857142857	2	21	0.89
0.2	2	21	0.89
0.142857142857143	2	21	0.89
0.428571428571429	2	21	0.89
0.259259259259259	2	21	0.89
0.347826086956522	2	21	0.89
0.416666666666667	2	21	0.89
0.125	2	21	0.89
0.647058823529412	2	21	0.89
0.4375	2	21	0.89
0.19047619047619	2	21	0.89
0.111111111111111	2	21	0.89
0.454545454545455	2	21	0.89
0.166666666666667	2	21	0.89
0.5	2	21	0.89
0.368421052631579	2	21	0.89
0.409090909090909	2	21	0.89
0.384615384615385	2	21	0.89
0.545454545454545	2	21	0.89
0.115384615384615	2	21	0.89
0.619047619047619	2	21	0.89
0.444444444444444	2	21	0.89
0.521739130434783	2	21	0.89
0.15	2	21	0.89
0.136363636363636	2	21	0.89
0.12	2	21	0.89
0.142857142857143	2	21	0.89
0.36	2	21	0.89
0.166666666666667	2	21	0.89
0.352941176470588	2	21	0.89
0.470588235294118	2	21	0.89
0.346153846153846	2	21	0.89
0.476190476190476	2	21	0.89
0.136363636363636	2	21	0.89
0.375	2	21	0.89
0.130434782608696	2	21	0.89
0.666666666666667	2	21	0.89
0.466666666666667	2	21	0.89
0.1875	2	21	0.89
0.4375	2	21	0.89
0.136363636363636	2	21	0.89
0.526315789473684	2	21	0.89
0.458333333333333	2	21	0.89
0.428571428571429	2	21	0.89
0.230769230769231	2	21	0.89
0.217391304347826	2	21	0.89
0.12	2	21	0.89
0.166666666666667	2	21	0.89
0.136363636363636	2	21	0.89
0.12	2	21	0.89
0.142857142857143	2	21	0.89
0.5	2	21	0.89
0.15	2	21	0.89
0.5	2	21	0.89
0.296296296296296	2	21	0.89
0.09375	2	21	0.89
0.4	2	21	0.89
0.526315789473684	2	21	0.89
0.1875	2	21	0.89
0.384615384615385	2	21	0.89
0.130434782608696	2	21	0.89
0.428571428571429	2	21	0.89
0.48	2	21	0.89
0.5	2	21	0.89
0.111111111111111	2	21	0.89
0.444444444444444	2	21	0.89
0.363636363636364	2	21	0.89
0.136363636363636	2	21	0.89
0.4	2	21	0.89
0.5	2	21	0.89
0.647058823529412	2	21	0.89
0.421052631578947	2	21	0.89
0.521739130434783	2	21	0.89
0.157894736842105	2	21	0.89
0.4	2	21	0.89
0.12	2	21	0.89
0.444444444444444	2	21	0.89
0.4	2	21	0.89
0.333333333333333	2	21	0.89
0.571428571428571	2	21	0.89
0.173913043478261	2	21	0.89
0.1875	2	21	0.89
0.206896551724138	2	21	0.89
0.518518518518518	2	21	0.89
0.333333333333333	2	21	0.89
0.481481481481481	2	21	0.89
0.409090909090909	2	21	0.89
0.615384615384615	2	21	0.89
0.136363636363636	2	21	0.89
0.115384615384615	2	21	0.89
0.428571428571429	2	21	0.89
0.52	2	21	0.89
0.666666666666667	2	21	0.89
0.15	2	21	0.89
0.352941176470588	2	21	0.89
0.3125	2	21	0.89
0.391304347826087	2	21	0.89
0.130434782608696	2	21	0.89
0.545454545454545	2	21	0.89
0.444444444444444	2	21	0.89
0.705882352941177	2	21	0.89
0.176470588235294	2	21	0.89
0.388888888888889	2	21	0.89
0.4375	2	21	0.89
0.136363636363636	2	21	0.89
0.307692307692308	2	21	0.89
0.137931034482759	2	21	0.89
0.538461538461538	2	21	0.89
0.36	2	21	0.89
0.5	2	21	0.89
0.45	2	21	0.89
0.5	2	21	0.89
0.615384615384615	2	21	0.89
0.333333333333333	2	21	0.89
0.413793103448276	2	21	0.89
0.5	2	21	0.89
0.545454545454545	2	21	0.89
0.368421052631579	2	21	0.89
0.545454545454545	2	21	0.89
0.555555555555556	2	21	0.89
0.368421052631579	2	21	0.89
0.482758620689655	2	21	0.89
0.388888888888889	2	21	0.89
0.428571428571429	2	21	0.89
0.380952380952381	2	21	0.89
0.423076923076923	2	21	0.89
0.454545454545455	2	21	0.89
0.380952380952381	2	21	0.89
0.590909090909091	2	21	0.89
0.521739130434783	2	21	0.89
0.0967741935483871	2	21	0.89
0.285714285714286	2	21	0.89
0.416666666666667	2	21	0.89
0.103448275862069	2	21	0.89
0.32	2	21	0.89
0.473684210526316	2	21	0.89
0.375	2	21	0.89
0.222222222222222	2	21	0.89
0.6	2	21	0.89
0.25	2	21	0.89
0.230769230769231	2	21	0.89
0.45	2	21	0.89
0.428571428571429	2	21	0.89
0.434782608695652	2	21	0.89
0.136363636363636	2	21	0.89
0.384615384615385	2	21	0.89
0.25	2	21	0.89
0.15	2	21	0.89
0.368421052631579	2	21	0.89
0.681818181818182	2	21	0.89
0.130434782608696	2	21	0.89
0.136363636363636	2	21	0.89
0.111111111111111	2	21	0.89
0.115384615384615	2	21	0.89
0.130434782608696	2	21	0.89
0.111111111111111	2	21	0.89
0.28	2	21	0.89
0.55	2	21	0.89
0.379310344827586	2	21	0.89
0.277777777777778	2	21	0.89
0.1875	2	21	0.89
0.125	2	21	0.89
0.857142857142857	2	21	0.89
0.214285714285714	2	21	0.89
0.15	2	21	0.89
0.111111111111111	2	21	0.89
0.103448275862069	2	21	0.89
0.466666666666667	2	21	0.89
0.944444444444444	2	21	0.89
0.125	2	21	0.89
0.125	2	21	0.89
0.966666666666667	2	21	0.89
0.157894736842105	2	21	0.89
0.136363636363636	2	21	0.89
0.12	2	21	0.89
0.818181818181818	2	21	0.89
0.5	2	21	0.89
0.166666666666667	2	21	0.89
0.136363636363636	2	21	0.89
0.888888888888889	2	21	0.89
0.884615384615385	2	21	0.89
0.125	2	21	0.89
0.157894736842105	2	21	0.89
0.739130434782609	2	21	0.89
0.739130434782609	2	21	0.89
0.137931034482759	2	21	0.89
0.185185185185185	2	21	0.89
0.761904761904762	2	21	0.89
0.1	2	21	0.89
0.823529411764706	2	21	0.89
0.947368421052632	2	21	0.89
0.157894736842105	2	21	0.89
0.833333333333333	2	21	0.89
0.176470588235294	2	21	0.89
0.125	2	21	0.89
0.888888888888889	2	21	0.89
0.807692307692308	2	21	0.89
0.925925925925926	2	21	0.89
0.769230769230769	2	21	0.89
0.826086956521739	2	21	0.89
0.214285714285714	2	21	0.89
0.928571428571429	2	21	0.89
0.857142857142857	2	21	0.89
0.166666666666667	2	21	0.89
0.12	2	21	0.89
0.846153846153846	2	21	0.89
0.1875	2	21	0.89
0.15	2	21	0.89
0.777777777777778	2	21	0.89
1	2	21	0.89
0.157894736842105	2	21	0.89
0.15	2	21	0.89
0.142857142857143	2	21	0.89
0.2	2	21	0.89
0.136363636363636	2	21	0.89
0.882352941176471	2	21	0.89
0.107142857142857	2	21	0.89
0.136363636363636	2	21	0.89
0.846153846153846	2	21	0.89
0.928571428571429	2	21	0.89
0.130434782608696	2	21	0.89
1	2	21	0.89
0.130434782608696	2	21	0.89
0.892857142857143	2	21	0.89
0.125	2	21	0.89
0.944444444444444	2	21	0.89
0.1875	2	21	0.89
0.136363636363636	2	21	0.89
0.92	2	21	0.89
0.15	2	21	0.89
0.866666666666667	2	21	0.89
0.8	2	21	0.89
0.15	2	21	0.89
0.478260869565217	2	21	0.89
0.166666666666667	2	21	0.89
0.888888888888889	2	21	0.89
0.833333333333333	2	21	0.89
0.214285714285714	2	21	0.89
0.2	2	21	0.89
0.96	2	21	0.89
0.48	2	21	0.89
0.304347826086957	2	21	0.89
0.157894736842105	2	21	0.89
0.142857142857143	2	21	0.89
0.45	2	21	0.89
0.538461538461538	2	21	0.89
0.347826086956522	2	21	0.89
0.409090909090909	2	21	0.89
0.125	2	21	0.89
0.115384615384615	2	21	0.89
0.125	2	21	0.89
0.136363636363636	2	21	0.89
0.111111111111111	2	21	0.89
0.15	2	21	0.89
0.333333333333333	2	21	0.89
0.714285714285714	2	21	0.89
0.428571428571429	2	21	0.89
0.157894736842105	2	21	0.89
0.375	2	21	0.89
0.434782608695652	2	21	0.89
0.148148148148148	2	21	0.89
0.368421052631579	2	21	0.89
0.363636363636364	2	21	0.89
0.5	2	21	0.89
0.142857142857143	2	21	0.89
0.482758620689655	2	21	0.89
0.37037037037037	2	21	0.89
0.272727272727273	2	21	0.89
0.125	2	21	0.89
0.181818181818182	2	21	0.89
0.125	2	21	0.89
0.130434782608696	2	21	0.89
0.136363636363636	2	21	0.89
0.12	2	21	0.89
0.0967741935483871	2	21	0.89
0.565217391304348	2	21	0.89
0.235294117647059	2	21	0.89
0.15	2	21	0.89
0.523809523809524	2	21	0.89
0.115384615384615	2	21	0.89
0.130434782608696	2	21	0.89
0.291666666666667	2	21	0.89
0.352941176470588	2	21	0.89
0.107142857142857	2	21	0.89
0.157894736842105	2	21	0.89
0.473684210526316	2	21	0.89
0.3125	2	21	0.89
0.176470588235294	2	21	0.89
0.12	2	21	0.89
0.130434782608696	2	21	0.89
0.24	2	21	0.89
0.333333333333333	2	21	0.89
0.103448275862069	2	21	0.89
0.333333333333333	2	21	0.89
0.230769230769231	2	21	0.89
0.5	2	21	0.89
0.2	2	21	0.89
0.444444444444444	2	21	0.89
0.538461538461538	2	21	0.89
0.5	2	21	0.89
0.409090909090909	2	21	0.89
0.176470588235294	2	21	0.89
0.115384615384615	2	21	0.89
0.521739130434783	2	21	0.89
0.45	2	21	0.89
0.125	2	21	0.89
0.09375	2	21	0.89
0.111111111111111	2	21	0.89
0.15	2	21	0.89
0.409090909090909	2	21	0.89
0.470588235294118	2	21	0.89
0.157894736842105	2	21	0.89
0.333333333333333	2	21	0.89
0.55	2	21	0.89
0.28	2	21	0.89
0.137931034482759	2	21	0.89
0.136363636363636	2	21	0.89
0.222222222222222	2	21	0.89
0.538461538461538	2	21	0.89
0.730769230769231	2	21	0.89
0.64	2	21	0.89
0.230769230769231	2	21	0.89
0.3	2	21	0.89
0.409090909090909	2	21	0.89
0.388888888888889	2	21	0.89
0.230769230769231	2	21	0.89
0.454545454545455	2	21	0.89
0.176470588235294	2	21	0.89
0.352941176470588	2	21	0.89
0.368421052631579	2	21	0.89
0.1875	2	21	0.89
0.103448275862069	2	21	0.89
0.541666666666667	2	21	0.89
0.45	2	21	0.89
0.130434782608696	2	21	0.89
0.346153846153846	2	21	0.89
0.590909090909091	2	21	0.89
0.535714285714286	2	21	0.89
0.136363636363636	2	21	0.89
0.125	2	21	0.89
0.130434782608696	2	21	0.89
0.4375	2	21	0.89
0.12	2	21	0.89
0.478260869565217	2	21	0.89
0.125	2	21	0.89
0.444444444444444	2	21	0.89
0.428571428571429	2	21	0.89
0.545454545454545	2	21	0.89
0.19047619047619	2	21	0.89
0.764705882352941	2	21	0.89
0.454545454545455	2	21	0.89
0.333333333333333	2	21	0.89
0.368421052631579	2	21	0.89
0.476190476190476	2	21	0.89
0.3	2	21	0.89
0.5	2	21	0.89
0.571428571428571	2	21	0.89
0.333333333333333	2	21	0.89
0.115384615384615	2	21	0.89
0.157894736842105	2	21	0.89
0.115384615384615	2	21	0.89
0.15	2	21	0.89
0.157894736842105	2	21	0.89
0.578947368421053	2	21	0.89
0.12	2	21	0.89
0.2	2	21	0.89
0.529411764705882	2	21	0.89
0.121212121212121	2	21	0.89
0.541666666666667	2	21	0.89
0.214285714285714	2	21	0.89
0.304347826086957	2	21	0.89
0.416666666666667	2	21	0.89
0.375	2	21	0.89
0.5	2	21	0.89
0.692307692307692	2	21	0.89
0.125	2	21	0.89
0.375	2	21	0.89
0.125	2	21	0.89
0.5	2	21	0.89
0.6	2	21	0.89
0.2	2	21	0.89
0.176470588235294	2	21	0.89
0.115384615384615	2	21	0.89
0.333333333333333	2	21	0.89
0.314285714285714	2	21	0.89
0.2	2	21	0.89
0.310344827586207	2	21	0.89
0.125	2	21	0.89
0.2	2	21	0.89
0.517241379310345	2	21	0.89
0.416666666666667	2	21	0.89
0.454545454545455	2	21	0.89
0.115384615384615	2	21	0.89
0.384615384615385	2	21	0.89
0.526315789473684	2	21	0.89
0.45	2	21	0.89
0.307692307692308	2	21	0.89
0.318181818181818	2	21	0.89
0.363636363636364	2	21	0.89
0.291666666666667	2	21	0.89
0.35	2	21	0.89
0.142857142857143	2	21	0.89
0.125	2	21	0.89
0.111111111111111	2	21	0.89
0.12	2	21	0.89
0.130434782608696	2	21	0.89
0.307692307692308	2	21	0.89
0.518518518518518	2	21	0.89
0.380952380952381	2	21	0.89
0.214285714285714	2	21	0.89
0.357142857142857	2	21	0.89
0.12	2	21	0.89
0.384615384615385	2	21	0.89
0.535714285714286	2	21	0.89
0.166666666666667	2	21	0.89
0.115384615384615	2	21	0.89
0.15	2	21	0.89
0.125	2	21	0.89
0.166666666666667	2	21	0.89
0.1875	2	21	0.89
0.393939393939394	2	21	0.89
0.4375	2	21	0.89
0.1	2	21	0.89
0.136363636363636	2	21	0.89
0.555555555555556	2	21	0.89
0.125	2	21	0.89
0.125	2	21	0.89
0.615384615384615	2	21	0.89
0.470588235294118	2	21	0.89
0.466666666666667	2	21	0.89
0.15	2	21	0.89
0.545454545454545	2	21	0.89
0.107142857142857	2	21	0.89
0.333333333333333	2	21	0.89
0.533333333333333	2	21	0.89
0.6	2	21	0.89
0.5	2	21	0.89
0.583333333333333	2	21	0.89
0.4375	2	21	0.89
0.411764705882353	2	21	0.89
0.222222222222222	2	21	0.89
0.230769230769231	2	21	0.89
0.230769230769231	2	21	0.89
0.625	2	21	0.89
0.461538461538462	2	21	0.89
0.15	2	21	0.89
0.136363636363636	2	21	0.89
0.571428571428571	2	21	0.89
0.136363636363636	2	21	0.89
0.666666666666667	2	21	0.89
0.619047619047619	2	21	0.89
0.3125	2	21	0.89
0.444444444444444	2	21	0.89
0.107142857142857	2	21	0.89
0.541666666666667	2	21	0.89
0.333333333333333	2	21	0.89
0.375	2	21	0.89
0.12	2	21	0.89
0.0967741935483871	2	21	0.89
0.470588235294118	2	21	0.89
0.125	2	21	0.89
0.45	2	21	0.89
0.458333333333333	2	21	0.89
0.448275862068966	2	21	0.89
0.142857142857143	2	21	0.89
0.272727272727273	2	21	0.89
0.476190476190476	2	21	0.89
0.136363636363636	2	21	0.89
0.5	2	21	0.89
0.125	2	21	0.89
0.375	2	21	0.89
0.448275862068966	2	21	0.89
0.136363636363636	2	21	0.89
0.4	2	21	0.89
0.56	2	21	0.89
0.166666666666667	2	21	0.89
0.3	2	21	0.89
0.5	2	21	0.89
0.304347826086957	2	21	0.89
0.857142857142857	2	21	0.89
1	2	21	0.89
0.176470588235294	2	21	0.89
0.818181818181818	2	21	0.89
0.115384615384615	2	21	0.89
0.941176470588235	2	21	0.89
0.111111111111111	2	21	0.89
0.904761904761905	2	21	0.89
0.1875	2	21	0.89
0.851851851851852	2	21	0.89
0.166666666666667	2	21	0.89
0.176470588235294	2	21	0.89
0.125	2	21	0.89
0.933333333333333	2	21	0.89
0.130434782608696	2	21	0.89
0.956521739130435	2	21	0.89
1	2	21	0.89
0.482758620689655	2	21	0.89
0.166666666666667	2	21	0.89
0.142857142857143	2	21	0.89
0.916666666666667	2	21	0.89
0.88	2	21	0.89
1	2	21	0.89
0.777777777777778	2	21	0.89
0.136363636363636	2	21	0.89
0.125	2	21	0.89
0.533333333333333	2	21	0.89
0.1875	2	21	0.89
0.1875	2	21	0.89
0.571428571428571	2	21	0.89
0.6875	2	21	0.89
0.454545454545455	2	21	0.89
0.5	2	21	0.89
0.3125	2	21	0.89
0.565217391304348	2	21	0.89
0.235294117647059	2	21	0.89
0.15	2	21	0.89
0.346153846153846	2	21	0.89
0.315789473684211	2	21	0.89
0.461538461538462	2	21	0.89
0.352941176470588	2	21	0.89
0.136363636363636	2	21	0.89
0.12	2	21	0.89
0.115384615384615	2	21	0.89
0.75	2	21	0.89
0.333333333333333	2	21	0.89
0.136363636363636	2	21	0.89
0.344827586206897	2	21	0.89
0.517241379310345	2	21	0.89
0.0909090909090909	2	21	0.89
0.35	2	21	0.89
0.12	2	21	0.89
0.384615384615385	2	21	0.89
0.407407407407407	2	21	0.89
0.210526315789474	2	21	0.89
0.428571428571429	2	21	0.89
0.157894736842105	2	21	0.89
0.368421052631579	2	21	0.89
0.208333333333333	2	21	0.89
0.142857142857143	2	21	0.89
0.473684210526316	2	21	0.89
0.375	2	21	0.89
0.473684210526316	2	21	0.89
0.222222222222222	2	21	0.89
0.5	2	21	0.89
0.444444444444444	2	21	0.89
0.473684210526316	2	21	0.89
0.5	2	21	0.89
0.15	2	21	0.89
0.526315789473684	2	21	0.89
0.157894736842105	2	21	0.89
0.12	2	21	0.89
0.15	2	21	0.89
0.266666666666667	2	21	0.89
0.307692307692308	2	21	0.89
0.428571428571429	2	21	0.89
0.15	2	21	0.89
0.352941176470588	2	21	0.89
0.45	2	21	0.89
0.166666666666667	2	21	0.89
0.4	2	21	0.89
0.521739130434783	2	21	0.89
0.136363636363636	2	21	0.89
0.166666666666667	2	21	0.89
0.157894736842105	2	21	0.89
0.388888888888889	2	21	0.89
0.473684210526316	2	21	0.89
0.130434782608696	2	21	0.89
0.291666666666667	2	21	0.89
0.619047619047619	2	21	0.89
0.130434782608696	2	21	0.89
0.166666666666667	2	21	0.89
0.928571428571429	2	21	0.89
0.851851851851852	2	21	0.89
0.857142857142857	2	21	0.89
0.954545454545455	2	21	0.89
0.157894736842105	2	21	0.89
0.176470588235294	2	21	0.89
0.103448275862069	2	21	0.89
0.933333333333333	2	21	0.89
0.407407407407407	2	21	0.89
0.130434782608696	2	21	0.89
0.136363636363636	2	21	0.89
0.894736842105263	2	21	0.89
0.966666666666667	2	21	0.89
0.923076923076923	2	21	0.89
0.875	2	21	0.89
0.157894736842105	2	21	0.89
0.923076923076923	2	21	0.89
0.818181818181818	2	21	0.89
0.538461538461538	2	21	0.89
0.210526315789474	2	21	0.89
0.142857142857143	2	21	0.89
0.925925925925926	2	21	0.89
0.962962962962963	2	21	0.89
0.5	2	21	0.89
0.166666666666667	2	21	0.89
0.142857142857143	2	21	0.89
0.91304347826087	2	21	0.89
0.9	2	21	0.89
0.115384615384615	2	21	0.89
0.904761904761905	2	21	0.89
0.16	2	21	0.89
0.8	2	21	0.89
0.125	2	21	0.89
0.125	2	21	0.89
0.555555555555556	2	21	0.89
0.1	2	21	0.89
0.130434782608696	2	21	0.89
0.583333333333333	2	21	0.89
0.5	2	21	0.89
0.142857142857143	2	21	0.89
0.111111111111111	2	21	0.89
0.434782608695652	2	21	0.89
0.3125	2	21	0.89
0.166666666666667	2	21	0.89
0.130434782608696	2	21	0.89
0.125	2	21	0.89
0.388888888888889	2	21	0.89
0.428571428571429	2	21	0.89
0.6	3	28	0.89
0.6	3	28	0.89
0.142857142857143	3	28	0.89
0.09375	3	28	0.89
0.555555555555556	3	28	0.89
0.576923076923077	3	28	0.89
0.4	3	28	0.89
0.27027027027027	3	28	0.89
0.478260869565217	3	28	0.89
0.615384615384615	3	28	0.89
0.636363636363636	3	28	0.89
0.352941176470588	3	28	0.89
0.125	3	28	0.89
0.225806451612903	3	28	0.89
0.481481481481481	3	28	0.89
0.12	3	28	0.89
0.0967741935483871	3	28	0.89
0.0967741935483871	3	28	0.89
0.3	3	28	0.89
0.37037037037037	3	28	0.89
0.103448275862069	3	28	0.89
0.404761904761905	3	28	0.89
0.162162162162162	3	28	0.89
0.321428571428571	3	28	0.89
0.260869565217391	3	28	0.89
0.518518518518518	3	28	0.89
0.592592592592593	3	28	0.89
0.5	3	28	0.89
0.5	3	28	0.89
0.3	3	28	0.89
0.666666666666667	3	28	0.89
0.392857142857143	3	28	0.89
0.25	3	28	0.89
0.53125	3	28	0.89
0.0882352941176471	3	28	0.89
0.466666666666667	3	28	0.89
0.653846153846154	3	28	0.89
0.4375	3	28	0.89
0.259259259259259	3	28	0.89
0.580645161290323	3	28	0.89
0.394736842105263	3	28	0.89
0.652173913043478	3	28	0.89
0.285714285714286	3	28	0.89
0.147058823529412	3	28	0.89
0.5	3	28	0.89
0.318181818181818	3	28	0.89
0.272727272727273	3	28	0.89
0.405405405405405	3	28	0.89
0.448275862068966	3	28	0.89
0.523809523809524	3	28	0.89
0.567567567567568	3	28	0.89
0.65625	3	28	0.89
0.295454545454545	3	28	0.89
0.545454545454545	3	28	0.89
0.642857142857143	3	28	0.89
0.296296296296296	3	28	0.89
0.5625	3	28	0.89
0.529411764705882	3	28	0.89
0.777777777777778	3	28	0.89
0.810810810810811	3	28	0.89
0.5	3	28	0.89
0.5	3	28	0.89
0.2	3	28	0.89
0.571428571428571	3	28	0.89
0.535714285714286	3	28	0.89
0.735294117647059	3	28	0.89
0.594594594594595	3	28	0.89
0.48	3	28	0.89
0.136363636363636	3	28	0.89
0.266666666666667	3	28	0.89
0.25	3	28	0.89
0.5	3	28	0.89
0.111111111111111	3	28	0.89
0.233333333333333	3	28	0.89
0.461538461538462	3	28	0.89
0.157894736842105	3	28	0.89
0.142857142857143	3	28	0.89
0.6	3	28	0.89
0.4	3	28	0.89
0.518518518518518	3	28	0.89
0.594594594594595	3	28	0.89
0.59375	3	28	0.89
0.451612903225806	3	28	0.89
0.27906976744186	3	28	0.89
0.0789473684210526	3	28	0.89
0.269230769230769	3	28	0.89
0.227272727272727	3	28	0.89
0.696969696969697	3	28	0.89
0.275862068965517	3	28	0.89
0.476190476190476	3	28	0.89
0.0882352941176471	3	28	0.89
0.09375	3	28	0.89
0.4	3	28	0.89
0.434782608695652	3	28	0.89
0.4	3	28	0.89
0.6	3	28	0.89
0.592592592592593	3	28	0.89
0.5	3	28	0.89
0.619047619047619	3	28	0.89
0.352941176470588	3	28	0.89
0.0857142857142857	3	28	0.89
0.318181818181818	3	28	0.89
0.454545454545455	3	28	0.89
0.347826086956522	3	28	0.89
0.540540540540541	3	28	0.89
0.27027027027027	3	28	0.89
0.3	3	28	0.89
0.228571428571429	3	28	0.89
0.285714285714286	3	28	0.89
0.789473684210526	3	28	0.89
0.388888888888889	3	28	0.89
0.533333333333333	3	28	0.89
0.6	3	28	0.89
0.571428571428571	3	28	0.89
0.268292682926829	3	28	0.89
0.516129032258065	3	28	0.89
0.2	3	28	0.89
0.111111111111111	3	28	0.89
0.107142857142857	3	28	0.89
0.428571428571429	3	28	0.89
0.638888888888889	3	28	0.89
0.655172413793103	3	28	0.89
0.333333333333333	3	28	0.89
0.16	3	28	0.89
0.1	3	28	0.89
0.378378378378378	3	28	0.89
0.666666666666667	3	28	0.89
0.125	3	28	0.89
0.0909090909090909	3	28	0.89
0.365853658536585	3	28	0.89
0.59375	3	28	0.89
0.2	3	28	0.89
0.333333333333333	3	28	0.89
0.214285714285714	3	28	0.89
0.12	3	28	0.89
0.675675675675676	3	28	0.89
0.555555555555556	3	28	0.89
0.575757575757576	3	28	0.89
0.323529411764706	3	28	0.89
0.685714285714286	3	28	0.89
0.464285714285714	3	28	0.89
0.454545454545455	3	28	0.89
0.222222222222222	3	28	0.89
0.541666666666667	3	28	0.89
0.611111111111111	3	28	0.89
0.586206896551724	3	28	0.89
0.12	3	28	0.89
0.227272727272727	3	28	0.89
0.482758620689655	3	28	0.89
0.146341463414634	3	28	0.89
0.722222222222222	3	28	0.89
0.344827586206897	3	28	0.89
0.607142857142857	3	28	0.89
0.310344827586207	3	28	0.89
0.5	3	28	0.89
0.571428571428571	3	28	0.89
0.6	3	28	0.89
0.578947368421053	3	28	0.89
0.421052631578947	3	28	0.89
0.448275862068966	3	28	0.89
0.722222222222222	3	28	0.89
0.379310344827586	3	28	0.89
0.40625	3	28	0.89
0.12	3	28	0.89
0.137931034482759	3	28	0.89
0.333333333333333	3	28	0.89
0.4375	3	28	0.89
0.555555555555556	3	28	0.89
0.181818181818182	3	28	0.89
0.111111111111111	3	28	0.89
0.291666666666667	3	28	0.89
0.5	3	28	0.89
0.282051282051282	3	28	0.89
0.638888888888889	3	28	0.89
0.548387096774194	3	28	0.89
0.125	3	28	0.89
0.689655172413793	3	28	0.89
0.466666666666667	3	28	0.89
0.666666666666667	3	28	0.89
0.533333333333333	3	28	0.89
0.615384615384615	3	28	0.89
0.3125	3	28	0.89
0.56	3	28	0.89
0.264705882352941	3	28	0.89
0.333333333333333	3	28	0.89
0.344827586206897	3	28	0.89
0.413793103448276	3	28	0.89
0.0857142857142857	3	28	0.89
0.125	3	28	0.89
0.636363636363636	3	28	0.89
0.703703703703704	3	28	0.89
0.590909090909091	3	28	0.89
0.142857142857143	3	28	0.89
0.241379310344828	3	28	0.89
0.351351351351351	3	28	0.89
0.571428571428571	3	28	0.89
0.736842105263158	3	28	0.89
0.666666666666667	3	28	0.89
0.130434782608696	3	28	0.89
0.352941176470588	3	28	0.89
0.392857142857143	3	28	0.89
0.777777777777778	3	28	0.89
0.102564102564103	3	28	0.89
0.648648648648649	3	28	0.89
0.181818181818182	3	28	0.89
0.48	3	28	0.89
0.222222222222222	3	28	0.89
0.793103448275862	3	28	0.89
0.333333333333333	3	28	0.89
0.696969696969697	3	28	0.89
0.114285714285714	3	28	0.89
0.6	3	28	0.89
0.25	3	28	0.89
0.2	3	28	0.89
0.444444444444444	3	28	0.89
0.666666666666667	3	28	0.89
0.323529411764706	3	28	0.89
0.133333333333333	3	28	0.89
0.142857142857143	3	28	0.89
0.80952380952381	3	28	0.89
0.526315789473684	3	28	0.89
0.586206896551724	3	28	0.89
0.615384615384615	3	28	0.89
0.483870967741935	3	28	0.89
0.617647058823529	3	28	0.89
0.347826086956522	3	28	0.89
0.194444444444444	3	28	0.89
0.269230769230769	3	28	0.89
0.105263157894737	3	28	0.89
0.685714285714286	3	28	0.89
0.166666666666667	3	28	0.89
0.484848484848485	3	28	0.89
0.470588235294118	3	28	0.89
0.307692307692308	3	28	0.89
0.37037037037037	3	28	0.89
0.107142857142857	3	28	0.89
0.25	3	28	0.89
0.264705882352941	3	28	0.89
0.419354838709677	3	28	0.89
0.419354838709677	3	28	0.89
0.5	3	28	0.89
0.272727272727273	3	28	0.89
0.290322580645161	3	28	0.89
0.272727272727273	3	28	0.89
0.708333333333333	3	28	0.89
0.365853658536585	3	28	0.89
0.0857142857142857	3	28	0.89
0.111111111111111	3	28	0.89
0.105263157894737	3	28	0.89
0.451612903225806	3	28	0.89
0.3	3	28	0.89
0.34375	3	28	0.89
0.55	3	28	0.89
0.695652173913043	3	28	0.89
0.0833333333333333	3	28	0.89
0.115384615384615	3	28	0.89
0.315789473684211	3	28	0.89
0.736842105263158	3	28	0.89
0.533333333333333	3	28	0.89
0.216216216216216	3	28	0.89
0.517241379310345	3	28	0.89
0.6	3	28	0.89
0.130434782608696	3	28	0.89
0.0967741935483871	3	28	0.89
0.483870967741935	3	28	0.89
0.290322580645161	3	28	0.89
0.526315789473684	3	28	0.89
0.230769230769231	3	28	0.89
0.0882352941176471	3	28	0.89
0.176470588235294	3	28	0.89
0.5625	3	28	0.89
0.375	3	28	0.89
0.487179487179487	3	28	0.89
0.535714285714286	3	28	0.89
0.103448275862069	3	28	0.89
0.558823529411765	3	28	0.89
0.58974358974359	3	28	0.89
0.130434782608696	3	28	0.89
0.466666666666667	3	28	0.89
0.272727272727273	3	28	0.89
0.466666666666667	3	28	0.89
0.666666666666667	3	28	0.89
0.538461538461538	3	28	0.89
0.478260869565217	3	28	0.89
0.588235294117647	3	28	0.89
0.103448275862069	3	28	0.89
0.241379310344828	3	28	0.89
0.25	3	28	0.89
0.12	3	28	0.89
0.241379310344828	3	28	0.89
0.242424242424242	3	28	0.89
0.282051282051282	3	28	0.89
0.428571428571429	3	28	0.89
0.5	3	28	0.89
0.230769230769231	3	28	0.89
0.27027027027027	3	28	0.89
0.108108108108108	3	28	0.89
0.545454545454545	3	28	0.89
0.125	3	28	0.89
0.478260869565217	3	28	0.89
0.535714285714286	3	28	0.89
0.517241379310345	3	28	0.89
0.529411764705882	3	28	0.89
0.533333333333333	3	28	0.89
0.107142857142857	3	28	0.89
0.342857142857143	3	28	0.89
0.103448275862069	3	28	0.89
0.0857142857142857	3	28	0.89
0.193548387096774	3	28	0.89
0.625	3	28	0.89
0.576923076923077	3	28	0.89
0.578947368421053	3	28	0.89
0.0882352941176471	3	28	0.89
0.121212121212121	3	28	0.89
0.264705882352941	3	28	0.89
0.5	3	28	0.89
0.366666666666667	3	28	0.89
0.741935483870968	3	28	0.89
0.147058823529412	3	28	0.89
0.25	3	28	0.89
0.428571428571429	3	28	0.89
0.67741935483871	3	28	0.89
0.53125	3	28	0.89
0.333333333333333	3	28	0.89
0.0909090909090909	3	28	0.89
0.636363636363636	3	28	0.89
0.242424242424242	3	28	0.89
0.692307692307692	3	28	0.89
0.421052631578947	3	28	0.89
0.518518518518518	3	28	0.89
0.689655172413793	3	28	0.89
0.285714285714286	3	28	0.89
0.290322580645161	3	28	0.89
0.538461538461538	3	28	0.89
0.605263157894737	3	28	0.89
0.5	3	28	0.89
0.24	3	28	0.89
0.230769230769231	3	28	0.89
0.214285714285714	3	28	0.89
0.12	3	28	0.89
0.55	3	28	0.89
0.433333333333333	3	28	0.89
0.266666666666667	3	28	0.89
0.285714285714286	3	28	0.89
0.233333333333333	3	28	0.89
0.136363636363636	3	28	0.89
0.16	3	28	0.89
0.666666666666667	3	28	0.89
0.542857142857143	3	28	0.89
0.354838709677419	3	28	0.89
0.714285714285714	3	28	0.89
0.333333333333333	3	28	0.89
0.210526315789474	3	28	0.89
0.222222222222222	3	28	0.89
0.5	3	28	0.89
0.552631578947368	3	28	0.89
0.730769230769231	3	28	0.89
0.129032258064516	3	28	0.89
0.516129032258065	3	28	0.89
0.379310344827586	3	28	0.89
0.34375	3	28	0.89
0.12	3	28	0.89
0.634146341463415	3	28	0.89
0.387096774193548	3	28	0.89
0.583333333333333	3	28	0.89
0.772727272727273	3	28	0.89
0.25	3	28	0.89
0.363636363636364	3	28	0.89
0.344827586206897	3	28	0.89
0.368421052631579	3	28	0.89
0.590909090909091	3	28	0.89
0.125	3	28	0.89
0.111111111111111	3	28	0.89
0.264705882352941	3	28	0.89
0.260869565217391	3	28	0.89
0.545454545454545	3	28	0.89
0.393939393939394	3	28	0.89
0.521739130434783	3	28	0.89
0.333333333333333	3	28	0.89
0.40625	3	28	0.89
0.666666666666667	3	28	0.89
0.233333333333333	3	28	0.89
0.666666666666667	3	28	0.89
0.475	3	28	0.89
0.72972972972973	3	28	0.89
0.375	3	28	0.89
0.586206896551724	3	28	0.89
0.6	3	28	0.89
0.333333333333333	3	28	0.89
0.571428571428571	3	28	0.89
0.147058823529412	3	28	0.89
0.717948717948718	3	28	0.89
0.405405405405405	3	28	0.89
0.162162162162162	3	28	0.89
0.0769230769230769	3	28	0.89
0.242424242424242	3	28	0.89
0.12	3	28	0.89
0.130434782608696	3	28	0.89
0.3	3	28	0.89
0.605263157894737	3	28	0.89
0.317073170731707	3	28	0.89
0.56	3	28	0.89
0.269230769230769	3	28	0.89
0.103448275862069	3	28	0.89
0.685714285714286	3	28	0.89
0.3	3	28	0.89
0.260869565217391	3	28	0.89
0.486486486486487	3	28	0.89
0.230769230769231	3	28	0.89
0.617647058823529	3	28	0.89
0.615384615384615	3	28	0.89
0.3	3	28	0.89
0.407407407407407	3	28	0.89
0.551724137931034	3	28	0.89
0.483870967741935	3	28	0.89
0.741935483870968	3	28	0.89
0.3	3	28	0.89
0.388888888888889	3	28	0.89
0.363636363636364	3	28	0.89
0.8125	3	28	0.89
0.391304347826087	3	28	0.89
0.6	3	28	0.89
0.21875	3	28	0.89
0.0967741935483871	3	28	0.89
0.5	3	28	0.89
0.1	3	28	0.89
0.125	3	28	0.89
0.34375	3	28	0.89
0.6	3	28	0.89
0.648648648648649	3	28	0.89
0.166666666666667	3	28	0.89
0.0857142857142857	3	28	0.89
0.486486486486487	3	28	0.89
0.592592592592593	3	28	0.89
0.645161290322581	3	28	0.89
0.52	3	28	0.89
0.34375	3	28	0.89
0.277777777777778	3	28	0.89
0.102564102564103	3	28	0.89
0.117647058823529	3	28	0.89
0.52	3	28	0.89
0.12	3	28	0.89
0.125	3	28	0.89
0.275862068965517	3	28	0.89
0.666666666666667	3	28	0.89
0.476190476190476	3	28	0.89
0.130434782608696	3	28	0.89
0.769230769230769	3	28	0.89
0.807692307692308	3	28	0.89
0.0967741935483871	3	28	0.89
0.545454545454545	3	28	0.89
0.380952380952381	3	28	0.89
0.703703703703704	3	28	0.89
0.947368421052632	3	28	0.89
0.666666666666667	3	28	0.89
0.64	3	28	0.89
0.769230769230769	3	28	0.89
0.571428571428571	3	28	0.89
0.607142857142857	3	28	0.89
0.0967741935483871	3	28	0.89
0.5	3	28	0.89
0.642857142857143	3	28	0.89
0.6875	3	28	0.89
0.714285714285714	3	28	0.89
0.277777777777778	3	28	0.89
0.357142857142857	3	28	0.89
0.333333333333333	3	28	0.89
0.173913043478261	3	28	0.89
0.708333333333333	3	28	0.89
0.264705882352941	3	28	0.89
0.275	3	28	0.89
0.606060606060606	3	28	0.89
0.5	3	28	0.89
0.136363636363636	3	28	0.89
0.115384615384615	3	28	0.89
0.545454545454545	3	28	0.89
0.304347826086957	3	28	0.89
0.09375	3	28	0.89
0.4	3	28	0.89
0.411764705882353	3	28	0.89
0.576923076923077	3	28	0.89
0.666666666666667	3	28	0.89
0.62962962962963	3	28	0.89
0.125	3	28	0.89
0.285714285714286	3	28	0.89
0.36	3	28	0.89
0.516129032258065	3	28	0.89
0.416666666666667	3	28	0.89
0.260869565217391	3	28	0.89
0.5	3	28	0.89
0.266666666666667	3	28	0.89
0.454545454545455	3	28	0.89
0.375	3	28	0.89
0.461538461538462	3	28	0.89
0.314285714285714	3	28	0.89
0.315789473684211	3	28	0.89
0.0967741935483871	3	28	0.89
0.481481481481481	3	28	0.89
0.709677419354839	3	28	0.89
0.2	3	28	0.89
0.384615384615385	3	28	0.89
0.114285714285714	3	28	0.89
0.515151515151515	3	28	0.89
0.166666666666667	3	28	0.89
0.230769230769231	3	28	0.89
0.333333333333333	3	28	0.89
0.75	3	28	0.89
0.222222222222222	3	28	0.89
0.321428571428571	3	28	0.89
0.344827586206897	3	28	0.89
0.4375	3	28	0.89
0.241379310344828	3	28	0.89
0.65	3	28	0.89
0.75	3	28	0.89
0.351351351351351	3	28	0.89
0.09375	3	28	0.89
0.657142857142857	3	28	0.89
0.108108108108108	3	28	0.89
0.6	3	28	0.89
0.277777777777778	3	28	0.89
0.40625	3	28	0.89
0.461538461538462	3	28	0.89
