VAF	CN	avg.depth	purity
1	1	20	0.9
0.3	1	20	0.9
0.923076923076923	1	20	0.9
0.695652173913043	1	20	0.9
0.875	1	20	0.9
0.375	1	20	0.9
0.12	1	20	0.9
0.793103448275862	1	20	0.9
0.352941176470588	1	20	0.9
0.764705882352941	1	20	0.9
0.761904761904762	1	20	0.9
0.148148148148148	1	20	0.9
1	1	20	0.9
0.730769230769231	1	20	0.9
0.8	1	20	0.9
0.523809523809524	1	20	0.9
0.85	1	20	0.9
0.157894736842105	1	20	0.9
0.764705882352941	1	20	0.9
0.904761904761905	1	20	0.9
0.80952380952381	1	20	0.9
0.411764705882353	2	33	0.9
0.166666666666667	2	33	0.9
0.407407407407407	2	33	0.9
0.11864406779661	2	33	0.9
0.16	2	33	0.9
0.5	2	33	0.9
0.208333333333333	2	33	0.9
0.291666666666667	2	33	0.9
0.269230769230769	2	33	0.9
0.489795918367347	2	33	0.9
0.205882352941176	2	33	0.9
0.5	2	33	0.9
0.625	2	33	0.9
0.153846153846154	2	33	0.9
0.418604651162791	2	33	0.9
0.392857142857143	2	33	0.9
0.48	2	33	0.9
0.418604651162791	2	33	0.9
0.393939393939394	2	33	0.9
0.425	2	33	0.9
0.305555555555556	2	33	0.9
0.111111111111111	2	33	0.9
0.113207547169811	2	33	0.9
0.122448979591837	2	33	0.9
0.125	2	33	0.9
0.136363636363636	2	33	0.9
0.416666666666667	2	33	0.9
0.314285714285714	2	33	0.9
0.214285714285714	2	33	0.9
0.142857142857143	2	33	0.9
0.441176470588235	2	33	0.9
0.161290322580645	2	33	0.9
0.380952380952381	2	33	0.9
0.166666666666667	2	33	0.9
0.55	2	33	0.9
0.465116279069767	2	33	0.9
0.257142857142857	2	33	0.9
0.475	2	33	0.9
0.176470588235294	2	33	0.9
0.125	2	33	0.9
0.521739130434783	2	33	0.9
0.52	2	33	0.9
0.615384615384615	2	33	0.9
0.228571428571429	2	33	0.9
0.620689655172414	2	33	0.9
0.391304347826087	2	33	0.9
0.5	2	33	0.9
0.518518518518518	2	33	0.9
0.206896551724138	2	33	0.9
0.3	2	33	0.9
0.555555555555556	2	33	0.9
0.386363636363636	2	33	0.9
0.466666666666667	2	33	0.9
0.5	2	33	0.9
0.45	2	33	0.9
0.363636363636364	2	33	0.9
0.230769230769231	2	33	0.9
0.15	2	33	0.9
0.421052631578947	2	33	0.9
0.21875	2	33	0.9
0.176470588235294	2	33	0.9
0.35	2	33	0.9
0.195652173913043	2	33	0.9
0.116666666666667	2	33	0.9
0.625	2	33	0.9
0.176470588235294	2	33	0.9
0.421052631578947	2	33	0.9
0.179487179487179	2	33	0.9
0.333333333333333	2	33	0.9
0.21875	2	33	0.9
0.296296296296296	2	33	0.9
0.416666666666667	2	33	0.9
0.451612903225806	2	33	0.9
0.194444444444444	2	33	0.9
0.146341463414634	2	33	0.9
0.166666666666667	2	33	0.9
0.363636363636364	2	33	0.9
0.434782608695652	2	33	0.9
0.193548387096774	2	33	0.9
0.607142857142857	2	33	0.9
0.133333333333333	2	33	0.9
0.24	2	33	0.9
0.5	2	33	0.9
0.111111111111111	2	33	0.9
0.459459459459459	2	33	0.9
0.448275862068966	2	33	0.9
0.153846153846154	2	33	0.9
0.458333333333333	2	33	0.9
0.175	2	33	0.9
0.428571428571429	2	33	0.9
0.5	2	33	0.9
0.272727272727273	2	33	0.9
0.421052631578947	2	33	0.9
0.4	2	33	0.9
0.5	2	33	0.9
0.586206896551724	2	33	0.9
0.551724137931034	2	33	0.9
0.114754098360656	2	33	0.9
0.459459459459459	2	33	0.9
0.517241379310345	2	33	0.9
0.311111111111111	2	33	0.9
0.171428571428571	2	33	0.9
0.166666666666667	2	33	0.9
0.142857142857143	2	33	0.9
0.354838709677419	2	33	0.9
0.470588235294118	2	33	0.9
0.543478260869565	2	33	0.9
0.551020408163265	2	33	0.9
0.5	2	33	0.9
0.314285714285714	2	33	0.9
0.454545454545455	2	33	0.9
0.454545454545455	2	33	0.9
0.142857142857143	2	33	0.9
0.391304347826087	2	33	0.9
0.210526315789474	2	33	0.9
0.172413793103448	2	33	0.9
0.2	2	33	0.9
0.424242424242424	2	33	0.9
0.454545454545455	2	33	0.9
0.2	2	33	0.9
0.25	2	33	0.9
0.146341463414634	2	33	0.9
0.321428571428571	2	33	0.9
0.473684210526316	2	33	0.9
0.15	2	33	0.9
0.365853658536585	2	33	0.9
0.315789473684211	2	33	0.9
0.137254901960784	2	33	0.9
0.392857142857143	2	33	0.9
0.138888888888889	2	33	0.9
0.171428571428571	2	33	0.9
0.522727272727273	2	33	0.9
0.478260869565217	2	33	0.9
0.130434782608696	2	33	0.9
0.157894736842105	2	33	0.9
0.5	2	33	0.9
0.541666666666667	2	33	0.9
0.291666666666667	2	33	0.9
0.291666666666667	2	33	0.9
0.163265306122449	2	33	0.9
0.333333333333333	2	33	0.9
0.290322580645161	2	33	0.9
0.555555555555556	2	33	0.9
0.0952380952380952	2	33	0.9
0.166666666666667	2	33	0.9
0.382352941176471	2	33	0.9
0.4	2	33	0.9
0.2	2	33	0.9
0.56	2	33	0.9
0.411764705882353	2	33	0.9
0.37037037037037	2	33	0.9
0.5	2	33	0.9
0.416666666666667	2	33	0.9
0.181818181818182	2	33	0.9
0.354838709677419	2	33	0.9
0.592592592592593	2	33	0.9
0.5	2	33	0.9
0.393939393939394	2	33	0.9
0.555555555555556	2	33	0.9
0.555555555555556	2	33	0.9
0.171428571428571	2	33	0.9
0.142857142857143	2	33	0.9
0.142857142857143	2	33	0.9
0.42	2	33	0.9
0.541666666666667	2	33	0.9
0.142857142857143	2	33	0.9
0.162162162162162	2	33	0.9
0.304347826086957	2	33	0.9
0.184210526315789	2	33	0.9
0.363636363636364	2	33	0.9
0.457142857142857	2	33	0.9
0.193548387096774	2	33	0.9
0.171428571428571	2	33	0.9
0.428571428571429	2	33	0.9
0.111111111111111	2	33	0.9
0.214285714285714	2	33	0.9
0.5	2	33	0.9
0.205882352941176	2	33	0.9
0.162162162162162	2	33	0.9
0.21875	2	33	0.9
0.478260869565217	2	33	0.9
0.333333333333333	2	33	0.9
0.219512195121951	2	33	0.9
0.55	2	33	0.9
0.478260869565217	2	33	0.9
0.413793103448276	2	33	0.9
0.230769230769231	2	33	0.9
0.184210526315789	2	33	0.9
0.379310344827586	2	33	0.9
0.15	2	33	0.9
0.153846153846154	2	33	0.9
0.351351351351351	2	33	0.9
0.15	2	33	0.9
0.189189189189189	2	33	0.9
0.521739130434783	2	33	0.9
0.479166666666667	2	33	0.9
0.41025641025641	2	33	0.9
0.411764705882353	2	33	0.9
0.15625	2	33	0.9
0.282051282051282	2	33	0.9
0.471698113207547	2	33	0.9
0.434782608695652	2	33	0.9
0.12	2	33	0.9
0.46875	2	33	0.9
0.260869565217391	2	33	0.9
0.259259259259259	2	33	0.9
0.5	2	33	0.9
0.482758620689655	2	33	0.9
0.413793103448276	2	33	0.9
0.205882352941176	2	33	0.9
0.136363636363636	2	33	0.9
0.347826086956522	2	33	0.9
0.411764705882353	2	33	0.9
0.315789473684211	2	33	0.9
0.380952380952381	2	33	0.9
0.5	2	33	0.9
0.128205128205128	2	33	0.9
0.1875	2	33	0.9
0.170731707317073	2	33	0.9
0.379310344827586	2	33	0.9
0.117647058823529	2	33	0.9
0.157894736842105	2	33	0.9
0.366666666666667	2	33	0.9
0.321428571428571	2	33	0.9
0.130434782608696	2	33	0.9
0.535714285714286	2	33	0.9
0.518518518518518	2	33	0.9
0.2	2	33	0.9
0.416666666666667	2	33	0.9
0.285714285714286	2	33	0.9
0.458333333333333	2	33	0.9
0.511111111111111	2	33	0.9
0.448275862068966	2	33	0.9
0.344827586206897	2	33	0.9
0.5625	2	33	0.9
0.472222222222222	2	33	0.9
0.333333333333333	2	33	0.9
0.0983606557377049	2	33	0.9
0.493150684931507	2	33	0.9
0.133333333333333	2	33	0.9
0.378378378378378	2	33	0.9
0.111111111111111	2	33	0.9
0.507692307692308	2	33	0.9
0.411764705882353	2	33	0.9
0.444444444444444	2	33	0.9
0.333333333333333	2	33	0.9
0.545454545454545	2	33	0.9
0.6	2	33	0.9
0.466666666666667	2	33	0.9
0.193548387096774	2	33	0.9
1	2	33	0.9
0.458333333333333	2	33	0.9
0.375	2	33	0.9
0.4	2	33	0.9
0.354838709677419	2	33	0.9
0.472222222222222	2	33	0.9
0.176470588235294	2	33	0.9
0.388888888888889	2	33	0.9
0.533333333333333	2	33	0.9
0.2	2	33	0.9
0.109090909090909	2	33	0.9
0.483870967741935	2	33	0.9
0.181818181818182	2	33	0.9
0.583333333333333	2	33	0.9
0.538461538461538	2	33	0.9
0.259259259259259	2	33	0.9
0.333333333333333	2	33	0.9
0.352941176470588	2	33	0.9
0.272727272727273	2	33	0.9
0.133333333333333	2	33	0.9
0.380952380952381	2	33	0.9
0.459459459459459	2	33	0.9
0.192307692307692	2	33	0.9
0.25	2	33	0.9
0.423076923076923	2	33	0.9
0.5	2	33	0.9
0.148148148148148	2	33	0.9
0.608695652173913	2	33	0.9
0.142857142857143	2	33	0.9
0.162790697674419	2	33	0.9
0.177777777777778	2	33	0.9
0.433333333333333	2	33	0.9
0.477272727272727	2	33	0.9
0.222222222222222	2	33	0.9
0.5	2	33	0.9
0.121212121212121	2	33	0.9
0.114285714285714	2	33	0.9
0.4	2	33	0.9
0.46875	2	33	0.9
0.310344827586207	2	33	0.9
0.102040816326531	2	33	0.9
0.583333333333333	2	33	0.9
0.590909090909091	2	33	0.9
0.205882352941176	2	33	0.9
0.315789473684211	2	33	0.9
0.36	2	33	0.9
0.176470588235294	2	33	0.9
0.571428571428571	2	33	0.9
0.136363636363636	2	33	0.9
0.468085106382979	2	33	0.9
0.148936170212766	2	33	0.9
0.5	2	33	0.9
0.444444444444444	2	33	0.9
0.09375	2	33	0.9
0.230769230769231	2	33	0.9
0.175	2	33	0.9
0.114285714285714	2	33	0.9
0.46875	2	33	0.9
0.315789473684211	2	33	0.9
0.25	2	33	0.9
0.375	2	33	0.9
0.4	2	33	0.9
0.363636363636364	2	33	0.9
0.152173913043478	2	33	0.9
0.176470588235294	2	33	0.9
0.3125	2	33	0.9
0.181818181818182	2	33	0.9
0.35	2	33	0.9
0.177777777777778	2	33	0.9
0.705882352941177	2	33	0.9
0.222222222222222	2	33	0.9
0.222222222222222	2	33	0.9
0.414634146341463	2	33	0.9
0.424242424242424	2	33	0.9
0.2	2	33	0.9
0.434782608695652	2	33	0.9
0.416666666666667	2	33	0.9
0.222222222222222	2	33	0.9
0.157894736842105	2	33	0.9
0.533333333333333	2	33	0.9
0.275	2	33	0.9
0.368421052631579	2	33	0.9
0.371428571428571	2	33	0.9
0.166666666666667	2	33	0.9
0.533333333333333	2	33	0.9
0.157894736842105	2	33	0.9
0.451612903225806	2	33	0.9
0.490196078431373	2	33	0.9
0.354166666666667	2	33	0.9
0.465116279069767	2	33	0.9
0.217391304347826	2	33	0.9
0.127659574468085	2	33	0.9
0.0769230769230769	2	33	0.9
0.142857142857143	2	33	0.9
0.466666666666667	2	33	0.9
0.218181818181818	2	33	0.9
0.137931034482759	2	33	0.9
0.166666666666667	2	33	0.9
0.543478260869565	2	33	0.9
0.909090909090909	2	33	0.9
0.205882352941176	2	33	0.9
0.526315789473684	2	33	0.9
0.461538461538462	2	33	0.9
0.354838709677419	2	33	0.9
0.428571428571429	2	33	0.9
0.344827586206897	2	33	0.9
0.2	2	33	0.9
0.228070175438596	2	33	0.9
0.36	2	33	0.9
0.205882352941176	2	33	0.9
0.175	2	33	0.9
0.41025641025641	2	33	0.9
0.416666666666667	2	33	0.9
0.333333333333333	2	33	0.9
0.517241379310345	2	33	0.9
0.4375	2	33	0.9
0.171428571428571	2	33	0.9
0.117647058823529	2	33	0.9
0.171428571428571	2	33	0.9
0.12	2	33	0.9
0.458333333333333	2	33	0.9
0.46875	2	33	0.9
0.666666666666667	2	33	0.9
0.166666666666667	2	33	0.9
0.24	2	33	0.9
0.176470588235294	2	33	0.9
0.451612903225806	2	33	0.9
0.166666666666667	2	33	0.9
0.162162162162162	2	33	0.9
0.194444444444444	2	33	0.9
0.269230769230769	2	33	0.9
0.121951219512195	2	33	0.9
0.242424242424242	2	33	0.9
0.285714285714286	2	33	0.9
0.145833333333333	2	33	0.9
0.344827586206897	2	33	0.9
0.535714285714286	2	33	0.9
0.225806451612903	2	33	0.9
0.333333333333333	2	33	0.9
0.148148148148148	2	33	0.9
0.527777777777778	2	33	0.9
0.434782608695652	2	33	0.9
0.433333333333333	2	33	0.9
0.387096774193548	2	33	0.9
0.411764705882353	2	33	0.9
0.552631578947368	2	33	0.9
0.384615384615385	2	33	0.9
0.352941176470588	2	33	0.9
0.444444444444444	2	33	0.9
0.333333333333333	2	33	0.9
0.526315789473684	2	33	0.9
0.541666666666667	2	33	0.9
0.275862068965517	2	33	0.9
0.473684210526316	2	33	0.9
0.4	2	33	0.9
0.45	2	33	0.9
0.122448979591837	2	33	0.9
0.478260869565217	2	33	0.9
0.146341463414634	2	33	0.9
0.171428571428571	2	33	0.9
0.222222222222222	2	33	0.9
0.346153846153846	2	33	0.9
0.576923076923077	2	33	0.9
0.5	2	33	0.9
0.176470588235294	2	33	0.9
0.212121212121212	2	33	0.9
0.16	2	33	0.9
0.175	2	33	0.9
0.321428571428571	2	33	0.9
0.3	2	33	0.9
0.3	2	33	0.9
0.38	2	33	0.9
0.5	2	33	0.9
0.379310344827586	2	33	0.9
0.0967741935483871	2	33	0.9
0.464285714285714	2	33	0.9
0.225806451612903	2	33	0.9
0.464285714285714	2	33	0.9
0.52	2	33	0.9
0.206896551724138	2	33	0.9
0.2	2	33	0.9
0.132075471698113	2	33	0.9
0.166666666666667	2	33	0.9
0.355555555555556	2	33	0.9
0.535714285714286	2	33	0.9
0.483870967741935	2	33	0.9
0.37037037037037	2	33	0.9
0.388888888888889	2	33	0.9
0.357142857142857	2	33	0.9
0.294117647058824	2	33	0.9
0.157894736842105	2	33	0.9
0.2	2	33	0.9
0.485714285714286	2	33	0.9
0.484848484848485	2	33	0.9
0.344827586206897	2	33	0.9
0.142857142857143	2	33	0.9
0.470588235294118	2	33	0.9
0.166666666666667	2	33	0.9
0.526315789473684	2	33	0.9
0.127659574468085	2	33	0.9
0.344827586206897	2	33	0.9
0.5	2	33	0.9
0.4	2	33	0.9
0.3	2	33	0.9
0.380952380952381	2	33	0.9
0.470588235294118	2	33	0.9
0.333333333333333	2	33	0.9
0.142857142857143	2	33	0.9
0.157894736842105	2	33	0.9
0.588235294117647	2	33	0.9
0.478260869565217	2	33	0.9
0.230769230769231	2	33	0.9
0.380952380952381	2	33	0.9
0.44	2	33	0.9
0.272727272727273	2	33	0.9
0.466666666666667	2	33	0.9
0.233333333333333	2	33	0.9
0.291666666666667	2	33	0.9
0.409090909090909	2	33	0.9
0.361111111111111	2	33	0.9
0.44	2	33	0.9
0.366666666666667	2	33	0.9
0.181818181818182	2	33	0.9
0.282608695652174	2	33	0.9
0.5	2	33	0.9
0.3125	2	33	0.9
0.171428571428571	2	33	0.9
0.153846153846154	2	33	0.9
0.315789473684211	2	33	0.9
0.72	2	33	0.9
0.363636363636364	2	33	0.9
0.184210526315789	2	33	0.9
0.588235294117647	2	33	0.9
0.470588235294118	2	33	0.9
0.368421052631579	2	33	0.9
0.21875	2	33	0.9
0.155555555555556	2	33	0.9
0.146341463414634	2	33	0.9
0.233333333333333	2	33	0.9
0.342105263157895	2	33	0.9
0.333333333333333	2	33	0.9
0.452830188679245	2	33	0.9
0.214285714285714	2	33	0.9
0.1875	2	33	0.9
0.306122448979592	2	33	0.9
0.470588235294118	2	33	0.9
0.388888888888889	2	33	0.9
0.352941176470588	2	33	0.9
0.5	2	33	0.9
0.555555555555556	2	33	0.9
0.1875	2	33	0.9
0.111111111111111	2	33	0.9
0.407407407407407	2	33	0.9
0.344827586206897	2	33	0.9
0.136363636363636	2	33	0.9
0.638888888888889	2	33	0.9
0.13953488372093	2	33	0.9
0.263157894736842	2	33	0.9
0.219512195121951	2	33	0.9
0.52	2	33	0.9
0.456521739130435	2	33	0.9
0.15	2	33	0.9
0.291666666666667	2	33	0.9
0.333333333333333	2	33	0.9
0.461538461538462	2	33	0.9
0.12	2	33	0.9
0.148936170212766	2	33	0.9
0.5	2	33	0.9
0.131578947368421	2	33	0.9
0.117647058823529	2	33	0.9
0.344827586206897	2	33	0.9
0.583333333333333	2	33	0.9
0.27906976744186	2	33	0.9
0.41025641025641	2	33	0.9
0.464285714285714	2	33	0.9
0.424242424242424	2	33	0.9
0.129032258064516	2	33	0.9
0.222222222222222	2	33	0.9
0.188679245283019	2	33	0.9
0.303030303030303	2	33	0.9
0.12	2	33	0.9
0.0909090909090909	2	33	0.9
0.214285714285714	2	33	0.9
0.238095238095238	2	33	0.9
0.526315789473684	2	33	0.9
0.171428571428571	2	33	0.9
0.391304347826087	2	33	0.9
0.166666666666667	2	33	0.9
0.130434782608696	2	33	0.9
0.2	2	33	0.9
0.235294117647059	2	33	0.9
0.571428571428571	2	33	0.9
0.317460317460317	2	33	0.9
0.275	2	33	0.9
0.159090909090909	2	33	0.9
0.53125	2	33	0.9
0.128205128205128	2	33	0.9
0.384615384615385	2	33	0.9
0.290322580645161	2	33	0.9
0.146341463414634	2	33	0.9
0.48780487804878	2	33	0.9
0.291666666666667	2	33	0.9
0.457142857142857	2	33	0.9
0.162162162162162	2	33	0.9
0.5	2	33	0.9
0.522727272727273	2	33	0.9
0.272727272727273	2	33	0.9
0.588235294117647	2	33	0.9
0.513513513513513	2	33	0.9
0.159090909090909	2	33	0.9
0.291666666666667	2	33	0.9
0.333333333333333	2	33	0.9
0.153846153846154	2	33	0.9
0.103448275862069	2	33	0.9
0.565217391304348	2	33	0.9
0.666666666666667	2	33	0.9
0.461538461538462	2	33	0.9
0.4375	2	33	0.9
0.189189189189189	2	33	0.9
0.518518518518518	2	33	0.9
0.448275862068966	2	33	0.9
0.428571428571429	2	33	0.9
0.428571428571429	2	33	0.9
0.4375	2	33	0.9
0.375	2	33	0.9
0.326086956521739	2	33	0.9
0.51063829787234	2	33	0.9
0.157894736842105	2	33	0.9
0.375	2	33	0.9
0.311111111111111	2	33	0.9
0.354838709677419	2	33	0.9
0.27027027027027	2	33	0.9
0.433333333333333	2	33	0.9
0.56	2	33	0.9
0.238095238095238	2	33	0.9
0.166666666666667	2	33	0.9
0.148148148148148	2	33	0.9
0.378378378378378	2	33	0.9
0.454545454545455	2	33	0.9
0.41025641025641	2	33	0.9
0.391304347826087	2	33	0.9
0.21875	2	33	0.9
0.181818181818182	2	33	0.9
0.34375	2	33	0.9
0.2	2	33	0.9
0.535714285714286	2	33	0.9
0.181818181818182	2	33	0.9
0.230769230769231	2	33	0.9
0.37037037037037	2	33	0.9
0.244444444444444	2	33	0.9
0.195121951219512	2	33	0.9
0.166666666666667	2	33	0.9
0.518518518518518	2	33	0.9
0.59375	2	33	0.9
0.166666666666667	2	33	0.9
0.157894736842105	2	33	0.9
0.466666666666667	2	33	0.9
0.307692307692308	2	33	0.9
0.529411764705882	2	33	0.9
0.195121951219512	2	33	0.9
0.411764705882353	2	33	0.9
0.416666666666667	2	33	0.9
0.4	2	33	0.9
0.130434782608696	2	33	0.9
0.444444444444444	2	33	0.9
0.5	2	33	0.9
0.222222222222222	2	33	0.9
0.441176470588235	2	33	0.9
0.166666666666667	2	33	0.9
0.366666666666667	2	33	0.9
0.157894736842105	2	33	0.9
0.171428571428571	2	33	0.9
0.115384615384615	2	33	0.9
0.548387096774194	2	33	0.9
0.19047619047619	2	33	0.9
0.483870967741935	2	33	0.9
0.357142857142857	2	33	0.9
0.153846153846154	2	33	0.9
0.130434782608696	2	33	0.9
0.2	2	33	0.9
0.112903225806452	2	33	0.9
0.434782608695652	2	33	0.9
0.516129032258065	2	33	0.9
0.105263157894737	2	33	0.9
0.127659574468085	2	33	0.9
0.558823529411765	2	33	0.9
0.142857142857143	2	33	0.9
0.0961538461538462	2	33	0.9
0.136363636363636	2	33	0.9
0.478260869565217	2	33	0.9
0.36	2	33	0.9
0.12	2	33	0.9
0.173913043478261	2	33	0.9
0.0967741935483871	2	33	0.9
0.428571428571429	2	33	0.9
0.122448979591837	2	33	0.9
0.107142857142857	2	33	0.9
0.4	2	33	0.9
0.361111111111111	2	33	0.9
0.444444444444444	2	33	0.9
0.411764705882353	2	33	0.9
0.428571428571429	2	33	0.9
0.323529411764706	2	33	0.9
0.275862068965517	2	33	0.9
0.230769230769231	2	33	0.9
0.56	2	33	0.9
0.193548387096774	2	33	0.9
0.361111111111111	2	33	0.9
0.40625	2	33	0.9
0.478260869565217	2	33	0.9
0.266666666666667	2	33	0.9
0.3	2	33	0.9
0.125	2	33	0.9
0.6	2	33	0.9
0.714285714285714	2	33	0.9
0.12	2	33	0.9
0.235294117647059	2	33	0.9
0.291666666666667	2	33	0.9
0.2	2	33	0.9
0.431818181818182	2	33	0.9
0.323529411764706	2	33	0.9
0.181818181818182	2	33	0.9
0.523809523809524	2	33	0.9
0.387755102040816	2	33	0.9
0.206896551724138	2	33	0.9
0.36	2	33	0.9
0.444444444444444	2	33	0.9
0.142857142857143	2	33	0.9
0.413793103448276	2	33	0.9
0.4	2	33	0.9
0.444444444444444	2	33	0.9
0.433333333333333	2	33	0.9
0.217391304347826	2	33	0.9
0.170731707317073	2	33	0.9
0.476190476190476	2	33	0.9
0.448275862068966	2	33	0.9
0.212121212121212	2	33	0.9
0.462962962962963	2	33	0.9
0.155555555555556	2	33	0.9
0.433333333333333	2	33	0.9
0.205882352941176	2	33	0.9
0.214285714285714	2	33	0.9
0.166666666666667	2	33	0.9
0.5	2	33	0.9
0.363636363636364	2	33	0.9
0.121212121212121	2	33	0.9
0.09375	2	33	0.9
0.51063829787234	2	33	0.9
0.171428571428571	2	33	0.9
0.458333333333333	2	33	0.9
0.435897435897436	2	33	0.9
0.388888888888889	2	33	0.9
0.325581395348837	2	33	0.9
0.333333333333333	2	33	0.9
0.523809523809524	2	33	0.9
0.4375	2	33	0.9
0.621621621621622	2	33	0.9
0.424242424242424	2	33	0.9
0.228571428571429	2	33	0.9
0.135135135135135	2	33	0.9
0.428571428571429	2	33	0.9
0.361111111111111	2	33	0.9
0.444444444444444	2	33	0.9
0.216216216216216	2	33	0.9
0.162162162162162	2	33	0.9
0.166666666666667	2	33	0.9
0.393939393939394	2	33	0.9
0.4	2	33	0.9
0.529411764705882	2	33	0.9
0.169811320754717	2	33	0.9
0.0882352941176471	2	33	0.9
0.5	2	33	0.9
0.4375	2	33	0.9
0.133333333333333	2	33	0.9
0.130434782608696	2	33	0.9
0.275862068965517	2	33	0.9
0.25	2	33	0.9
0.157894736842105	2	33	0.9
0.318181818181818	2	33	0.9
0.4	2	33	0.9
0.142857142857143	2	33	0.9
0.461538461538462	2	33	0.9
0.461538461538462	2	33	0.9
0.465116279069767	2	33	0.9
0.315789473684211	2	33	0.9
0.354838709677419	2	33	0.9
0.368421052631579	2	33	0.9
0.394736842105263	2	33	0.9
0.333333333333333	2	33	0.9
0.377358490566038	2	33	0.9
0.5	2	33	0.9
0.524590163934426	2	33	0.9
0.193548387096774	2	33	0.9
0.2	2	33	0.9
0.14	2	33	0.9
0.222222222222222	2	33	0.9
0.37037037037037	2	33	0.9
0.25	2	33	0.9
0.433333333333333	2	33	0.9
0.1875	2	33	0.9
0.56	2	33	0.9
0.3125	2	33	0.9
0.122448979591837	2	33	0.9
0.333333333333333	2	33	0.9
0.375	2	33	0.9
0.380952380952381	2	33	0.9
0.433333333333333	2	33	0.9
0.142857142857143	2	33	0.9
0.136363636363636	2	33	0.9
0.5	2	33	0.9
0.363636363636364	2	33	0.9
0.166666666666667	2	33	0.9
0.178571428571429	2	33	0.9
0.388888888888889	2	33	0.9
0.488888888888889	2	33	0.9
0.488372093023256	2	33	0.9
0.258064516129032	2	33	0.9
0.521739130434783	2	33	0.9
0.2	2	33	0.9
0.177777777777778	2	33	0.9
0.541666666666667	2	33	0.9
0.175	2	33	0.9
0.434782608695652	2	33	0.9
0.263157894736842	2	33	0.9
0.214285714285714	2	33	0.9
0.318181818181818	2	33	0.9
0.521739130434783	2	33	0.9
0.263157894736842	2	33	0.9
0.25	2	33	0.9
0.590909090909091	2	33	0.9
0.162162162162162	2	33	0.9
0.101694915254237	2	33	0.9
0.444444444444444	2	33	0.9
0.583333333333333	2	33	0.9
0.347826086956522	2	33	0.9
0.310344827586207	2	33	0.9
0.433333333333333	2	33	0.9
0.315789473684211	2	33	0.9
0.451612903225806	2	33	0.9
0.181818181818182	2	33	0.9
0.333333333333333	2	33	0.9
0.619047619047619	2	33	0.9
0.636363636363636	2	33	0.9
0.0882352941176471	2	33	0.9
0.176470588235294	2	33	0.9
0.1875	2	33	0.9
0.307692307692308	2	33	0.9
0.457142857142857	2	33	0.9
0.0967741935483871	2	33	0.9
0.171428571428571	2	33	0.9
0.34375	2	33	0.9
0.166666666666667	2	33	0.9
0.523809523809524	2	33	0.9
0.2	2	33	0.9
0.540540540540541	2	33	0.9
0.125	2	33	0.9
0.109090909090909	2	33	0.9
0.318181818181818	2	33	0.9
0.487179487179487	2	33	0.9
0.333333333333333	2	33	0.9
0.133333333333333	2	33	0.9
0.108695652173913	2	33	0.9
0.166666666666667	2	33	0.9
0.225806451612903	2	33	0.9
0.421052631578947	2	33	0.9
0.459459459459459	2	33	0.9
0.454545454545455	2	33	0.9
0.5	2	33	0.9
0.473684210526316	2	33	0.9
0.540540540540541	2	33	0.9
0.571428571428571	2	33	0.9
0.258064516129032	2	33	0.9
0.59375	2	33	0.9
0.132075471698113	2	33	0.9
0.424242424242424	2	33	0.9
0.4	2	33	0.9
0.133333333333333	2	33	0.9
0.5625	2	33	0.9
0.5	2	33	0.9
0.533333333333333	2	33	0.9
0.35	2	33	0.9
0.37037037037037	2	33	0.9
0.4	2	33	0.9
0.259259259259259	2	33	0.9
0.310344827586207	2	33	0.9
0.457142857142857	2	33	0.9
0.41025641025641	2	33	0.9
0.189189189189189	2	33	0.9
0.5	2	33	0.9
0.571428571428571	2	33	0.9
0.36	2	33	0.9
0.392857142857143	2	33	0.9
0.206896551724138	2	33	0.9
0.173913043478261	2	33	0.9
0.4375	2	33	0.9
0.136363636363636	2	33	0.9
0.214285714285714	2	33	0.9
0.478260869565217	2	33	0.9
0.833333333333333	2	33	0.9
0.44	2	33	0.9
0.4	2	33	0.9
0.419354838709677	2	33	0.9
0.481481481481481	2	33	0.9
0.5	2	33	0.9
0.41025641025641	2	33	0.9
0.4	2	33	0.9
0.380952380952381	2	33	0.9
0.461538461538462	2	33	0.9
0.162790697674419	2	33	0.9
0.4	2	33	0.9
0.483870967741935	2	33	0.9
0.516129032258065	2	33	0.9
0.28	2	33	0.9
0.241379310344828	2	33	0.9
0.416666666666667	2	33	0.9
0.636363636363636	2	33	0.9
0.214285714285714	2	33	0.9
0.333333333333333	2	33	0.9
0.260869565217391	2	33	0.9
0.583333333333333	2	33	0.9
0.2	2	33	0.9
0.15	2	33	0.9
0.361702127659574	2	33	0.9
0.5	2	33	0.9
0.451612903225806	2	33	0.9
0.208333333333333	2	33	0.9
0.0967741935483871	2	33	0.9
0.2	2	33	0.9
0.272727272727273	2	33	0.9
0.235294117647059	2	33	0.9
0.315789473684211	2	33	0.9
0.689655172413793	2	33	0.9
0.391304347826087	2	33	0.9
0.625	2	33	0.9
0.433333333333333	2	33	0.9
0.235294117647059	2	33	0.9
0.516129032258065	2	33	0.9
0.394736842105263	2	33	0.9
0.323529411764706	2	33	0.9
0.115384615384615	2	33	0.9
0.291666666666667	2	33	0.9
0.692307692307692	2	33	0.9
0.157894736842105	2	33	0.9
0.181818181818182	2	33	0.9
0.526315789473684	2	33	0.9
0.528301886792453	2	33	0.9
0.162162162162162	2	33	0.9
0.422222222222222	2	33	0.9
0.156862745098039	2	33	0.9
0.566666666666667	2	33	0.9
0.4	2	33	0.9
0.566666666666667	2	33	0.9
0.4	2	33	0.9
0.129032258064516	2	33	0.9
0.166666666666667	2	33	0.9
0.409090909090909	2	33	0.9
0.68	2	33	0.9
0.166666666666667	2	33	0.9
0.475	2	33	0.9
0.5625	2	33	0.9
0.552631578947368	2	33	0.9
0.6	2	33	0.9
0.32	2	33	0.9
0.540540540540541	2	33	0.9
0.617647058823529	2	33	0.9
0.357142857142857	2	33	0.9
0.551020408163265	2	33	0.9
0.444444444444444	2	33	0.9
0.130434782608696	2	33	0.9
0.307692307692308	2	33	0.9
0.285714285714286	2	33	0.9
0.3	2	33	0.9
0.12280701754386	2	33	0.9
0.378378378378378	2	33	0.9
0.642857142857143	2	33	0.9
0.382352941176471	2	33	0.9
0.303030303030303	2	33	0.9
0.333333333333333	2	33	0.9
0.5	2	33	0.9
0.486486486486487	2	33	0.9
0.379310344827586	2	33	0.9
0.448275862068966	2	33	0.9
0.142857142857143	2	33	0.9
0.21875	2	33	0.9
0.170731707317073	2	33	0.9
0.25	2	33	0.9
0.5	2	33	0.9
0.403846153846154	2	33	0.9
0.333333333333333	2	33	0.9
0.527777777777778	2	33	0.9
0.155555555555556	2	33	0.9
0.451612903225806	2	33	0.9
0.379310344827586	2	33	0.9
0.424242424242424	2	33	0.9
0.170212765957447	2	33	0.9
0.44	2	33	0.9
0.333333333333333	2	33	0.9
0.45	2	33	0.9
0.44	2	33	0.9
0.133333333333333	2	33	0.9
0.444444444444444	2	33	0.9
0.666666666666667	2	33	0.9
0.578947368421053	2	33	0.9
0.175	2	33	0.9
0.4	2	33	0.9
0.21875	2	33	0.9
0.161290322580645	2	33	0.9
0.2	2	33	0.9
0.130434782608696	2	33	0.9
0.5	2	33	0.9
0.375	2	33	0.9
0.1875	2	33	0.9
0.153846153846154	2	33	0.9
0.222222222222222	2	33	0.9
0.2	2	33	0.9
0.4	2	33	0.9
0.0882352941176471	2	33	0.9
0.310344827586207	2	33	0.9
0.35	2	33	0.9
0.24	2	33	0.9
0.444444444444444	2	33	0.9
0.411764705882353	2	33	0.9
0.5	2	33	0.9
0.634615384615385	2	33	0.9
0.225	2	33	0.9
0.375	2	33	0.9
0.45	2	33	0.9
0.4	2	33	0.9
0.179487179487179	2	33	0.9
0.105263157894737	2	33	0.9
0.214285714285714	2	33	0.9
0.473684210526316	2	33	0.9
0.5	2	33	0.9
0.379310344827586	2	33	0.9
0.106382978723404	2	33	0.9
0.210526315789474	2	33	0.9
0.333333333333333	2	33	0.9
0.487179487179487	2	33	0.9
0.459459459459459	2	33	0.9
0.375	2	33	0.9
0.461538461538462	2	33	0.9
0.447368421052632	2	33	0.9
0.5	2	33	0.9
0.285714285714286	2	33	0.9
0.1	2	33	0.9
0.1	2	33	0.9
0.511111111111111	2	33	0.9
0.421052631578947	2	33	0.9
0.533333333333333	2	33	0.9
0.4	2	33	0.9
0.5	2	33	0.9
0.375	2	33	0.9
0.423076923076923	2	33	0.9
0.24	2	33	0.9
0.13953488372093	2	33	0.9
0.210526315789474	2	33	0.9
0.2	2	33	0.9
0.575757575757576	2	33	0.9
0.214285714285714	2	33	0.9
0.435897435897436	2	33	0.9
0.5	2	33	0.9
0.142857142857143	2	33	0.9
0.535714285714286	2	33	0.9
0.517857142857143	2	33	0.9
0.145833333333333	2	33	0.9
0.413793103448276	2	33	0.9
0.4	2	33	0.9
0.3	2	33	0.9
0.117647058823529	2	33	0.9
0.19047619047619	2	33	0.9
0.157894736842105	2	33	0.9
0.122448979591837	2	33	0.9
0.51219512195122	2	33	0.9
0.127272727272727	2	33	0.9
0.239130434782609	2	33	0.9
0.461538461538462	2	33	0.9
0.444444444444444	2	33	0.9
0.543478260869565	2	33	0.9
0.62962962962963	2	33	0.9
0.571428571428571	2	33	0.9
0.5	2	33	0.9
0.333333333333333	2	33	0.9
0.272727272727273	2	33	0.9
0.52	2	33	0.9
0.363636363636364	2	33	0.9
0.382352941176471	2	33	0.9
0.163265306122449	2	33	0.9
0.181818181818182	2	33	0.9
0.136363636363636	2	33	0.9
0.368421052631579	2	33	0.9
0.166666666666667	2	33	0.9
0.157894736842105	2	33	0.9
0.428571428571429	2	33	0.9
0.103448275862069	2	33	0.9
0.103448275862069	2	33	0.9
0.117647058823529	2	33	0.9
0.189189189189189	2	33	0.9
0.555555555555556	2	33	0.9
0.15	2	33	0.9
0.483870967741935	2	33	0.9
0.24	2	33	0.9
0.296296296296296	2	33	0.9
0.55	2	33	0.9
0.107142857142857	2	33	0.9
0.483870967741935	2	33	0.9
0.418604651162791	2	33	0.9
0.28125	2	33	0.9
0.122448979591837	2	33	0.9
0.578947368421053	2	33	0.9
0.166666666666667	2	33	0.9
0.166666666666667	2	33	0.9
0.175	2	33	0.9
0.642857142857143	2	33	0.9
0.475409836065574	2	33	0.9
0.447368421052632	2	33	0.9
0.136363636363636	3	46	0.9
0.272727272727273	3	46	0.9
0.41025641025641	3	46	0.9
0.377777777777778	3	46	0.9
0.347826086956522	3	46	0.9
0.146341463414634	3	46	0.9
0.178571428571429	3	46	0.9
0.109090909090909	3	46	0.9
0.162790697674419	3	46	0.9
0.2	3	46	0.9
0.163636363636364	3	46	0.9
0.136363636363636	3	46	0.9
0.354838709677419	3	46	0.9
0.290322580645161	3	46	0.9
0.127659574468085	3	46	0.9
0.25	3	46	0.9
0.343283582089552	3	46	0.9
0.310810810810811	3	46	0.9
0.142857142857143	3	46	0.9
0.277777777777778	3	46	0.9
0.2	3	46	0.9
0.125	3	46	0.9
0.205882352941176	3	46	0.9
0.233333333333333	3	46	0.9
0.181818181818182	3	46	0.9
0.189189189189189	3	46	0.9
0.28125	3	46	0.9
0.115384615384615	3	46	0.9
0.213114754098361	3	46	0.9
0.113207547169811	3	46	0.9
0.142857142857143	3	46	0.9
0.127272727272727	3	46	0.9
0.145833333333333	3	46	0.9
0.315789473684211	3	46	0.9
0.56	3	46	0.9
0.306122448979592	3	46	0.9
0.324324324324324	3	46	0.9
0.142857142857143	3	46	0.9
0.243243243243243	3	46	0.9
0.155555555555556	3	46	0.9
0.263157894736842	3	46	0.9
0.333333333333333	3	46	0.9
0.127659574468085	3	46	0.9
0.115384615384615	3	46	0.9
0.314285714285714	3	46	0.9
0.277777777777778	3	46	0.9
0.227272727272727	3	46	0.9
0.156862745098039	3	46	0.9
0.191489361702128	3	46	0.9
0.109090909090909	3	46	0.9
0.111111111111111	3	46	0.9
0.382352941176471	3	46	0.9
0.134615384615385	3	46	0.9
0.111111111111111	3	46	0.9
0.23728813559322	3	46	0.9
0.263157894736842	3	46	0.9
0.359375	3	46	0.9
0.333333333333333	3	46	0.9
0.319148936170213	3	46	0.9
0.136363636363636	3	46	0.9
0.148148148148148	3	46	0.9
0.127659574468085	3	46	0.9
0.105263157894737	3	46	0.9
0.314814814814815	3	46	0.9
0.103448275862069	3	46	0.9
