VAF	CN	avg.depth	purity
0.338028169014085	2	35	1
0.5	2	35	1
0.194444444444444	2	35	1
0.447368421052632	2	35	1
0.358974358974359	2	35	1
0.454545454545455	2	35	1
0.435897435897436	2	35	1
0.576923076923077	2	35	1
0.304347826086957	2	35	1
0.514285714285714	2	35	1
0.285714285714286	2	35	1
0.260869565217391	2	35	1
0.466666666666667	2	35	1
0.171428571428571	2	35	1
0.2	2	35	1
0.529411764705882	2	35	1
0.378378378378378	2	35	1
0.583333333333333	2	35	1
0.523809523809524	2	35	1
0.472222222222222	2	35	1
0.512820512820513	2	35	1
0.366666666666667	2	35	1
0.376811594202899	2	35	1
0.525	2	35	1
0.142857142857143	2	35	1
0.484848484848485	2	35	1
0.52	2	35	1
0.3	2	35	1
0.19047619047619	2	35	1
0.459459459459459	2	35	1
0.242424242424242	2	35	1
0.40625	2	35	1
0.6	2	35	1
0.212121212121212	2	35	1
0.341463414634146	2	35	1
0.291666666666667	2	35	1
0.25	2	35	1
0.487179487179487	2	35	1
0.428571428571429	2	35	1
0.580645161290323	2	35	1
0.387096774193548	2	35	1
0.545454545454545	2	35	1
0.65	2	35	1
0.25	2	35	1
0.379310344827586	2	35	1
0.6	2	35	1
0.142857142857143	2	35	1
0.121212121212121	2	35	1
0.256410256410256	2	35	1
0.218181818181818	2	35	1
0.428571428571429	2	35	1
0.36	2	35	1
0.333333333333333	2	35	1
0.5	2	35	1
0.272727272727273	2	35	1
0.484848484848485	2	35	1
0.419354838709677	2	35	1
0.225806451612903	2	35	1
0.351351351351351	2	35	1
0.5	2	35	1
0.439024390243902	2	35	1
0.342105263157895	2	35	1
0.411764705882353	2	35	1
0.548387096774194	2	35	1
0.138888888888889	2	35	1
0.578947368421053	2	35	1
0.5	2	35	1
0.366666666666667	2	35	1
0.151515151515152	2	35	1
0.272727272727273	2	35	1
0.392857142857143	2	35	1
0.433333333333333	2	35	1
0.230769230769231	2	35	1
0.351351351351351	2	35	1
0.235294117647059	2	35	1
0.515151515151515	2	35	1
0.481481481481481	2	35	1
0.363636363636364	2	35	1
0.428571428571429	2	35	1
0.476190476190476	2	35	1
0.513513513513513	2	35	1
0.365384615384615	2	35	1
0.666666666666667	2	35	1
0.511111111111111	2	35	1
0.457142857142857	2	35	1
0.521739130434783	2	35	1
0.6875	2	35	1
0.125	2	35	1
0.12	2	35	1
0.125	2	35	1
0.117647058823529	2	35	1
0.457142857142857	2	35	1
0.391304347826087	2	35	1
0.333333333333333	2	35	1
0.275862068965517	2	35	1
0.5	2	35	1
0.541666666666667	2	35	1
0.56	2	35	1
0.525	2	35	1
0.428571428571429	2	35	1
0.472222222222222	2	35	1
0.605263157894737	2	35	1
0.555555555555556	2	35	1
0.423076923076923	2	35	1
0.4375	2	35	1
0.307692307692308	2	35	1
0.439024390243902	2	35	1
0.333333333333333	2	35	1
0.464285714285714	2	35	1
0.54	2	35	1
0.465116279069767	2	35	1
0.477272727272727	2	35	1
0.428571428571429	2	35	1
0.382352941176471	2	35	1
0.538461538461538	2	35	1
0.25	2	35	1
0.423076923076923	2	35	1
0.612903225806452	2	35	1
0.388888888888889	2	35	1
0.51219512195122	2	35	1
0.75	2	35	1
0.454545454545455	2	35	1
0.428571428571429	2	35	1
0.464285714285714	2	35	1
0.5	2	35	1
0.4	2	35	1
0.214285714285714	2	35	1
0.307692307692308	2	35	1
0.432432432432432	2	35	1
0.404761904761905	2	35	1
0.269230769230769	2	35	1
0.1875	2	35	1
0.4375	2	35	1
0.666666666666667	2	35	1
0.166666666666667	2	35	1
0.416666666666667	2	35	1
0.177777777777778	2	35	1
0.272727272727273	2	35	1
0.355555555555556	2	35	1
0.5	2	35	1
0.186046511627907	2	35	1
0.67741935483871	2	35	1
0.433333333333333	2	35	1
0.333333333333333	2	35	1
0.41304347826087	2	35	1
0.425	2	35	1
0.40625	2	35	1
0.541666666666667	2	35	1
0.319148936170213	2	35	1
0.435897435897436	2	35	1
0.465116279069767	2	35	1
0.333333333333333	2	35	1
0.428571428571429	2	35	1
0.354838709677419	2	35	1
0.195652173913043	2	35	1
0.475	2	35	1
0.434782608695652	2	35	1
0.46875	2	35	1
0.421052631578947	2	35	1
0.520833333333333	2	35	1
0.238095238095238	2	35	1
0.285714285714286	2	35	1
0.625	2	35	1
0.325581395348837	2	35	1
0.405405405405405	2	35	1
0.425531914893617	2	35	1
0.268292682926829	2	35	1
0.342857142857143	2	35	1
0.333333333333333	2	35	1
0.591836734693878	2	35	1
0.225	2	35	1
0.371428571428571	2	35	1
0.392857142857143	2	35	1
0.458333333333333	2	35	1
0.428571428571429	2	35	1
0.368421052631579	2	35	1
0.216216216216216	2	35	1
0.354166666666667	2	35	1
0.418181818181818	2	35	1
0.456521739130435	2	35	1
0.392857142857143	2	35	1
0.25	2	35	1
0.117647058823529	2	35	1
0.117647058823529	2	35	1
0.121212121212121	2	35	1
0.117647058823529	2	35	1
0.108108108108108	2	35	1
0.0933333333333333	2	35	1
0.1	2	35	1
0.152542372881356	2	35	1
0.263157894736842	2	35	1
0.531914893617021	2	35	1
0.392857142857143	2	35	1
0.216216216216216	2	35	1
0.1875	2	35	1
0.487179487179487	2	35	1
0.375	2	35	1
0.275862068965517	2	35	1
0.297297297297297	2	35	1
0.238095238095238	2	35	1
0.636363636363636	2	35	1
0.431818181818182	2	35	1
0.604651162790698	2	35	1
0.111111111111111	2	35	1
0.9	2	35	1
0.292682926829268	2	35	1
0.486486486486487	2	35	1
0.269230769230769	2	35	1
0.444444444444444	2	35	1
0.377777777777778	2	35	1
0.521739130434783	2	35	1
0.4375	2	35	1
0.395348837209302	2	35	1
0.136363636363636	2	35	1
0.339622641509434	2	35	1
0.135135135135135	2	35	1
0.454545454545455	2	35	1
0.208333333333333	2	35	1
0.425	2	35	1
0.157894736842105	2	35	1
0.584905660377358	2	35	1
0.394736842105263	2	35	1
0.5	2	35	1
0.5	2	35	1
0.357142857142857	2	35	1
0.463414634146341	2	35	1
0.428571428571429	2	35	1
0.5	2	35	1
0.58974358974359	2	35	1
0.178571428571429	2	35	1
0.4	2	35	1
0.4	2	35	1
0.363636363636364	2	35	1
0.263157894736842	2	35	1
0.666666666666667	2	35	1
0.479166666666667	2	35	1
0.0925925925925926	2	35	1
0.178571428571429	2	35	1
0.6	2	35	1
0.485714285714286	2	35	1
0.354838709677419	2	35	1
0.371428571428571	2	35	1
0.306122448979592	2	35	1
0.122448979591837	2	35	1
0.122448979591837	2	35	1
0.145833333333333	2	35	1
0.166666666666667	2	35	1
0.482758620689655	2	35	1
0.21875	2	35	1
0.526315789473684	2	35	1
0.285714285714286	2	35	1
0.576923076923077	2	35	1
0.433333333333333	2	35	1
0.41025641025641	2	35	1
0.4	2	35	1
0.451612903225806	2	35	1
0.409090909090909	2	35	1
0.27906976744186	2	35	1
0.4	2	35	1
0.28	2	35	1
0.571428571428571	2	35	1
0.15625	2	35	1
0.543478260869565	2	35	1
0.5	2	35	1
0.394736842105263	2	35	1
0.608695652173913	2	35	1
0.53125	2	35	1
0.416666666666667	2	35	1
0.5	2	35	1
0.179487179487179	2	35	1
0.736842105263158	2	35	1
0.425	2	35	1
0.377358490566038	2	35	1
0.481481481481481	2	35	1
0.210526315789474	2	35	1
0.52	2	35	1
0.482758620689655	2	35	1
0.424242424242424	2	35	1
0.458333333333333	2	35	1
0.104166666666667	2	35	1
0.380952380952381	2	35	1
0.488372093023256	2	35	1
0.490196078431373	2	35	1
0.155555555555556	2	35	1
0.127659574468085	2	35	1
0.526315789473684	2	35	1
0.405405405405405	2	35	1
0.5	2	35	1
0.392857142857143	2	35	1
0.413793103448276	2	35	1
0.513513513513513	2	35	1
0.321428571428571	2	35	1
0.375	2	35	1
0.459459459459459	2	35	1
0.533333333333333	2	35	1
0.444444444444444	2	35	1
0.32	2	35	1
0.382352941176471	2	35	1
0.186046511627907	2	35	1
0.344827586206897	2	35	1
0.409090909090909	2	35	1
0.285714285714286	2	35	1
0.567567567567568	2	35	1
0.463414634146341	2	35	1
0.179487179487179	2	35	1
0.175	2	35	1
0.222222222222222	2	35	1
0.104166666666667	2	35	1
0.311111111111111	2	35	1
0.333333333333333	2	35	1
0.344827586206897	2	35	1
0.361111111111111	2	35	1
0.538461538461538	2	35	1
0.459459459459459	2	35	1
0.310344827586207	2	35	1
0.466666666666667	2	35	1
0.458333333333333	2	35	1
0.341463414634146	2	35	1
0.205882352941176	2	35	1
0.294117647058824	2	35	1
0.454545454545455	2	35	1
0.393939393939394	2	35	1
0.405405405405405	2	35	1
0.297872340425532	2	35	1
0.35	2	35	1
0.142857142857143	2	35	1
0.310344827586207	2	35	1
0.285714285714286	2	35	1
0.595238095238095	2	35	1
0.304347826086957	2	35	1
0.379310344827586	2	35	1
0.354838709677419	2	35	1
0.44	2	35	1
0.487179487179487	2	35	1
0.419354838709677	2	35	1
0.534883720930233	2	35	1
0.32258064516129	2	35	1
0.58695652173913	2	35	1
0.628571428571429	2	35	1
0.333333333333333	2	35	1
0.543478260869565	2	35	1
0.263157894736842	2	35	1
0.479166666666667	2	35	1
0.4	2	35	1
0.424242424242424	2	35	1
0.348837209302326	2	35	1
0.574074074074074	2	35	1
0.448275862068966	2	35	1
0.395348837209302	2	35	1
0.48	2	35	1
0.432432432432432	2	35	1
0.375	2	35	1
0.411764705882353	2	35	1
0.387096774193548	2	35	1
0.432432432432432	2	35	1
0.355555555555556	2	35	1
0.407407407407407	2	35	1
0.41304347826087	2	35	1
0.521739130434783	2	35	1
0.5	2	35	1
0.130434782608696	2	35	1
0.333333333333333	2	35	1
0.448275862068966	2	35	1
0.27906976744186	2	35	1
0.422222222222222	2	35	1
0.333333333333333	2	35	1
0.333333333333333	2	35	1
0.341463414634146	2	35	1
0.341463414634146	2	35	1
0.27906976744186	2	35	1
0.549019607843137	2	35	1
0.392857142857143	2	35	1
0.5	2	35	1
0.291666666666667	2	35	1
0.4	2	35	1
0.325	2	35	1
0.416666666666667	2	35	1
0.6	2	35	1
0.291666666666667	2	35	1
0.611111111111111	2	35	1
0.387096774193548	2	35	1
0.0925925925925926	2	35	1
0.1	2	35	1
0.456521739130435	2	35	1
0.260869565217391	2	35	1
0.34375	2	35	1
0.392857142857143	2	35	1
0.37037037037037	2	35	1
0.533333333333333	2	35	1
0.388888888888889	2	35	1
0.434782608695652	2	35	1
0.538461538461538	2	35	1
0.463414634146341	2	35	1
0.181818181818182	2	35	1
0.11864406779661	2	35	1
0.230769230769231	2	35	1
0.357142857142857	2	35	1
0.470588235294118	2	35	1
0.384615384615385	2	35	1
0.166666666666667	2	35	1
0.342105263157895	2	35	1
0.428571428571429	2	35	1
0.253968253968254	2	35	1
0.469387755102041	2	35	1
0.535714285714286	2	35	1
0.214285714285714	2	35	1
0.3125	2	35	1
0.571428571428571	2	35	1
0.444444444444444	2	35	1
0.678571428571429	2	35	1
0.321428571428571	2	35	1
0.428571428571429	2	35	1
0.2	2	35	1
0.314285714285714	2	35	1
0.325581395348837	2	35	1
0.318181818181818	2	35	1
0.404255319148936	2	35	1
0.272727272727273	2	35	1
0.488372093023256	2	35	1
0.394736842105263	2	35	1
0.272727272727273	2	35	1
0.24	2	35	1
0.375	2	35	1
0.13953488372093	2	35	1
0.238095238095238	2	35	1
0.4375	2	35	1
0.176470588235294	2	35	1
0.382352941176471	2	35	1
0.448275862068966	2	35	1
0.37037037037037	2	35	1
0.535714285714286	2	35	1
0.136363636363636	2	35	1
0.464285714285714	2	35	1
0.25	2	35	1
0.388888888888889	2	35	1
0.611111111111111	2	35	1
0.4375	2	35	1
0.535714285714286	2	35	1
0.545454545454545	2	35	1
0.258064516129032	2	35	1
0.458333333333333	2	35	1
0.25	2	35	1
0.448275862068966	2	35	1
0.391304347826087	2	35	1
0.413793103448276	2	35	1
0.285714285714286	2	35	1
0.472727272727273	2	35	1
0.476190476190476	2	35	1
0.517241379310345	2	35	1
0.5	2	35	1
0.508771929824561	2	35	1
0.296296296296296	2	35	1
0.515151515151515	2	35	1
0.111111111111111	2	35	1
0.133333333333333	2	35	1
0.482758620689655	2	35	1
0.176470588235294	2	35	1
0.571428571428571	2	35	1
0.241935483870968	3	51	1
0.350877192982456	3	51	1
0.538461538461538	3	51	1
0.166666666666667	3	51	1
0.153846153846154	3	51	1
0.115384615384615	3	51	1
0.272727272727273	3	51	1
0.204081632653061	3	51	1
0.290909090909091	3	51	1
0.166666666666667	3	51	1
0.242424242424242	3	51	1
0.320987654320988	3	51	1
0.131578947368421	3	51	1
0.657894736842105	3	51	1
0.191176470588235	3	51	1
0.074468085106383	3	51	1
0.125	3	51	1
