VAF	CN	avg.depth	purity
0.421052631578947	2	20	0.69
0.529411764705882	2	20	0.69
0.142857142857143	2	20	0.69
0.392857142857143	2	20	0.69
0.470588235294118	2	20	0.69
0.282051282051282	2	20	0.69
0.888888888888889	2	20	0.69
0.434782608695652	2	20	0.69
0.333333333333333	2	20	0.69
0.647058823529412	2	20	0.69
0.6	2	20	0.69
0.923076923076923	2	20	0.69
0.428571428571429	2	20	0.69
0.807692307692308	2	20	0.69
0.318181818181818	2	20	0.69
0.222222222222222	2	20	0.69
0.222222222222222	2	20	0.69
0.318181818181818	2	20	0.69
0.4375	2	20	0.69
0.866666666666667	2	20	0.69
0.181818181818182	3	26	0.69
0.285714285714286	3	26	0.69
0.315789473684211	3	26	0.69
0.333333333333333	3	26	0.69
0.352941176470588	3	26	0.69
0.266666666666667	3	26	0.69
0.291666666666667	3	26	0.69
0.4	3	26	0.69
0.3	3	26	0.69
0.380952380952381	3	26	0.69
0.363636363636364	3	26	0.69
0.285714285714286	3	26	0.69
0.1875	3	26	0.69
0.533333333333333	3	26	0.69
0.235294117647059	3	26	0.69
0.16	3	26	0.69
0.53125	3	26	0.69
0.3	3	26	0.69
0.80952380952381	3	26	0.69
0.16	3	26	0.69
0.428571428571429	3	26	0.69
0.304347826086957	3	26	0.69
0.424242424242424	3	26	0.69
0.153846153846154	3	26	0.69
0.266666666666667	3	26	0.69
0.222222222222222	3	26	0.69
0.217391304347826	3	26	0.69
0.166666666666667	3	26	0.69
0.333333333333333	3	26	0.69
0.382352941176471	3	26	0.69
0.307692307692308	3	26	0.69
0.348837209302326	3	26	0.69
0.421052631578947	3	26	0.69
0.533333333333333	3	26	0.69
0.291666666666667	3	26	0.69
0.24	3	26	0.69
0.526315789473684	3	26	0.69
0.266666666666667	3	26	0.69
0.294117647058824	3	26	0.69
0.357142857142857	3	26	0.69
0.285714285714286	3	26	0.69
0.380952380952381	3	26	0.69
0.259259259259259	3	26	0.69
0.15	3	26	0.69
0.354838709677419	3	26	0.69
0.72	3	26	0.69
0.1875	3	26	0.69
0.222222222222222	3	26	0.69
0.136363636363636	3	26	0.69
0.125	3	26	0.69
0.307692307692308	3	26	0.69
0.363636363636364	3	26	0.69
0.548387096774194	3	26	0.69
0.318181818181818	3	26	0.69
0.448275862068966	3	26	0.69
0.157894736842105	3	26	0.69
0.115384615384615	3	26	0.69
0.3	3	26	0.69
0.388888888888889	3	26	0.69
0.216216216216216	3	26	0.69
0.2	3	26	0.69
0.28	3	26	0.69
0.324324324324324	3	26	0.69
0.264705882352941	3	26	0.69
0.194444444444444	3	26	0.69
0.192307692307692	3	26	0.69
0.233333333333333	3	26	0.69
0.535714285714286	3	26	0.69
0.32	3	26	0.69
0.318181818181818	3	26	0.69
0.285714285714286	3	26	0.69
0.666666666666667	3	26	0.69
0.130434782608696	3	26	0.69
0.147058823529412	3	26	0.69
0.275862068965517	3	26	0.69
0.243243243243243	3	26	0.69
0.545454545454545	3	26	0.69
0.25	3	26	0.69
0.194444444444444	3	26	0.69
0.166666666666667	3	26	0.69
0.4	3	26	0.69
0.368421052631579	3	26	0.69
0.28	3	26	0.69
0.2	3	26	0.69
0.228571428571429	3	26	0.69
0.3	3	26	0.69
0.590909090909091	3	26	0.69
0.391304347826087	3	26	0.69
0.137931034482759	3	26	0.69
0.25	3	26	0.69
0.272727272727273	3	26	0.69
0.615384615384615	3	26	0.69
0.555555555555556	3	26	0.69
0.333333333333333	3	26	0.69
0.307692307692308	3	26	0.69
0.261904761904762	3	26	0.69
0.3	3	26	0.69
0.3125	3	26	0.69
0.269230769230769	3	26	0.69
0.3	3	26	0.69
0.294117647058824	3	26	0.69
0.6	3	26	0.69
0.275862068965517	3	26	0.69
0.5	4	34	0.69
0.131578947368421	4	34	0.69
0.291666666666667	4	34	0.69
0.266666666666667	4	34	0.69
0.263157894736842	4	34	0.69
0.235294117647059	4	34	0.69
0.153846153846154	4	34	0.69
0.260869565217391	4	34	0.69
0.27027027027027	4	34	0.69
0.230769230769231	4	34	0.69
0.375	4	34	0.69
0.315789473684211	4	34	0.69
0.228571428571429	4	34	0.69
0.28	4	34	0.69
0.259259259259259	4	34	0.69
0.260869565217391	4	34	0.69
0.238095238095238	4	34	0.69
0.59375	4	34	0.69
0.22	4	34	0.69
0.285714285714286	4	34	0.69
0.454545454545455	4	34	0.69
0.444444444444444	4	34	0.69
0.321428571428571	4	34	0.69
0.65	4	34	0.69
0.289473684210526	4	34	0.69
0.571428571428571	4	34	0.69
0.210526315789474	4	34	0.69
0.511111111111111	4	34	0.69
0.178571428571429	4	34	0.69
0.152173913043478	4	34	0.69
0.361111111111111	4	34	0.69
0.212121212121212	4	34	0.69
0.542857142857143	4	34	0.69
0.212121212121212	4	34	0.69
0.204545454545455	4	34	0.69
0.21875	4	34	0.69
0.357142857142857	4	34	0.69
0.176470588235294	4	34	0.69
0.340909090909091	4	34	0.69
0.205882352941176	4	34	0.69
0.195652173913043	4	34	0.69
0.274509803921569	4	34	0.69
0.321428571428571	4	34	0.69
0.1875	4	34	0.69
0.257142857142857	4	34	0.69
0.15	4	34	0.69
0.32	4	34	0.69
0.2	4	34	0.69
0.5	4	34	0.69
0.222222222222222	4	34	0.69
0.6	4	34	0.69
0.142857142857143	4	34	0.69
0.447368421052632	4	34	0.69
0.148148148148148	4	34	0.69
0.162790697674419	4	34	0.69
0.15625	4	34	0.69
0.184210526315789	4	34	0.69
0.333333333333333	4	34	0.69
0.25	4	34	0.69
0.194444444444444	4	34	0.69
0.268292682926829	4	34	0.69
0.206896551724138	4	34	0.69
0.186046511627907	4	34	0.69
0.340909090909091	4	34	0.69
0.244444444444444	4	34	0.69
0.303030303030303	4	34	0.69
0.25	4	34	0.69
0.297297297297297	4	34	0.69
0.268292682926829	4	34	0.69
0.21875	4	34	0.69
0.35	4	34	0.69
0.24	4	34	0.69
0.2	4	34	0.69
0.205882352941176	4	34	0.69
0.285714285714286	4	34	0.69
0.5	4	34	0.69
0.333333333333333	4	34	0.69
0.133333333333333	4	34	0.69
0.285714285714286	4	34	0.69
0.266666666666667	4	34	0.69
0.363636363636364	4	34	0.69
0.228571428571429	4	34	0.69
0.189189189189189	4	34	0.69
0.214285714285714	4	34	0.69
0.172413793103448	4	34	0.69
0.28125	4	34	0.69
0.25	4	34	0.69
0.205128205128205	4	34	0.69
0.259259259259259	4	34	0.69
0.242424242424242	4	34	0.69
0.652173913043478	4	34	0.69
0.361111111111111	4	34	0.69
0.27027027027027	4	34	0.69
0.166666666666667	4	34	0.69
0.3	4	34	0.69
0.260869565217391	4	34	0.69
0.28125	4	34	0.69
0.181818181818182	4	34	0.69
0.115384615384615	4	34	0.69
0.214285714285714	4	34	0.69
0.24	4	34	0.69
0.25	4	34	0.69
0.346153846153846	4	34	0.69
0.148148148148148	4	34	0.69
0.230769230769231	4	34	0.69
0.6	4	34	0.69
0.3125	4	34	0.69
0.594594594594595	4	34	0.69
0.1875	4	34	0.69
0.315789473684211	4	34	0.69
0.186046511627907	4	34	0.69
0.193548387096774	4	34	0.69
0.166666666666667	4	34	0.69
0.157894736842105	4	34	0.69
0.194444444444444	4	34	0.69
0.2	4	34	0.69
0.192307692307692	4	34	0.69
0.409090909090909	4	34	0.69
0.131578947368421	4	34	0.69
0.227272727272727	4	34	0.69
0.205882352941176	4	34	0.69
0.233333333333333	4	34	0.69
0.27906976744186	4	34	0.69
0.611111111111111	4	34	0.69
0.5625	4	34	0.69
0.153846153846154	4	34	0.69
0.27027027027027	4	34	0.69
0.166666666666667	4	34	0.69
0.191489361702128	4	34	0.69
0.111111111111111	4	34	0.69
0.285714285714286	4	34	0.69
0.15625	4	34	0.69
0.13953488372093	4	34	0.69
0.166666666666667	4	34	0.69
0.292682926829268	4	34	0.69
0.238095238095238	4	34	0.69
0.170731707317073	4	34	0.69
0.205128205128205	4	34	0.69
0.264705882352941	4	34	0.69
0.483870967741935	4	34	0.69
0.222222222222222	4	34	0.69
0.13953488372093	4	34	0.69
0.675675675675676	4	34	0.69
0.315789473684211	4	34	0.69
0.13953488372093	4	34	0.69
0.18	4	34	0.69
0.161290322580645	4	34	0.69
0.307692307692308	4	34	0.69
0.230769230769231	4	34	0.69
0.212121212121212	4	34	0.69
0.1875	4	34	0.69
0.25	4	34	0.69
0.242424242424242	4	34	0.69
0.55	4	34	0.69
0.193548387096774	4	34	0.69
0.230769230769231	4	34	0.69
0.206896551724138	4	34	0.69
0.227272727272727	4	34	0.69
0.333333333333333	4	34	0.69
0.15	4	34	0.69
0.161290322580645	4	34	0.69
0.363636363636364	4	34	0.69
0.25	4	34	0.69
0.210526315789474	4	34	0.69
0.238095238095238	4	34	0.69
0.4375	4	34	0.69
0.551724137931034	4	34	0.69
0.125	4	34	0.69
0.315789473684211	4	34	0.69
0.194444444444444	4	34	0.69
0.22	4	34	0.69
0.130434782608696	4	34	0.69
0.28	4	34	0.69
0.214285714285714	4	34	0.69
0.5	4	34	0.69
0.153846153846154	4	34	0.69
0.264705882352941	4	34	0.69
0.1875	4	34	0.69
0.357142857142857	4	34	0.69
0.228571428571429	4	34	0.69
0.176470588235294	4	34	0.69
0.28125	4	34	0.69
0.194444444444444	4	34	0.69
0.2	4	34	0.69
0.263157894736842	4	34	0.69
0.258064516129032	4	34	0.69
0.194444444444444	4	34	0.69
0.55	4	34	0.69
0.25	4	34	0.69
0.146341463414634	4	34	0.69
0.142857142857143	4	34	0.69
0.2	4	34	0.69
0.166666666666667	4	34	0.69
0.153846153846154	4	34	0.69
0.357142857142857	4	34	0.69
0.325581395348837	4	34	0.69
0.5	4	34	0.69
0.228571428571429	4	34	0.69
0.333333333333333	4	34	0.69
0.25	4	34	0.69
0.209302325581395	4	34	0.69
0.222222222222222	4	34	0.69
0.264705882352941	4	34	0.69
0.37037037037037	4	34	0.69
0.259259259259259	4	34	0.69
0.233333333333333	4	34	0.69
0.15625	4	34	0.69
0.151515151515152	4	34	0.69
0.212765957446809	4	34	0.69
0.631578947368421	4	34	0.69
0.142857142857143	4	34	0.69
0.142857142857143	4	34	0.69
0.333333333333333	4	34	0.69
0.272727272727273	4	34	0.69
0.432432432432432	4	34	0.69
0.444444444444444	4	34	0.69
0.2	4	34	0.69
0.205882352941176	4	34	0.69
0.290322580645161	4	34	0.69
0.235294117647059	4	34	0.69
0.268292682926829	4	34	0.69
0.241379310344828	4	34	0.69
0.4375	4	34	0.69
0.243243243243243	4	34	0.69
0.219512195121951	4	34	0.69
0.166666666666667	4	34	0.69
0.448275862068966	4	34	0.69
0.321428571428571	4	34	0.69
0.194444444444444	4	34	0.69
0.266666666666667	4	34	0.69
0.272727272727273	4	34	0.69
0.217391304347826	4	34	0.69
0.135135135135135	4	34	0.69
0.512820512820513	4	34	0.69
0.466666666666667	4	34	0.69
0.184210526315789	4	34	0.69
0.6	4	34	0.69
0.183673469387755	4	34	0.69
0.230769230769231	4	34	0.69
0.255813953488372	4	34	0.69
0.260869565217391	4	34	0.69
0.354838709677419	4	34	0.69
0.205882352941176	4	34	0.69
0.46875	4	34	0.69
0.212121212121212	4	34	0.69
0.136363636363636	4	34	0.69
0.15	4	34	0.69
0.275862068965517	4	34	0.69
0.275862068965517	4	34	0.69
0.172413793103448	4	34	0.69
0.555555555555556	4	34	0.69
0.225806451612903	4	34	0.69
0.333333333333333	4	34	0.69
0.266666666666667	4	34	0.69
0.133333333333333	4	34	0.69
0.232558139534884	4	34	0.69
0.558139534883721	4	34	0.69
0.212121212121212	4	34	0.69
0.48780487804878	4	34	0.69
0.214285714285714	4	34	0.69
0.363636363636364	4	34	0.69
0.227272727272727	4	34	0.69
0.186046511627907	4	34	0.69
0.153846153846154	4	34	0.69
0.64	4	34	0.69
0.307692307692308	4	34	0.69
0.292682926829268	4	34	0.69
0.222222222222222	4	34	0.69
0.321428571428571	4	34	0.69
0.21875	4	34	0.69
0.225806451612903	4	34	0.69
0.255813953488372	4	34	0.69
0.142857142857143	4	34	0.69
0.416666666666667	4	34	0.69
0.444444444444444	4	34	0.69
0.3	4	34	0.69
0.346153846153846	4	34	0.69
0.162162162162162	4	34	0.69
0.555555555555556	4	34	0.69
0.523809523809524	4	34	0.69
0.224489795918367	4	34	0.69
0.4375	4	34	0.69
0.193548387096774	4	34	0.69
0.166666666666667	4	34	0.69
0.347826086956522	4	34	0.69
0.125	4	34	0.69
0.276595744680851	4	34	0.69
0.342105263157895	4	34	0.69
0.192307692307692	4	34	0.69
0.233333333333333	4	34	0.69
0.142857142857143	4	34	0.69
0.121212121212121	4	34	0.69
0.242424242424242	4	34	0.69
0.210526315789474	4	34	0.69
0.272727272727273	4	34	0.69
0.181818181818182	4	34	0.69
0.133333333333333	4	34	0.69
0.257142857142857	4	34	0.69
0.225806451612903	4	34	0.69
0.418604651162791	4	34	0.69
0.171428571428571	4	34	0.69
0.288888888888889	4	34	0.69
0.222222222222222	4	34	0.69
0.351351351351351	4	34	0.69
0.292682926829268	4	34	0.69
0.214285714285714	4	34	0.69
0.148936170212766	4	34	0.69
0.2	4	34	0.69
0.2	4	34	0.69
0.222222222222222	4	34	0.69
0.194444444444444	4	34	0.69
0.516129032258065	4	34	0.69
0.521739130434783	4	34	0.69
0.457142857142857	4	34	0.69
0.137254901960784	4	34	0.69
0.203703703703704	4	34	0.69
0.217391304347826	4	34	0.69
0.111111111111111	4	34	0.69
0.205882352941176	4	34	0.69
0.205882352941176	4	34	0.69
0.194444444444444	4	34	0.69
0.541666666666667	4	34	0.69
0.365853658536585	4	34	0.69
0.184210526315789	4	34	0.69
0.192307692307692	4	34	0.69
0.321428571428571	4	34	0.69
0.292682926829268	4	34	0.69
0.4	4	34	0.69
0.142857142857143	4	34	0.69
0.315789473684211	4	34	0.69
0.482758620689655	4	34	0.69
0.25	4	34	0.69
0.205128205128205	4	34	0.69
0.259259259259259	4	34	0.69
0.266666666666667	4	34	0.69
0.155555555555556	4	34	0.69
0.204545454545455	4	34	0.69
0.266666666666667	4	34	0.69
0.215686274509804	4	34	0.69
0.166666666666667	4	34	0.69
0.194444444444444	4	34	0.69
0.147058823529412	4	34	0.69
0.212765957446809	4	34	0.69
0.1875	4	34	0.69
0.222222222222222	4	34	0.69
0.575	4	34	0.69
0.230769230769231	4	34	0.69
0.307692307692308	4	34	0.69
0.378378378378378	4	34	0.69
0.148936170212766	4	34	0.69
0.217391304347826	4	34	0.69
0.129032258064516	4	34	0.69
0.195652173913043	4	34	0.69
0.466666666666667	4	34	0.69
0.666666666666667	4	34	0.69
0.25	4	34	0.69
0.285714285714286	4	34	0.69
0.166666666666667	4	34	0.69
0.148148148148148	4	34	0.69
0.375	4	34	0.69
0.342105263157895	4	34	0.69
0.318181818181818	4	34	0.69
0.269230769230769	4	34	0.69
0.222222222222222	4	34	0.69
0.275	4	34	0.69
0.428571428571429	4	34	0.69
0.638888888888889	4	34	0.69
0.166666666666667	4	34	0.69
0.266666666666667	4	34	0.69
0.1875	4	34	0.69
0.260869565217391	4	34	0.69
0.3	4	34	0.69
0.542857142857143	4	34	0.69
0.212765957446809	4	34	0.69
0.150943396226415	4	34	0.69
0.179487179487179	4	34	0.69
0.232558139534884	4	34	0.69
0.2	4	34	0.69
0.368421052631579	4	34	0.69
0.394736842105263	4	34	0.69
0.28	4	34	0.69
0.657142857142857	4	34	0.69
0.25	4	34	0.69
0.177777777777778	4	34	0.69
0.620689655172414	4	34	0.69
0.419354838709677	4	34	0.69
0.444444444444444	4	34	0.69
0.487179487179487	4	34	0.69
0.236842105263158	4	34	0.69
0.204545454545455	4	34	0.69
0.387096774193548	4	34	0.69
0.131578947368421	4	34	0.69
0.25	4	34	0.69
0.130434782608696	4	34	0.69
0.34375	4	34	0.69
0.258064516129032	4	34	0.69
0.432432432432432	4	34	0.69
0.175	4	34	0.69
0.4375	4	34	0.69
0.205128205128205	4	34	0.69
0.392857142857143	4	34	0.69
0.136363636363636	4	34	0.69
0.612903225806452	4	34	0.69
0.259259259259259	4	34	0.69
0.259259259259259	4	34	0.69
0.272727272727273	4	34	0.69
0.333333333333333	4	34	0.69
0.232558139534884	4	34	0.69
0.28125	4	34	0.69
0.431818181818182	4	34	0.69
0.189189189189189	4	34	0.69
0.257142857142857	4	34	0.69
0.27027027027027	4	34	0.69
0.333333333333333	4	34	0.69
0.225806451612903	4	34	0.69
0.222222222222222	4	34	0.69
0.234042553191489	4	34	0.69
0.303030303030303	4	34	0.69
0.483870967741935	4	34	0.69
0.166666666666667	4	34	0.69
0.384615384615385	4	34	0.69
0.282051282051282	4	34	0.69
0.333333333333333	4	34	0.69
0.258064516129032	4	34	0.69
0.238095238095238	4	34	0.69
0.407407407407407	4	34	0.69
0.135135135135135	4	34	0.69
0.414634146341463	4	34	0.69
0.189189189189189	4	34	0.69
0.282051282051282	4	34	0.69
0.521739130434783	4	34	0.69
0.2	4	34	0.69
0.2	4	34	0.69
0.222222222222222	4	34	0.69
0.19047619047619	4	34	0.69
0.153846153846154	4	34	0.69
0.433333333333333	4	34	0.69
0.181818181818182	4	34	0.69
0.45	4	34	0.69
0.155555555555556	4	34	0.69
0.34375	4	34	0.69
0.241379310344828	4	34	0.69
0.256410256410256	4	34	0.69
0.230769230769231	4	34	0.69
0.354838709677419	4	34	0.69
0.131578947368421	4	34	0.69
0.275	4	34	0.69
0.136363636363636	4	34	0.69
0.342857142857143	4	34	0.69
0.111111111111111	4	34	0.69
0.242424242424242	4	34	0.69
0.285714285714286	4	34	0.69
0.282051282051282	4	34	0.69
0.3	4	34	0.69
0.333333333333333	4	34	0.69
0.195121951219512	4	34	0.69
0.171428571428571	4	34	0.69
0.27027027027027	4	34	0.69
0.227272727272727	4	34	0.69
0.3125	4	34	0.69
0.25	4	34	0.69
0.25	4	34	0.69
0.192307692307692	4	34	0.69
0.394736842105263	4	34	0.69
0.321428571428571	4	34	0.69
0.275	4	34	0.69
0.181818181818182	4	34	0.69
0.351351351351351	4	34	0.69
0.260869565217391	4	34	0.69
0.0909090909090909	4	34	0.69
0.558139534883721	4	34	0.69
0.179487179487179	4	34	0.69
0.225806451612903	4	34	0.69
0.5	4	34	0.69
0.272727272727273	4	34	0.69
0.275	4	34	0.69
0.25	4	34	0.69
0.272727272727273	4	34	0.69
0.142857142857143	4	34	0.69
0.227272727272727	4	34	0.69
0.326530612244898	4	34	0.69
0.116279069767442	4	34	0.69
0.333333333333333	4	34	0.69
0.181818181818182	4	34	0.69
0.307692307692308	4	34	0.69
0.24390243902439	4	34	0.69
0.179487179487179	4	34	0.69
0.153846153846154	4	34	0.69
0.177777777777778	4	34	0.69
0.2	4	34	0.69
0.136363636363636	4	34	0.69
0.157894736842105	4	34	0.69
0.1875	4	34	0.69
0.153846153846154	4	34	0.69
0.128205128205128	4	34	0.69
0.5	4	34	0.69
0.222222222222222	4	34	0.69
0.239130434782609	4	34	0.69
0.285714285714286	4	34	0.69
0.230769230769231	4	34	0.69
0.170731707317073	4	34	0.69
0.170212765957447	4	34	0.69
0.666666666666667	4	34	0.69
0.136363636363636	4	34	0.69
0.235294117647059	4	34	0.69
0.171428571428571	4	34	0.69
0.24	4	34	0.69
0.175	4	34	0.69
0.212765957446809	4	34	0.69
0.243243243243243	4	34	0.69
0.418604651162791	4	34	0.69
0.32	4	34	0.69
0.382352941176471	4	34	0.69
0.170731707317073	4	34	0.69
0.2	4	34	0.69
0.285714285714286	4	34	0.69
0.151515151515152	4	34	0.69
0.25	4	34	0.69
0.162790697674419	4	34	0.69
0.125	4	34	0.69
0.209302325581395	4	34	0.69
0.527777777777778	4	34	0.69
0.166666666666667	4	34	0.69
0.292682926829268	4	34	0.69
0.13953488372093	4	34	0.69
0.212121212121212	4	34	0.69
0.275862068965517	4	34	0.69
0.25	4	34	0.69
0.108108108108108	4	34	0.69
0.162790697674419	4	34	0.69
0.166666666666667	4	34	0.69
0.533333333333333	4	34	0.69
0.193548387096774	4	34	0.69
0.230769230769231	4	34	0.69
0.217391304347826	4	34	0.69
0.354838709677419	4	34	0.69
0.355555555555556	4	34	0.69
0.285714285714286	4	34	0.69
0.189189189189189	4	34	0.69
0.485714285714286	4	34	0.69
0.525	4	34	0.69
0.131578947368421	4	34	0.69
0.58695652173913	4	34	0.69
0.170731707317073	4	34	0.69
0.222222222222222	4	34	0.69
0.195121951219512	4	34	0.69
0.228571428571429	4	34	0.69
0.3125	4	34	0.69
0.272727272727273	4	34	0.69
0.206896551724138	4	34	0.69
0.588235294117647	4	34	0.69
0.102564102564103	4	34	0.69
0.28	4	34	0.69
0.266666666666667	4	34	0.69
0.239130434782609	4	34	0.69
0.162790697674419	4	34	0.69
0.205882352941176	4	34	0.69
0.45	4	34	0.69
0.210526315789474	4	34	0.69
0.448275862068966	4	34	0.69
0.181818181818182	4	34	0.69
0.184210526315789	4	34	0.69
0.307692307692308	4	34	0.69
0.242424242424242	4	34	0.69
0.153846153846154	4	34	0.69
0.191489361702128	4	34	0.69
0.225	4	34	0.69
0.138888888888889	4	34	0.69
0.361111111111111	4	34	0.69
0.384615384615385	4	34	0.69
0.194444444444444	4	34	0.69
0.163265306122449	4	34	0.69
0.214285714285714	4	34	0.69
0.264705882352941	4	34	0.69
0.305555555555556	4	34	0.69
0.173076923076923	4	34	0.69
0.181818181818182	4	34	0.69
0.379310344827586	4	34	0.69
0.268292682926829	4	34	0.69
0.184210526315789	4	34	0.69
0.444444444444444	4	34	0.69
0.19047619047619	4	34	0.69
0.236842105263158	4	34	0.69
0.56	4	34	0.69
0.243243243243243	4	34	0.69
0.222222222222222	4	34	0.69
0.347826086956522	4	34	0.69
0.285714285714286	4	34	0.69
0.184210526315789	4	34	0.69
0.108108108108108	4	34	0.69
0.275	4	34	0.69
0.1875	4	34	0.69
0.196078431372549	4	34	0.69
0.292682926829268	4	34	0.69
0.310344827586207	4	34	0.69
0.344827586206897	4	34	0.69
0.181818181818182	4	34	0.69
0.146341463414634	4	34	0.69
0.207547169811321	4	34	0.69
0.194444444444444	4	34	0.69
0.363636363636364	4	34	0.69
0.428571428571429	4	34	0.69
0.241379310344828	4	34	0.69
0.25	4	34	0.69
0.387096774193548	4	34	0.69
0.137931034482759	4	34	0.69
0.189189189189189	4	34	0.69
0.333333333333333	4	34	0.69
0.666666666666667	4	34	0.69
0.333333333333333	4	34	0.69
0.333333333333333	4	34	0.69
0.289473684210526	4	34	0.69
0.2	4	34	0.69
0.307692307692308	4	34	0.69
0.161290322580645	4	34	0.69
0.28125	4	34	0.69
1	4	34	0.69
0.605263157894737	4	34	0.69
0.153846153846154	4	34	0.69
0.206896551724138	4	34	0.69
0.205128205128205	4	34	0.69
0.56	4	34	0.69
0.230769230769231	4	34	0.69
0.285714285714286	4	34	0.69
0.380952380952381	4	34	0.69
0.606060606060606	4	34	0.69
0.263157894736842	4	34	0.69
0.162790697674419	4	34	0.69
0.235294117647059	4	34	0.69
0.44	4	34	0.69
0.428571428571429	4	34	0.69
0.285714285714286	4	34	0.69
0.1875	4	34	0.69
0.151515151515152	4	34	0.69
0.230769230769231	4	34	0.69
0.488888888888889	4	34	0.69
0.333333333333333	4	34	0.69
0.230769230769231	4	34	0.69
0.428571428571429	4	34	0.69
0.210526315789474	4	34	0.69
0.125	4	34	0.69
0.134615384615385	4	34	0.69
0.166666666666667	4	34	0.69
0.315789473684211	4	34	0.69
0.272727272727273	4	34	0.69
0.24390243902439	4	34	0.69
0.466666666666667	4	34	0.69
0.578947368421053	4	34	0.69
0.285714285714286	4	34	0.69
0.268292682926829	4	34	0.69
0.348837209302326	4	34	0.69
0.270833333333333	4	34	0.69
0.171428571428571	4	34	0.69
0.24	4	34	0.69
0.416666666666667	4	34	0.69
0.518518518518518	4	34	0.69
0.285714285714286	4	34	0.69
0.225806451612903	4	34	0.69
0.195121951219512	4	34	0.69
0.22	4	34	0.69
0.179487179487179	4	34	0.69
0.25	4	34	0.69
0.178571428571429	4	34	0.69
0.108108108108108	4	34	0.69
0.266666666666667	4	34	0.69
0.146341463414634	4	34	0.69
0.26	4	34	0.69
0.103448275862069	4	34	0.69
0.162790697674419	4	34	0.69
0.166666666666667	4	34	0.69
0.189189189189189	4	34	0.69
0.222222222222222	4	34	0.69
0.242424242424242	4	34	0.69
0.2	4	34	0.69
0.135135135135135	4	34	0.69
0.161290322580645	4	34	0.69
0.277777777777778	4	34	0.69
0.157894736842105	4	34	0.69
0.333333333333333	4	34	0.69
0.2	4	34	0.69
0.171428571428571	4	34	0.69
0.215686274509804	4	34	0.69
0.257142857142857	4	34	0.69
0.125	4	34	0.69
0.166666666666667	4	34	0.69
0.179487179487179	4	34	0.69
0.30188679245283	4	34	0.69
0.212121212121212	4	34	0.69
0.194444444444444	4	34	0.69
0.305555555555556	4	34	0.69
0.224489795918367	4	34	0.69
0.222222222222222	4	34	0.69
0.196078431372549	4	34	0.69
0.227272727272727	4	34	0.69
0.365853658536585	4	34	0.69
0.210526315789474	4	34	0.69
0.282051282051282	4	34	0.69
0.24	4	34	0.69
0.131578947368421	4	34	0.69
0.2	4	34	0.69
0.19047619047619	4	34	0.69
0.193548387096774	4	34	0.69
0.321428571428571	4	34	0.69
0.208333333333333	4	34	0.69
0.193548387096774	4	34	0.69
0.486486486486487	4	34	0.69
0.515151515151515	4	34	0.69
0.230769230769231	4	34	0.69
0.176470588235294	4	34	0.69
0.393939393939394	4	34	0.69
0.1875	4	34	0.69
0.357142857142857	4	34	0.69
0.2	4	34	0.69
0.166666666666667	4	34	0.69
0.230769230769231	4	34	0.69
0.230769230769231	4	34	0.69
0.266666666666667	4	34	0.69
0.1875	4	34	0.69
0.269230769230769	4	34	0.69
0.413793103448276	4	34	0.69
0.261904761904762	4	34	0.69
0.229166666666667	4	34	0.69
0.162162162162162	4	34	0.69
0.5	4	34	0.69
0.459459459459459	4	34	0.69
0.148148148148148	4	34	0.69
0.181818181818182	4	34	0.69
0.264705882352941	4	34	0.69
0.230769230769231	4	34	0.69
0.233333333333333	4	34	0.69
0.1875	4	34	0.69
0.333333333333333	4	34	0.69
0.212121212121212	4	34	0.69
0.137931034482759	4	34	0.69
0.241379310344828	4	34	0.69
0.263157894736842	4	34	0.69
0.233333333333333	4	34	0.69
0.155555555555556	4	34	0.69
0.269230769230769	4	34	0.69
0.210526315789474	4	34	0.69
0.342857142857143	4	34	0.69
0.119047619047619	4	34	0.69
0.3	4	34	0.69
0.133333333333333	4	34	0.69
0.540540540540541	4	34	0.69
0.255813953488372	4	34	0.69
0.214285714285714	4	34	0.69
0.212121212121212	4	34	0.69
0.277777777777778	4	34	0.69
0.162162162162162	4	34	0.69
0.241379310344828	4	34	0.69
0.407407407407407	4	34	0.69
0.162790697674419	4	34	0.69
0.135135135135135	4	34	0.69
0.485714285714286	4	34	0.69
0.204545454545455	4	34	0.69
0.27027027027027	4	34	0.69
0.163265306122449	4	34	0.69
0.290322580645161	4	34	0.69
0.229166666666667	4	34	0.69
0.35	4	34	0.69
0.137931034482759	4	34	0.69
0.3	4	34	0.69
0.225806451612903	4	34	0.69
0.184210526315789	4	34	0.69
0.236842105263158	4	34	0.69
0.282051282051282	4	34	0.69
0.485714285714286	4	34	0.69
0.214285714285714	4	34	0.69
0.222222222222222	4	34	0.69
0.19047619047619	4	34	0.69
0.290322580645161	4	34	0.69
0.171428571428571	4	34	0.69
0.192307692307692	4	34	0.69
0.282608695652174	4	34	0.69
0.205128205128205	4	34	0.69
0.275	4	34	0.69
0.192307692307692	4	34	0.69
0.170731707317073	4	34	0.69
0.177777777777778	4	34	0.69
0.116279069767442	4	34	0.69
0.411764705882353	4	34	0.69
0.5	4	34	0.69
0.238095238095238	4	34	0.69
0.181818181818182	4	34	0.69
0.25	4	34	0.69
0.256410256410256	4	34	0.69
0.208333333333333	4	34	0.69
0.545454545454545	4	34	0.69
0.125	4	34	0.69
0.142857142857143	4	34	0.69
0.24	4	34	0.69
0.421052631578947	4	34	0.69
0.153846153846154	4	34	0.69
0.3	4	34	0.69
0.193548387096774	4	34	0.69
0.483870967741935	4	34	0.69
0.324324324324324	4	34	0.69
0.225	4	34	0.69
0.272727272727273	4	34	0.69
0.163265306122449	4	34	0.69
0.184210526315789	4	34	0.69
0.136363636363636	4	34	0.69
0.12962962962963	4	34	0.69
0.152173913043478	4	34	0.69
0.431818181818182	4	34	0.69
0.2	4	34	0.69
0.342857142857143	4	34	0.69
0.303030303030303	4	34	0.69
0.444444444444444	4	34	0.69
0.116279069767442	4	34	0.69
0.15625	4	34	0.69
0.310344827586207	4	34	0.69
0.166666666666667	4	34	0.69
0.225	4	34	0.69
0.241379310344828	4	34	0.69
0.130434782608696	4	34	0.69
0.540540540540541	4	34	0.69
0.210526315789474	4	34	0.69
0.222222222222222	4	34	0.69
0.736842105263158	4	34	0.69
0.266666666666667	4	34	0.69
0.152173913043478	4	34	0.69
0.152173913043478	4	34	0.69
0.129032258064516	4	34	0.69
0.380952380952381	4	34	0.69
0.393939393939394	4	34	0.69
0.214285714285714	4	34	0.69
0.225806451612903	4	34	0.69
0.321428571428571	4	34	0.69
0.24	4	34	0.69
0.269230769230769	4	34	0.69
0.277777777777778	4	34	0.69
0.241379310344828	4	34	0.69
0.222222222222222	4	34	0.69
0.24	4	34	0.69
0.314285714285714	4	34	0.69
0.176470588235294	4	34	0.69
0.290322580645161	4	34	0.69
0.290322580645161	4	34	0.69
0.351351351351351	4	34	0.69
0.264705882352941	4	34	0.69
0.146341463414634	4	34	0.69
0.478260869565217	4	34	0.69
0.285714285714286	4	34	0.69
0.137254901960784	4	34	0.69
0.235294117647059	4	34	0.69
0.206896551724138	4	34	0.69
0.228571428571429	4	34	0.69
0.206896551724138	4	34	0.69
0.53125	4	34	0.69
0.588235294117647	4	34	0.69
0.176470588235294	4	34	0.69
0.606060606060606	4	34	0.69
0.181818181818182	4	34	0.69
0.242424242424242	4	34	0.69
0.2	4	34	0.69
0.238095238095238	4	34	0.69
0.318181818181818	4	34	0.69
0.235294117647059	4	34	0.69
0.236842105263158	4	34	0.69
0.181818181818182	4	34	0.69
0.305555555555556	4	34	0.69
0.565217391304348	4	34	0.69
0.325	4	34	0.69
0.111111111111111	4	34	0.69
0.243243243243243	4	34	0.69
0.125	4	34	0.69
0.15	4	34	0.69
0.311111111111111	4	34	0.69
0.178571428571429	4	34	0.69
0.333333333333333	4	34	0.69
0.228571428571429	4	34	0.69
0.1875	4	34	0.69
0.179487179487179	4	34	0.69
0.106382978723404	4	34	0.69
0.484848484848485	4	34	0.69
0.194444444444444	4	34	0.69
0.227272727272727	4	34	0.69
0.30952380952381	4	34	0.69
0.323529411764706	4	34	0.69
0.304347826086957	4	34	0.69
0.184210526315789	4	34	0.69
0.153846153846154	4	34	0.69
0.25	4	34	0.69
0.235294117647059	4	34	0.69
0.181818181818182	4	34	0.69
0.222222222222222	4	34	0.69
0.5	4	34	0.69
0.68	4	34	0.69
0.465116279069767	4	34	0.69
0.466666666666667	4	34	0.69
0.233333333333333	4	34	0.69
0.28125	4	34	0.69
0.263157894736842	4	34	0.69
0.228571428571429	4	34	0.69
0.266666666666667	4	34	0.69
0.206896551724138	4	34	0.69
0.166666666666667	4	34	0.69
0.214285714285714	4	34	0.69
0.307692307692308	4	34	0.69
0.171428571428571	4	34	0.69
0.133333333333333	4	34	0.69
0.166666666666667	4	34	0.69
0.171428571428571	4	34	0.69
0.296296296296296	4	34	0.69
0.181818181818182	4	34	0.69
0.419354838709677	4	34	0.69
0.592592592592593	4	34	0.69
0.176470588235294	4	34	0.69
0.147058823529412	4	34	0.69
0.181818181818182	4	34	0.69
0.214285714285714	4	34	0.69
0.109090909090909	4	34	0.69
0.115384615384615	4	34	0.69
0.117647058823529	4	34	0.69
0.205882352941176	4	34	0.69
0.444444444444444	4	34	0.69
0.181818181818182	4	34	0.69
0.227272727272727	4	34	0.69
0.189189189189189	4	34	0.69
0.138888888888889	4	34	0.69
0.181818181818182	4	34	0.69
0.256410256410256	4	34	0.69
0.243243243243243	4	34	0.69
0.232558139534884	4	34	0.69
0.342105263157895	4	34	0.69
0.216216216216216	4	34	0.69
0.166666666666667	4	34	0.69
0.604651162790698	4	34	0.69
0.269230769230769	4	34	0.69
0.285714285714286	4	34	0.69
0.170731707317073	4	34	0.69
0.229166666666667	4	34	0.69
0.275	4	34	0.69
0.611111111111111	4	34	0.69
0.294117647058824	4	34	0.69
0.516129032258065	4	34	0.69
0.181818181818182	4	34	0.69
0.239130434782609	4	34	0.69
0.363636363636364	4	34	0.69
0.291666666666667	4	34	0.69
0.32258064516129	4	34	0.69
0.272727272727273	4	34	0.69
0.181818181818182	4	34	0.69
0.24390243902439	4	34	0.69
0.2	4	34	0.69
0.2	4	34	0.69
0.2	4	34	0.69
0.285714285714286	4	34	0.69
0.282608695652174	4	34	0.69
0.259259259259259	4	34	0.69
0.466666666666667	4	34	0.69
0.583333333333333	4	34	0.69
0.170731707317073	4	34	0.69
0.225	4	34	0.69
0.25	4	34	0.69
0.5	4	34	0.69
0.131578947368421	4	34	0.69
0.166666666666667	4	34	0.69
0.419354838709677	4	34	0.69
0.24	4	34	0.69
0.425	4	34	0.69
0.222222222222222	4	34	0.69
0.233333333333333	4	34	0.69
0.21875	4	34	0.69
0.15	4	34	0.69
0.285714285714286	4	34	0.69
0.270833333333333	4	34	0.69
0.241379310344828	4	34	0.69
0.142857142857143	4	34	0.69
0.571428571428571	4	34	0.69
0.275862068965517	4	34	0.69
0.24	4	34	0.69
0.272727272727273	4	34	0.69
0.176470588235294	4	34	0.69
0.192307692307692	4	34	0.69
0.285714285714286	4	34	0.69
0.1875	4	34	0.69
0.285714285714286	4	34	0.69
0.241379310344828	4	34	0.69
0.260869565217391	4	34	0.69
0.333333333333333	4	34	0.69
0.285714285714286	4	34	0.69
0.264705882352941	4	34	0.69
0.15	4	34	0.69
0.184210526315789	4	34	0.69
0.205128205128205	4	34	0.69
0.186046511627907	4	34	0.69
0.25	4	34	0.69
0.256410256410256	4	34	0.69
0.272727272727273	4	34	0.69
0.166666666666667	4	34	0.69
0.315789473684211	4	34	0.69
0.551724137931034	4	34	0.69
0.409090909090909	4	34	0.69
0.2	4	34	0.69
0.181818181818182	4	34	0.69
0.25	4	34	0.69
0.285714285714286	4	34	0.69
0.703703703703704	4	34	0.69
0.181818181818182	4	34	0.69
0.222222222222222	4	34	0.69
0.48	4	34	0.69
0.106382978723404	4	34	0.69
0.176470588235294	4	34	0.69
0.135135135135135	4	34	0.69
0.46875	4	34	0.69
0.217391304347826	4	34	0.69
0.25	4	34	0.69
0.588235294117647	4	34	0.69
0.216216216216216	4	34	0.69
0.238095238095238	4	34	0.69
0.205882352941176	4	34	0.69
0.36	4	34	0.69
0.318181818181818	4	34	0.69
0.25	4	34	0.69
0.307692307692308	4	34	0.69
0.117647058823529	4	34	0.69
0.333333333333333	4	34	0.69
0.487179487179487	4	34	0.69
0.133333333333333	4	34	0.69
0.368421052631579	4	34	0.69
0.225	4	34	0.69
0.259259259259259	4	34	0.69
0.294117647058824	4	34	0.69
0.272727272727273	4	34	0.69
0.25	4	34	0.69
0.275862068965517	4	34	0.69
0.181818181818182	4	34	0.69
0.204081632653061	4	34	0.69
0.285714285714286	4	34	0.69
0.333333333333333	4	34	0.69
0.135135135135135	4	34	0.69
0.216216216216216	4	34	0.69
0.2	4	34	0.69
0.5	4	34	0.69
0.428571428571429	4	34	0.69
0.127659574468085	4	34	0.69
0.122448979591837	4	34	0.69
0.117647058823529	4	34	0.69
0.115384615384615	4	34	0.69
0.136363636363636	4	34	0.69
0.260869565217391	4	34	0.69
0.315789473684211	4	34	0.69
0.230769230769231	4	34	0.69
0.352941176470588	4	34	0.69
0.290322580645161	4	34	0.69
0.24	4	34	0.69
0.151515151515152	4	34	0.69
0.368421052631579	4	34	0.69
0.25	4	34	0.69
0.227272727272727	4	34	0.69
0.555555555555556	4	34	0.69
0.418604651162791	4	34	0.69
0.285714285714286	4	34	0.69
0.3	4	34	0.69
0.146341463414634	4	34	0.69
0.324324324324324	4	34	0.69
0.236842105263158	4	34	0.69
0.272727272727273	4	34	0.69
0.222222222222222	4	34	0.69
0.129032258064516	4	34	0.69
0.314285714285714	4	34	0.69
0.176470588235294	4	34	0.69
0.241379310344828	4	34	0.69
0.21875	4	34	0.69
0.166666666666667	4	34	0.69
0.276595744680851	4	34	0.69
0.128205128205128	4	34	0.69
0.228571428571429	4	34	0.69
0.272727272727273	4	34	0.69
0.241379310344828	4	34	0.69
0.25	4	34	0.69
0.228571428571429	4	34	0.69
0.204081632653061	4	34	0.69
0.289473684210526	4	34	0.69
0.18	4	34	0.69
0.222222222222222	4	34	0.69
0.266666666666667	4	34	0.69
0.386363636363636	4	34	0.69
0.2	4	34	0.69
0.236842105263158	4	34	0.69
0.464285714285714	4	34	0.69
0.458333333333333	4	34	0.69
0.244444444444444	4	34	0.69
0.177777777777778	4	34	0.69
0.208333333333333	4	34	0.69
0.382352941176471	4	34	0.69
0.428571428571429	4	34	0.69
0.142857142857143	4	34	0.69
0.423076923076923	4	34	0.69
0.627906976744186	4	34	0.69
0.15	4	34	0.69
0.5	4	34	0.69
0.179487179487179	4	34	0.69
0.244444444444444	4	34	0.69
0.24	4	34	0.69
0.162790697674419	4	34	0.69
0.13953488372093	4	34	0.69
0.3	4	34	0.69
0.527777777777778	4	34	0.69
0.208333333333333	4	34	0.69
0.42	4	34	0.69
0.257142857142857	4	34	0.69
0.296296296296296	4	34	0.69
0.225806451612903	4	34	0.69
0.113636363636364	4	34	0.69
0.34375	4	34	0.69
0.153846153846154	4	34	0.69
0.166666666666667	4	34	0.69
0.228571428571429	4	34	0.69
0.2	4	34	0.69
0.333333333333333	4	34	0.69
0.162162162162162	4	34	0.69
0.303030303030303	4	34	0.69
0.179487179487179	4	34	0.69
0.2	4	34	0.69
0.131578947368421	4	34	0.69
0.172413793103448	4	34	0.69
0.264705882352941	4	34	0.69
0.25	4	34	0.69
0.113636363636364	4	34	0.69
0.111111111111111	4	34	0.69
0.206896551724138	4	34	0.69
0.117647058823529	4	34	0.69
0.304347826086957	4	34	0.69
0.171428571428571	4	34	0.69
0.192307692307692	4	34	0.69
0.162162162162162	4	34	0.69
0.119047619047619	4	34	0.69
0.129032258064516	4	34	0.69
0.241379310344828	4	34	0.69
0.214285714285714	4	34	0.69
0.238095238095238	4	34	0.69
0.333333333333333	4	34	0.69
0.325	4	34	0.69
0.34375	4	34	0.69
0.194444444444444	4	34	0.69
0.5	4	34	0.69
0.285714285714286	4	34	0.69
0.482142857142857	4	34	0.69
0.257142857142857	4	34	0.69
0.115384615384615	4	34	0.69
0.384615384615385	4	34	0.69
0.446808510638298	4	34	0.69
0.184210526315789	4	34	0.69
0.411764705882353	4	34	0.69
0.177777777777778	4	34	0.69
0.3	4	34	0.69
0.282608695652174	4	34	0.69
0.222222222222222	4	34	0.69
0.228571428571429	4	34	0.69
0.208333333333333	4	34	0.69
0.219512195121951	4	34	0.69
0.125	4	34	0.69
0.194444444444444	4	34	0.69
0.166666666666667	4	34	0.69
0.297297297297297	4	34	0.69
0.575	4	34	0.69
0.260869565217391	4	34	0.69
0.210526315789474	4	34	0.69
0.1875	4	34	0.69
0.219512195121951	4	34	0.69
0.225	4	34	0.69
0.222222222222222	4	34	0.69
0.205128205128205	4	34	0.69
0.368421052631579	4	34	0.69
0.4375	4	34	0.69
0.259259259259259	4	34	0.69
0.171428571428571	4	34	0.69
0.289473684210526	4	34	0.69
0.166666666666667	4	34	0.69
0.3125	4	34	0.69
0.666666666666667	4	34	0.69
0.1875	4	34	0.69
0.65	4	34	0.69
0.157894736842105	4	34	0.69
0.225806451612903	4	34	0.69
0.4	4	34	0.69
0.25	4	34	0.69
0.275862068965517	4	34	0.69
0.157894736842105	4	34	0.69
0.555555555555556	4	34	0.69
0.257142857142857	4	34	0.69
0.230769230769231	4	34	0.69
0.176470588235294	4	34	0.69
0.473684210526316	4	34	0.69
0.28	4	34	0.69
0.1875	4	34	0.69
0.157894736842105	4	34	0.69
0.233333333333333	4	34	0.69
0.333333333333333	4	34	0.69
0.275862068965517	4	34	0.69
0.173913043478261	4	34	0.69
0.451612903225806	4	34	0.69
0.333333333333333	4	34	0.69
0.375	4	34	0.69
0.256410256410256	4	34	0.69
0.32258064516129	4	34	0.69
0.3	4	34	0.69
0.128205128205128	4	34	0.69
0.181818181818182	4	34	0.69
0.333333333333333	4	34	0.69
0.304347826086957	4	34	0.69
0.4	4	34	0.69
0.238095238095238	4	34	0.69
0.260869565217391	4	34	0.69
0.162790697674419	4	34	0.69
0.186046511627907	4	34	0.69
0.195121951219512	4	34	0.69
0.2	4	34	0.69
0.176470588235294	4	34	0.69
0.540540540540541	4	34	0.69
0.371428571428571	4	34	0.69
0.303030303030303	4	34	0.69
0.388888888888889	4	34	0.69
0.1875	4	34	0.69
0.193548387096774	4	34	0.69
0.4	4	34	0.69
0.145833333333333	4	34	0.69
0.363636363636364	4	34	0.69
0.27027027027027	4	34	0.69
0.444444444444444	4	34	0.69
0.28	4	34	0.69
0.136363636363636	4	34	0.69
0.325581395348837	4	34	0.69
0.310344827586207	4	34	0.69
0.206896551724138	4	34	0.69
0.526315789473684	4	34	0.69
0.19047619047619	4	34	0.69
0.212121212121212	4	34	0.69
0.270833333333333	4	34	0.69
0.46875	4	34	0.69
0.210526315789474	4	34	0.69
0.285714285714286	4	34	0.69
0.133333333333333	4	34	0.69
0.310344827586207	4	34	0.69
0.266666666666667	4	34	0.69
0.255813953488372	4	34	0.69
0.323529411764706	4	34	0.69
0.25	4	34	0.69
0.170731707317073	4	34	0.69
0.2	4	34	0.69
0.1875	4	34	0.69
0.1875	4	34	0.69
0.391304347826087	4	34	0.69
0.27027027027027	4	34	0.69
0.442307692307692	4	34	0.69
0.195121951219512	4	34	0.69
0.28125	4	34	0.69
0.424242424242424	4	34	0.69
0.407407407407407	4	34	0.69
0.27027027027027	4	34	0.69
0.166666666666667	4	34	0.69
0.270833333333333	4	34	0.69
0.2	4	34	0.69
0.297872340425532	4	34	0.69
0.178571428571429	4	34	0.69
0.212121212121212	4	34	0.69
0.15625	4	34	0.69
0.142857142857143	4	34	0.69
0.222222222222222	4	34	0.69
0.294117647058824	4	34	0.69
0.538461538461538	4	34	0.69
0.206896551724138	4	34	0.69
0.181818181818182	4	34	0.69
0.285714285714286	4	34	0.69
0.333333333333333	4	34	0.69
0.121212121212121	4	34	0.69
0.176470588235294	4	34	0.69
0.294117647058824	4	34	0.69
0.222222222222222	4	34	0.69
0.15	4	34	0.69
0.230769230769231	4	34	0.69
0.272727272727273	4	34	0.69
0.326923076923077	4	34	0.69
0.244444444444444	4	34	0.69
0.205128205128205	4	34	0.69
0.538461538461538	4	34	0.69
0.275	4	34	0.69
0.268292682926829	4	34	0.69
0.325581395348837	4	34	0.69
0.208333333333333	4	34	0.69
0.136363636363636	4	34	0.69
0.2	4	34	0.69
0.189189189189189	4	34	0.69
0.315789473684211	4	34	0.69
0.235294117647059	4	34	0.69
0.256410256410256	4	34	0.69
0.464285714285714	4	34	0.69
0.21875	4	34	0.69
0.3	4	34	0.69
0.2	4	34	0.69
0.6	4	34	0.69
0.171428571428571	4	34	0.69
0.421052631578947	4	34	0.69
0.448979591836735	4	34	0.69
0.193548387096774	4	34	0.69
0.171428571428571	4	34	0.69
0.151515151515152	4	34	0.69
0.294117647058824	4	34	0.69
0.205128205128205	4	34	0.69
0.195121951219512	4	34	0.69
0.206896551724138	4	34	0.69
0.422222222222222	4	34	0.69
0.1875	4	34	0.69
0.125	4	34	0.69
0.179487179487179	4	34	0.69
0.230769230769231	4	34	0.69
0.486486486486487	4	34	0.69
0.24	4	34	0.69
0.275	4	34	0.69
0.266666666666667	4	34	0.69
0.24	4	34	0.69
0.157894736842105	4	34	0.69
0.157894736842105	4	34	0.69
0.153846153846154	4	34	0.69
0.157894736842105	4	34	0.69
0.189189189189189	4	34	0.69
0.130434782608696	4	34	0.69
0.45	4	34	0.69
0.25	4	34	0.69
0.384615384615385	4	34	0.69
0.194444444444444	4	34	0.69
0.147058823529412	4	34	0.69
0.194444444444444	4	34	0.69
0.318181818181818	4	34	0.69
0.195652173913043	4	34	0.69
0.2	4	34	0.69
0.195121951219512	4	34	0.69
0.147058823529412	4	34	0.69
0.138888888888889	4	34	0.69
0.195652173913043	4	34	0.69
0.125	4	34	0.69
0.5	4	34	0.69
0.340909090909091	4	34	0.69
0.4	4	34	0.69
0.384615384615385	4	34	0.69
0.285714285714286	4	34	0.69
0.323529411764706	4	34	0.69
0.214285714285714	4	34	0.69
0.24	4	34	0.69
0.208333333333333	4	34	0.69
0.285714285714286	4	34	0.69
0.448275862068966	4	34	0.69
0.296296296296296	4	34	0.69
0.266666666666667	4	34	0.69
0.291666666666667	4	34	0.69
0.333333333333333	4	34	0.69
0.6	4	34	0.69
0.179487179487179	4	34	0.69
0.138888888888889	4	34	0.69
0.521739130434783	4	34	0.69
0.181818181818182	4	34	0.69
0.285714285714286	4	34	0.69
0.257142857142857	4	34	0.69
0.433333333333333	4	34	0.69
0.233333333333333	4	34	0.69
0.272727272727273	4	34	0.69
0.529411764705882	4	34	0.69
0.433333333333333	4	34	0.69
0.263157894736842	4	34	0.69
0.256410256410256	4	34	0.69
0.121212121212121	4	34	0.69
0.391304347826087	4	34	0.69
0.166666666666667	4	34	0.69
0.241379310344828	4	34	0.69
0.3125	4	34	0.69
0.441860465116279	4	34	0.69
0.125	4	34	0.69
0.206896551724138	4	34	0.69
0.147058823529412	4	34	0.69
0.419354838709677	4	34	0.69
0.138888888888889	4	34	0.69
0.193548387096774	4	34	0.69
0.173913043478261	4	34	0.69
0.15	4	34	0.69
0.518518518518518	4	34	0.69
0.297872340425532	4	34	0.69
0.291666666666667	4	34	0.69
0.282051282051282	4	34	0.69
0.55	4	34	0.69
0.62962962962963	4	34	0.69
0.294117647058824	4	34	0.69
0.368421052631579	4	34	0.69
0.225806451612903	4	34	0.69
0.285714285714286	4	34	0.69
0.307692307692308	4	34	0.69
0.321428571428571	4	34	0.69
0.307692307692308	4	34	0.69
0.1875	4	34	0.69
0.230769230769231	4	34	0.69
0.15	4	34	0.69
0.131578947368421	4	34	0.69
0.162162162162162	4	34	0.69
0.272727272727273	4	34	0.69
0.297872340425532	4	34	0.69
0.28125	4	34	0.69
0.172413793103448	4	34	0.69
0.176470588235294	4	34	0.69
0.206896551724138	4	34	0.69
0.7	4	34	0.69
0.2	4	34	0.69
0.258064516129032	4	34	0.69
0.228571428571429	4	34	0.69
0.121951219512195	4	34	0.69
0.230769230769231	4	34	0.69
0.571428571428571	4	34	0.69
0.214285714285714	4	34	0.69
0.25	4	34	0.69
0.257142857142857	4	34	0.69
0.310344827586207	4	34	0.69
0.404761904761905	4	34	0.69
0.2	4	34	0.69
0.232558139534884	4	34	0.69
0.193548387096774	4	34	0.69
0.354838709677419	4	34	0.69
0.35	4	34	0.69
0.217391304347826	4	34	0.69
0.115384615384615	4	34	0.69
0.333333333333333	4	34	0.69
0.214285714285714	4	34	0.69
0.34375	4	34	0.69
0.441860465116279	4	34	0.69
0.2	4	34	0.69
0.222222222222222	4	34	0.69
0.208333333333333	4	34	0.69
0.294117647058824	4	34	0.69
0.344827586206897	4	34	0.69
0.448979591836735	4	34	0.69
0.230769230769231	4	34	0.69
0.558823529411765	4	34	0.69
0.264705882352941	4	34	0.69
0.540540540540541	4	34	0.69
0.351351351351351	4	34	0.69
0.34375	4	34	0.69
0.258064516129032	4	34	0.69
0.25	4	34	0.69
0.344827586206897	4	34	0.69
0.541666666666667	4	34	0.69
0.212121212121212	4	34	0.69
0.147058823529412	4	34	0.69
0.114285714285714	4	34	0.69
0.166666666666667	4	34	0.69
0.285714285714286	4	34	0.69
0.151515151515152	4	34	0.69
0.176470588235294	4	34	0.69
0.310344827586207	4	34	0.69
0.125	4	34	0.69
0.307692307692308	4	34	0.69
0.633333333333333	4	34	0.69
0.482758620689655	4	34	0.69
0.65625	4	34	0.69
0.170212765957447	4	34	0.69
0.275	4	34	0.69
0.361111111111111	4	34	0.69
0.15	4	34	0.69
0.194444444444444	4	34	0.69
0.365853658536585	4	34	0.69
0.404761904761905	4	34	0.69
0.3	4	34	0.69
0.212121212121212	4	34	0.69
0.222222222222222	4	34	0.69
0.21875	4	34	0.69
0.175	4	34	0.69
0.394736842105263	4	34	0.69
0.205882352941176	4	34	0.69
0.1875	4	34	0.69
0.2	4	34	0.69
0.25	4	34	0.69
0.243243243243243	4	34	0.69
0.238095238095238	4	34	0.69
0.361702127659574	4	34	0.69
0.575	4	34	0.69
0.175	4	34	0.69
0.434782608695652	4	34	0.69
0.444444444444444	4	34	0.69
0.15	4	34	0.69
0.435897435897436	4	34	0.69
0.2	4	34	0.69
0.115384615384615	4	34	0.69
0.242424242424242	4	34	0.69
0.2	4	34	0.69
0.236842105263158	4	34	0.69
0.216216216216216	4	34	0.69
0.451612903225806	4	34	0.69
0.487179487179487	4	34	0.69
0.2	4	34	0.69
0.285714285714286	4	34	0.69
0.352941176470588	4	34	0.69
0.15625	4	34	0.69
0.171428571428571	4	34	0.69
0.177777777777778	4	34	0.69
0.216216216216216	4	34	0.69
0.307692307692308	4	34	0.69
0.142857142857143	4	34	0.69
0.521739130434783	4	34	0.69
0.3	4	34	0.69
0.290322580645161	4	34	0.69
0.1875	4	34	0.69
0.514285714285714	4	34	0.69
0.28125	4	34	0.69
0.166666666666667	4	34	0.69
0.214285714285714	4	34	0.69
0.607142857142857	4	34	0.69
0.333333333333333	4	34	0.69
0.304347826086957	4	34	0.69
0.302325581395349	4	34	0.69
0.537037037037037	4	34	0.69
0.166666666666667	4	34	0.69
0.422222222222222	4	34	0.69
0.111111111111111	4	34	0.69
0.341463414634146	4	34	0.69
0.122448979591837	4	34	0.69
0.206896551724138	4	34	0.69
0.166666666666667	4	34	0.69
0.28125	4	34	0.69
0.186046511627907	4	34	0.69
0.184210526315789	4	34	0.69
0.441176470588235	4	34	0.69
0.259259259259259	4	34	0.69
0.307692307692308	4	34	0.69
0.266666666666667	4	34	0.69
0.333333333333333	4	34	0.69
0.142857142857143	4	34	0.69
0.185185185185185	4	34	0.69
0.177777777777778	4	34	0.69
0.178571428571429	4	34	0.69
0.25	4	34	0.69
0.195121951219512	4	34	0.69
0.225806451612903	4	34	0.69
0.228571428571429	4	34	0.69
0.529411764705882	4	34	0.69
0.142857142857143	4	34	0.69
0.272727272727273	4	34	0.69
0.607142857142857	4	34	0.69
0.131578947368421	4	34	0.69
0.181818181818182	4	34	0.69
0.321428571428571	4	34	0.69
0.219512195121951	4	34	0.69
0.193548387096774	4	34	0.69
0.195121951219512	4	34	0.69
0.184210526315789	4	34	0.69
0.234042553191489	4	34	0.69
0.170731707317073	4	34	0.69
0.545454545454545	4	34	0.69
0.214285714285714	4	34	0.69
0.615384615384615	4	34	0.69
0.307692307692308	4	34	0.69
0.5	4	34	0.69
0.161290322580645	4	34	0.69
0.44	4	34	0.69
0.433333333333333	4	34	0.69
0.210526315789474	4	34	0.69
0.216216216216216	4	34	0.69
0.153846153846154	4	34	0.69
0.285714285714286	4	34	0.69
0.266666666666667	4	34	0.69
0.235294117647059	4	34	0.69
0.40625	4	34	0.69
0.458333333333333	4	34	0.69
0.369565217391304	4	34	0.69
0.379310344827586	4	34	0.69
0.289473684210526	4	34	0.69
0.483870967741935	4	34	0.69
0.1875	4	34	0.69
0.209302325581395	4	34	0.69
0.25	4	34	0.69
0.575	4	34	0.69
0.290322580645161	4	34	0.69
0.575	4	34	0.69
0.216216216216216	4	34	0.69
0.5	4	34	0.69
0.472222222222222	4	34	0.69
0.195652173913043	4	34	0.69
0.15625	4	34	0.69
0.368421052631579	4	34	0.69
0.214285714285714	4	34	0.69
0.387096774193548	4	34	0.69
0.243243243243243	4	34	0.69
0.4	4	34	0.69
0.285714285714286	4	34	0.69
0.352941176470588	4	34	0.69
0.352941176470588	4	34	0.69
0.451612903225806	4	34	0.69
0.333333333333333	4	34	0.69
0.233333333333333	4	34	0.69
0.179487179487179	4	34	0.69
0.4	4	34	0.69
0.297297297297297	4	34	0.69
0.181818181818182	4	34	0.69
0.242424242424242	4	34	0.69
0.233333333333333	4	34	0.69
0.129032258064516	4	34	0.69
0.206896551724138	4	34	0.69
0.212121212121212	4	34	0.69
0.16	4	34	0.69
0.290322580645161	4	34	0.69
0.225806451612903	4	34	0.69
0.212121212121212	4	34	0.69
0.192307692307692	4	34	0.69
0.170731707317073	4	34	0.69
0.2	4	34	0.69
0.696969696969697	4	34	0.69
0.181818181818182	4	34	0.69
0.242424242424242	4	34	0.69
0.196428571428571	4	34	0.69
0.204081632653061	4	34	0.69
0.294117647058824	4	34	0.69
0.354838709677419	4	34	0.69
0.24390243902439	4	34	0.69
0.176470588235294	4	34	0.69
0.166666666666667	4	34	0.69
0.228571428571429	4	34	0.69
0.4	4	34	0.69
0.27027027027027	4	34	0.69
0.214285714285714	4	34	0.69
0.117647058823529	4	34	0.69
0.340909090909091	4	34	0.69
0.470588235294118	4	34	0.69
0.428571428571429	4	34	0.69
0.189189189189189	4	34	0.69
0.45	4	34	0.69
0.235294117647059	4	34	0.69
0.162790697674419	4	34	0.69
0.189189189189189	4	34	0.69
0.333333333333333	4	34	0.69
0.375	4	34	0.69
0.185185185185185	4	34	0.69
0.259259259259259	4	34	0.69
0.179487179487179	4	34	0.69
0.19047619047619	4	34	0.69
0.186046511627907	4	34	0.69
0.333333333333333	4	34	0.69
0.146341463414634	4	34	0.69
0.242424242424242	4	34	0.69
0.25	4	34	0.69
0.205128205128205	4	34	0.69
0.186046511627907	4	34	0.69
0.170731707317073	4	34	0.69
0.225	4	34	0.69
0.238095238095238	4	34	0.69
0.175	4	34	0.69
0.258064516129032	4	34	0.69
0.212121212121212	4	34	0.69
0.195652173913043	4	34	0.69
0.545454545454545	4	34	0.69
0.266666666666667	4	34	0.69
0.456521739130435	4	34	0.69
0.152173913043478	4	34	0.69
0.24390243902439	4	34	0.69
0.2	4	34	0.69
0.181818181818182	4	34	0.69
0.142857142857143	4	34	0.69
0.21875	4	34	0.69
0.157894736842105	4	34	0.69
0.617647058823529	4	34	0.69
0.24390243902439	4	34	0.69
0.636363636363636	4	34	0.69
0.583333333333333	4	34	0.69
0.290322580645161	4	34	0.69
0.458333333333333	4	34	0.69
0.457142857142857	4	34	0.69
0.25	4	34	0.69
0.142857142857143	4	34	0.69
0.166666666666667	4	34	0.69
0.138888888888889	4	34	0.69
0.232558139534884	4	34	0.69
0.3	4	34	0.69
0.606060606060606	4	34	0.69
0.212121212121212	4	34	0.69
0.219512195121951	4	34	0.69
0.15	4	34	0.69
0.315789473684211	4	34	0.69
0.476190476190476	4	34	0.69
0.214285714285714	4	34	0.69
0.205128205128205	4	34	0.69
0.393939393939394	4	34	0.69
0.155555555555556	4	34	0.69
0.25	4	34	0.69
0.578947368421053	4	34	0.69
0.37037037037037	4	34	0.69
0.166666666666667	4	34	0.69
0.456521739130435	4	34	0.69
0.434782608695652	4	34	0.69
0.56	4	34	0.69
0.228571428571429	4	34	0.69
0.241379310344828	4	34	0.69
0.225806451612903	4	34	0.69
0.214285714285714	4	34	0.69
0.321428571428571	4	34	0.69
0.5	4	34	0.69
0.264705882352941	4	34	0.69
0.631578947368421	4	34	0.69
0.181818181818182	4	34	0.69
0.368421052631579	4	34	0.69
0.236842105263158	4	34	0.69
0.166666666666667	4	34	0.69
0.310344827586207	4	34	0.69
0.137931034482759	4	34	0.69
0.3	4	34	0.69
0.205882352941176	4	34	0.69
0.157894736842105	4	34	0.69
0.184210526315789	4	34	0.69
0.387096774193548	4	34	0.69
0.171428571428571	4	34	0.69
0.150943396226415	4	34	0.69
0.28125	4	34	0.69
0.222222222222222	4	34	0.69
0.264705882352941	4	34	0.69
0.162162162162162	4	34	0.69
0.4	4	34	0.69
0.235294117647059	4	34	0.69
0.342857142857143	4	34	0.69
0.409090909090909	4	34	0.69
0.146341463414634	4	34	0.69
0.171428571428571	4	34	0.69
0.15625	4	34	0.69
0.333333333333333	4	34	0.69
0.206896551724138	4	34	0.69
0.222222222222222	4	34	0.69
0.142857142857143	4	34	0.69
0.75	4	34	0.69
0.19047619047619	4	34	0.69
0.214285714285714	4	34	0.69
0.516129032258065	4	34	0.69
0.117647058823529	4	34	0.69
0.307692307692308	4	34	0.69
0.148936170212766	4	34	0.69
0.133333333333333	4	34	0.69
0.222222222222222	4	34	0.69
0.1875	4	34	0.69
0.166666666666667	4	34	0.69
0.567567567567568	4	34	0.69
0.28125	4	34	0.69
0.289473684210526	4	34	0.69
0.2	4	34	0.69
0.269230769230769	4	34	0.69
0.170731707317073	4	34	0.69
0.368421052631579	4	34	0.69
0.3125	4	34	0.69
0.285714285714286	4	34	0.69
0.302325581395349	4	34	0.69
0.264705882352941	4	34	0.69
0.222222222222222	4	34	0.69
0.136363636363636	4	34	0.69
0.161290322580645	4	34	0.69
0.28125	4	34	0.69
0.176470588235294	4	34	0.69
0.225806451612903	4	34	0.69
0.583333333333333	4	34	0.69
0.166666666666667	4	34	0.69
0.450980392156863	4	34	0.69
0.153846153846154	4	34	0.69
0.511111111111111	4	34	0.69
0.257142857142857	4	34	0.69
0.195652173913043	4	34	0.69
0.486486486486487	4	34	0.69
0.166666666666667	4	34	0.69
0.205882352941176	4	34	0.69
0.2	4	34	0.69
0.523809523809524	4	34	0.69
0.25	4	34	0.69
0.416666666666667	4	34	0.69
0.363636363636364	4	34	0.69
0.314285714285714	4	34	0.69
0.155555555555556	4	34	0.69
0.228571428571429	4	34	0.69
0.108108108108108	4	34	0.69
0.2	4	34	0.69
0.113207547169811	4	34	0.69
0.261904761904762	4	34	0.69
0.285714285714286	4	34	0.69
0.368421052631579	4	34	0.69
0.333333333333333	4	34	0.69
0.12	4	34	0.69
0.305555555555556	4	34	0.69
0.2	4	34	0.69
0.148936170212766	4	34	0.69
0.219512195121951	4	34	0.69
0.166666666666667	4	34	0.69
0.170212765957447	4	34	0.69
0.344827586206897	4	34	0.69
0.1	4	34	0.69
0.156862745098039	4	34	0.69
0.317073170731707	4	34	0.69
0.181818181818182	4	34	0.69
0.166666666666667	4	34	0.69
0.472222222222222	4	34	0.69
0.315789473684211	4	34	0.69
0.179487179487179	4	34	0.69
0.137931034482759	4	34	0.69
0.25	4	34	0.69
0.55	4	34	0.69
0.125	4	34	0.69
0.548387096774194	4	34	0.69
0.170731707317073	4	34	0.69
0.24	4	34	0.69
0.25	4	34	0.69
0.32258064516129	4	34	0.69
0.25	4	34	0.69
0.16	4	34	0.69
0.28	4	34	0.69
0.275	4	34	0.69
0.258064516129032	4	34	0.69
0.441176470588235	4	34	0.69
0.166666666666667	4	34	0.69
0.205882352941176	4	34	0.69
0.433333333333333	4	34	0.69
0.208333333333333	4	34	0.69
0.230769230769231	4	34	0.69
0.24	4	34	0.69
0.268292682926829	4	34	0.69
0.263157894736842	4	34	0.69
0.645161290322581	4	34	0.69
0.259259259259259	4	34	0.69
0.269230769230769	4	34	0.69
0.4	4	34	0.69
0.243243243243243	4	34	0.69
0.235294117647059	4	34	0.69
0.176470588235294	4	34	0.69
0.162162162162162	4	34	0.69
0.428571428571429	4	34	0.69
0.310344827586207	4	34	0.69
0.25	4	34	0.69
0.216216216216216	4	34	0.69
0.114285714285714	4	34	0.69
0.204545454545455	4	34	0.69
0.242424242424242	4	34	0.69
0.242424242424242	4	34	0.69
0.666666666666667	4	34	0.69
0.28125	4	34	0.69
0.214285714285714	4	34	0.69
0.416666666666667	4	34	0.69
0.423076923076923	4	34	0.69
0.166666666666667	4	34	0.69
0.258064516129032	4	34	0.69
0.186046511627907	4	34	0.69
0.222222222222222	4	34	0.69
0.36	4	34	0.69
0.2	4	34	0.69
0.545454545454545	4	34	0.69
0.233333333333333	4	34	0.69
0.15	4	34	0.69
0.461538461538462	4	34	0.69
0.305555555555556	4	34	0.69
0.176470588235294	4	34	0.69
0.290322580645161	4	34	0.69
0.285714285714286	4	34	0.69
0.289473684210526	4	34	0.69
0.352941176470588	4	34	0.69
0.171428571428571	4	34	0.69
0.146341463414634	4	34	0.69
0.272727272727273	4	34	0.69
0.285714285714286	4	34	0.69
0.55	4	34	0.69
0.166666666666667	4	34	0.69
0.152173913043478	4	34	0.69
0.588235294117647	4	34	0.69
0.195652173913043	4	34	0.69
0.185185185185185	4	34	0.69
0.32	4	34	0.69
0.206896551724138	4	34	0.69
0.210526315789474	4	34	0.69
0.272727272727273	4	34	0.69
0.485714285714286	4	34	0.69
0.277777777777778	4	34	0.69
0.222222222222222	4	34	0.69
0.428571428571429	4	34	0.69
0.484848484848485	4	34	0.69
0.642857142857143	4	34	0.69
0.268292682926829	4	34	0.69
0.411764705882353	4	34	0.69
0.4	4	34	0.69
0.209302325581395	4	34	0.69
0.478260869565217	4	34	0.69
0.2	4	34	0.69
0.153846153846154	4	34	0.69
0.145833333333333	4	34	0.69
0.36	4	34	0.69
0.228571428571429	4	34	0.69
0.294117647058824	4	34	0.69
0.209302325581395	4	34	0.69
0.1875	4	34	0.69
0.24390243902439	4	34	0.69
0.285714285714286	4	34	0.69
0.189189189189189	4	34	0.69
0.27027027027027	4	34	0.69
0.166666666666667	4	34	0.69
0.390243902439024	4	34	0.69
0.294117647058824	4	34	0.69
0.146341463414634	4	34	0.69
0.4	4	34	0.69
0.444444444444444	4	34	0.69
0.166666666666667	4	34	0.69
0.1875	4	34	0.69
0.51219512195122	4	34	0.69
0.487179487179487	4	34	0.69
0.476190476190476	4	34	0.69
0.230769230769231	4	34	0.69
0.205128205128205	4	34	0.69
0.193548387096774	4	34	0.69
0.269230769230769	4	34	0.69
0.475	4	34	0.69
0.529411764705882	4	34	0.69
0.217391304347826	4	34	0.69
0.541666666666667	4	34	0.69
0.303030303030303	4	34	0.69
0.44	4	34	0.69
0.4	4	34	0.69
0.111111111111111	4	34	0.69
0.3	4	34	0.69
0.185185185185185	4	34	0.69
0.1875	4	34	0.69
0.189189189189189	4	34	0.69
0.384615384615385	4	34	0.69
0.3	4	34	0.69
0.354838709677419	4	34	0.69
0.264705882352941	4	34	0.69
0.302325581395349	4	34	0.69
0.179487179487179	4	34	0.69
0.133333333333333	4	34	0.69
0.241379310344828	4	34	0.69
0.205882352941176	4	34	0.69
0.44	4	34	0.69
0.28	4	34	0.69
0.216216216216216	4	34	0.69
0.268292682926829	4	34	0.69
0.45	4	34	0.69
0.210526315789474	4	34	0.69
0.6	4	34	0.69
0.3	4	34	0.69
0.121212121212121	4	34	0.69
0.296296296296296	4	34	0.69
0.297297297297297	4	34	0.69
0.175	4	34	0.69
0.153846153846154	4	34	0.69
0.41025641025641	4	34	0.69
0.216216216216216	4	34	0.69
0.631578947368421	4	34	0.69
0.162162162162162	4	34	0.69
0.5	4	34	0.69
0.238095238095238	4	34	0.69
0.533333333333333	4	34	0.69
0.25	4	34	0.69
0.159090909090909	4	34	0.69
0.266666666666667	4	34	0.69
0.243243243243243	4	34	0.69
0.2	4	34	0.69
0.163265306122449	4	34	0.69
0.214285714285714	4	34	0.69
0.38	4	34	0.69
0.181818181818182	4	34	0.69
0.142857142857143	4	34	0.69
0.396551724137931	4	34	0.69
0.363636363636364	4	34	0.69
0.151515151515152	4	34	0.69
0.212121212121212	4	34	0.69
0.310344827586207	4	34	0.69
0.54	4	34	0.69
0.277777777777778	4	34	0.69
0.163265306122449	4	34	0.69
0.392857142857143	4	34	0.69
0.232558139534884	4	34	0.69
0.27906976744186	4	34	0.69
0.186046511627907	4	34	0.69
0.128205128205128	4	34	0.69
0.25	4	34	0.69
0.114285714285714	4	34	0.69
0.162790697674419	4	34	0.69
0.457142857142857	4	34	0.69
0.13953488372093	4	34	0.69
0.152173913043478	4	34	0.69
0.136363636363636	4	34	0.69
0.272727272727273	4	34	0.69
0.457142857142857	4	34	0.69
0.2	4	34	0.69
0.323529411764706	4	34	0.69
0.282608695652174	4	34	0.69
0.133333333333333	4	34	0.69
0.486486486486487	4	34	0.69
0.290322580645161	4	34	0.69
0.324324324324324	4	34	0.69
0.348837209302326	4	34	0.69
0.325581395348837	4	34	0.69
0.479166666666667	4	34	0.69
0.15	4	34	0.69
0.170212765957447	4	34	0.69
0.176470588235294	4	34	0.69
0.418604651162791	4	34	0.69
0.192307692307692	4	34	0.69
0.222222222222222	4	34	0.69
0.194444444444444	4	34	0.69
0.239130434782609	4	34	0.69
0.235294117647059	4	34	0.69
0.142857142857143	4	34	0.69
0.121951219512195	4	34	0.69
0.5	4	34	0.69
0.216216216216216	4	34	0.69
0.133333333333333	4	34	0.69
0.195121951219512	4	34	0.69
0.173913043478261	4	34	0.69
0.219512195121951	4	34	0.69
0.206896551724138	4	34	0.69
0.179487179487179	4	34	0.69
0.222222222222222	4	34	0.69
0.166666666666667	4	34	0.69
0.272727272727273	4	34	0.69
0.604651162790698	4	34	0.69
0.225806451612903	4	34	0.69
0.2	4	34	0.69
0.4	4	34	0.69
0.258064516129032	4	34	0.69
0.206896551724138	4	34	0.69
0.295454545454545	4	34	0.69
0.333333333333333	4	34	0.69
0.290322580645161	4	34	0.69
0.236842105263158	4	34	0.69
0.125	4	34	0.69
0.230769230769231	4	34	0.69
0.128205128205128	4	34	0.69
0.222222222222222	4	34	0.69
0.185185185185185	4	34	0.69
0.274509803921569	4	34	0.69
0.161290322580645	4	34	0.69
0.475	4	34	0.69
0.125	4	34	0.69
0.274509803921569	4	34	0.69
0.206896551724138	4	34	0.69
0.2	4	34	0.69
0.2	4	34	0.69
0.34375	4	34	0.69
0.433333333333333	4	34	0.69
0.208333333333333	4	34	0.69
0.25	4	34	0.69
0.205882352941176	4	34	0.69
0.242424242424242	4	34	0.69
0.228571428571429	4	34	0.69
0.269230769230769	4	34	0.69
0.210526315789474	4	34	0.69
0.433333333333333	4	34	0.69
0.285714285714286	4	34	0.69
0.162162162162162	4	34	0.69
0.264705882352941	4	34	0.69
0.161290322580645	4	34	0.69
0.243243243243243	4	34	0.69
0.314285714285714	4	34	0.69
0.135135135135135	4	34	0.69
0.260869565217391	4	34	0.69
0.470588235294118	4	34	0.69
0.541666666666667	4	34	0.69
0.171428571428571	4	34	0.69
0.739130434782609	4	34	0.69
0.538461538461538	4	34	0.69
0.222222222222222	4	34	0.69
0.181818181818182	4	34	0.69
0.214285714285714	4	34	0.69
0.176470588235294	4	34	0.69
0.159090909090909	4	34	0.69
0.217391304347826	4	34	0.69
0.290322580645161	4	34	0.69
0.227272727272727	4	34	0.69
0.1875	4	34	0.69
0.311111111111111	4	34	0.69
0.24	4	34	0.69
0.125	4	34	0.69
0.304347826086957	4	34	0.69
0.575	4	34	0.69
0.419354838709677	4	34	0.69
0.151515151515152	4	34	0.69
0.592592592592593	4	34	0.69
0.45	4	34	0.69
0.296296296296296	4	34	0.69
0.25	4	34	0.69
0.228571428571429	4	34	0.69
0.32	4	34	0.69
0.205882352941176	4	34	0.69
0.222222222222222	4	34	0.69
0.13953488372093	4	34	0.69
0.242424242424242	4	34	0.69
0.269230769230769	4	34	0.69
0.333333333333333	4	34	0.69
0.159090909090909	4	34	0.69
0.608695652173913	4	34	0.69
0.181818181818182	4	34	0.69
0.307692307692308	4	34	0.69
0.225806451612903	4	34	0.69
0.225806451612903	4	34	0.69
0.184210526315789	4	34	0.69
0.229166666666667	4	34	0.69
0.37037037037037	4	34	0.69
0.233333333333333	4	34	0.69
0.19047619047619	4	34	0.69
0.285714285714286	4	34	0.69
0.115384615384615	4	34	0.69
0.111111111111111	4	34	0.69
0.25	4	34	0.69
0.181818181818182	4	34	0.69
0.111111111111111	4	34	0.69
0.138888888888889	4	34	0.69
0.275862068965517	4	34	0.69
0.171428571428571	4	34	0.69
0.142857142857143	4	34	0.69
0.196078431372549	4	34	0.69
0.28125	4	34	0.69
0.166666666666667	4	34	0.69
0.454545454545455	4	34	0.69
0.272727272727273	4	34	0.69
0.212121212121212	4	34	0.69
0.225	4	34	0.69
0.3125	4	34	0.69
0.285714285714286	4	34	0.69
0.15	4	34	0.69
0.296296296296296	4	34	0.69
0.153846153846154	4	34	0.69
0.268292682926829	4	34	0.69
0.25	4	34	0.69
0.219512195121951	4	34	0.69
0.170731707317073	4	34	0.69
0.2	4	34	0.69
0.181818181818182	4	34	0.69
0.166666666666667	4	34	0.69
0.434782608695652	4	34	0.69
0.185185185185185	4	34	0.69
0.179487179487179	4	34	0.69
0.289473684210526	4	34	0.69
0.205128205128205	4	34	0.69
0.225	4	34	0.69
0.242424242424242	4	34	0.69
0.352941176470588	4	34	0.69
0.666666666666667	4	34	0.69
0.27027027027027	4	34	0.69
0.307692307692308	4	34	0.69
0.333333333333333	4	34	0.69
0.533333333333333	4	34	0.69
0.2	4	34	0.69
0.214285714285714	4	34	0.69
0.444444444444444	4	34	0.69
0.394736842105263	4	34	0.69
0.142857142857143	4	34	0.69
0.366666666666667	4	34	0.69
0.222222222222222	4	34	0.69
0.235294117647059	4	34	0.69
0.285714285714286	4	34	0.69
0.1875	4	34	0.69
0.206896551724138	4	34	0.69
0.346153846153846	4	34	0.69
0.148148148148148	4	34	0.69
0.285714285714286	4	34	0.69
0.24390243902439	4	34	0.69
0.444444444444444	4	34	0.69
0.32	4	34	0.69
0.238095238095238	4	34	0.69
0.230769230769231	4	34	0.69
0.205882352941176	4	34	0.69
0.195652173913043	4	34	0.69
0.206896551724138	4	34	0.69
0.2	4	34	0.69
0.21875	4	34	0.69
0.285714285714286	4	34	0.69
0.114285714285714	4	34	0.69
0.267857142857143	4	34	0.69
0.565217391304348	4	34	0.69
0.21875	4	34	0.69
0.208333333333333	4	34	0.69
0.32	4	34	0.69
0.454545454545455	4	34	0.69
0.294117647058824	4	34	0.69
0.310344827586207	4	34	0.69
0.181818181818182	4	34	0.69
0.2	4	34	0.69
0.285714285714286	4	34	0.69
0.272727272727273	4	34	0.69
0.2	4	34	0.69
0.272727272727273	4	34	0.69
0.214285714285714	4	34	0.69
0.25	4	34	0.69
0.577777777777778	4	34	0.69
0.142857142857143	4	34	0.69
0.134615384615385	4	34	0.69
0.243243243243243	4	34	0.69
0.833333333333333	4	34	0.69
0.170731707317073	4	34	0.69
0.1875	4	34	0.69
0.595744680851064	4	34	0.69
0.714285714285714	4	34	0.69
0.181818181818182	4	34	0.69
0.291666666666667	4	34	0.69
0.304347826086957	4	34	0.69
0.2	4	34	0.69
0.548387096774194	4	34	0.69
0.137931034482759	4	34	0.69
0.24	4	34	0.69
0.307692307692308	4	34	0.69
0.538461538461538	4	34	0.69
0.176470588235294	4	34	0.69
0.172413793103448	4	34	0.69
0.181818181818182	4	34	0.69
0.185185185185185	4	34	0.69
0.206896551724138	4	34	0.69
0.216216216216216	4	34	0.69
0.333333333333333	4	34	0.69
0.166666666666667	4	34	0.69
0.212121212121212	4	34	0.69
0.125	4	34	0.69
0.2	4	34	0.69
0.333333333333333	4	34	0.69
0.3	4	34	0.69
0.193548387096774	4	34	0.69
0.27027027027027	4	34	0.69
0.142857142857143	4	34	0.69
0.238095238095238	4	34	0.69
0.172413793103448	4	34	0.69
0.194444444444444	4	34	0.69
0.189189189189189	4	34	0.69
0.25	4	34	0.69
0.217391304347826	4	34	0.69
0.56	4	34	0.69
0.173913043478261	4	34	0.69
0.166666666666667	4	34	0.69
0.193548387096774	4	34	0.69
0.357142857142857	4	34	0.69
0.206896551724138	4	34	0.69
0.5	4	34	0.69
0.206896551724138	4	34	0.69
0.241379310344828	4	34	0.69
0.461538461538462	4	34	0.69
0.205882352941176	4	34	0.69
0.5	4	34	0.69
0.285714285714286	4	34	0.69
0.625	4	34	0.69
0.294117647058824	4	34	0.69
0.214285714285714	4	34	0.69
0.366666666666667	4	34	0.69
0.27027027027027	4	34	0.69
0.235294117647059	4	34	0.69
0.41304347826087	4	34	0.69
0.181818181818182	4	34	0.69
0.269230769230769	4	34	0.69
0.242424242424242	4	34	0.69
0.181818181818182	4	34	0.69
0.225806451612903	4	34	0.69
0.137931034482759	4	34	0.69
0.214285714285714	4	34	0.69
0.142857142857143	4	34	0.69
0.2	4	34	0.69
0.288888888888889	4	34	0.69
0.225806451612903	4	34	0.69
0.291666666666667	4	34	0.69
0.444444444444444	4	34	0.69
0.205882352941176	4	34	0.69
0.225806451612903	4	34	0.69
0.191489361702128	4	34	0.69
0.25531914893617	4	34	0.69
0.117647058823529	4	34	0.69
0.116279069767442	4	34	0.69
0.142857142857143	4	34	0.69
0.272727272727273	4	34	0.69
0.305555555555556	4	34	0.69
0.475	4	34	0.69
0.263157894736842	4	34	0.69
0.375	4	34	0.69
0.363636363636364	4	34	0.69
0.166666666666667	4	34	0.69
0.1875	4	34	0.69
0.145833333333333	4	34	0.69
0.27027027027027	4	34	0.69
0.3125	4	34	0.69
0.361111111111111	4	34	0.69
0.135593220338983	4	34	0.69
0.578947368421053	4	34	0.69
0.260869565217391	4	34	0.69
0.209302325581395	4	34	0.69
0.192307692307692	4	34	0.69
0.157894736842105	4	34	0.69
0.161290322580645	4	34	0.69
0.166666666666667	4	34	0.69
0.27027027027027	4	34	0.69
0.179487179487179	4	34	0.69
0.210526315789474	4	34	0.69
0.45	4	34	0.69
0.444444444444444	4	34	0.69
0.142857142857143	4	34	0.69
0.307692307692308	4	34	0.69
0.357142857142857	4	34	0.69
0.533333333333333	4	34	0.69
0.222222222222222	4	34	0.69
0.545454545454545	4	34	0.69
0.5	4	34	0.69
0.25	4	34	0.69
0.5	4	34	0.69
0.285714285714286	4	34	0.69
0.263157894736842	4	34	0.69
0.241379310344828	4	34	0.69
0.172413793103448	4	34	0.69
0.194444444444444	4	34	0.69
0.205882352941176	4	34	0.69
0.205882352941176	4	34	0.69
0.2	4	34	0.69
0.2	4	34	0.69
0.16	4	34	0.69
0.277777777777778	4	34	0.69
0.555555555555556	4	34	0.69
0.142857142857143	4	34	0.69
0.310344827586207	4	34	0.69
0.24390243902439	4	34	0.69
0.268292682926829	4	34	0.69
0.290322580645161	4	34	0.69
0.117647058823529	4	34	0.69
0.333333333333333	4	34	0.69
0.272727272727273	4	34	0.69
0.5	4	34	0.69
0.275862068965517	4	34	0.69
0.235294117647059	4	34	0.69
0.413793103448276	4	34	0.69
0.235294117647059	4	34	0.69
0.25	4	34	0.69
0.275862068965517	4	34	0.69
0.137931034482759	4	34	0.69
0.233333333333333	4	34	0.69
0.242424242424242	4	34	0.69
0.272727272727273	4	34	0.69
0.230769230769231	4	34	0.69
0.194444444444444	4	34	0.69
0.541666666666667	4	34	0.69
0.384615384615385	4	34	0.69
0.52	4	34	0.69
0.25	4	34	0.69
0.242424242424242	4	34	0.69
0.170731707317073	4	34	0.69
0.136363636363636	4	34	0.69
0.384615384615385	4	34	0.69
0.193548387096774	4	34	0.69
0.310344827586207	4	34	0.69
0.538461538461538	4	34	0.69
0.235294117647059	4	34	0.69
0.266666666666667	4	34	0.69
0.242424242424242	4	34	0.69
0.148148148148148	4	34	0.69
0.15	4	34	0.69
0.46875	4	34	0.69
0.166666666666667	4	34	0.69
0.25	4	34	0.69
0.314285714285714	4	34	0.69
0.15625	4	34	0.69
0.275	4	34	0.69
0.315789473684211	4	34	0.69
0.189189189189189	4	34	0.69
0.241379310344828	4	34	0.69
0.137931034482759	4	34	0.69
0.131578947368421	4	34	0.69
0.266666666666667	4	34	0.69
0.142857142857143	4	34	0.69
0.25	4	34	0.69
0.285714285714286	4	34	0.69
0.222222222222222	4	34	0.69
0.142857142857143	4	34	0.69
0.225806451612903	4	34	0.69
0.125	4	34	0.69
0.333333333333333	4	34	0.69
0.34375	4	34	0.69
0.214285714285714	4	34	0.69
0.615384615384615	4	34	0.69
0.318181818181818	4	34	0.69
0.277777777777778	4	34	0.69
0.217391304347826	4	34	0.69
0.228571428571429	4	34	0.69
0.142857142857143	4	34	0.69
0.171428571428571	4	34	0.69
0.16	4	34	0.69
0.5	4	34	0.69
0.133333333333333	4	34	0.69
0.179487179487179	4	34	0.69
0.130434782608696	4	34	0.69
0.242424242424242	4	34	0.69
0.304347826086957	4	34	0.69
0.323529411764706	4	34	0.69
0.315789473684211	4	34	0.69
0.37037037037037	4	34	0.69
0.645161290322581	4	34	0.69
0.526315789473684	4	34	0.69
0.153846153846154	4	34	0.69
0.2	4	34	0.69
0.454545454545455	4	34	0.69
0.233333333333333	4	34	0.69
0.458333333333333	4	34	0.69
0.114285714285714	4	34	0.69
0.291666666666667	4	34	0.69
0.272727272727273	4	34	0.69
0.352941176470588	4	34	0.69
0.347826086956522	4	34	0.69
0.170212765957447	4	34	0.69
0.236842105263158	4	34	0.69
0.121212121212121	4	34	0.69
0.157894736842105	4	34	0.69
0.222222222222222	4	34	0.69
0.424242424242424	4	34	0.69
0.333333333333333	4	34	0.69
0.256410256410256	4	34	0.69
0.333333333333333	4	34	0.69
0.566666666666667	4	34	0.69
0.0909090909090909	4	34	0.69
0.238095238095238	4	34	0.69
0.28125	4	34	0.69
0.136363636363636	4	34	0.69
0.228571428571429	4	34	0.69
0.19047619047619	4	34	0.69
0.27027027027027	4	34	0.69
0.285714285714286	4	34	0.69
0.2	4	34	0.69
0.25	4	34	0.69
0.368421052631579	4	34	0.69
0.441176470588235	4	34	0.69
0.19047619047619	4	34	0.69
0.205882352941176	4	34	0.69
0.159090909090909	4	34	0.69
0.342105263157895	4	34	0.69
0.407407407407407	4	34	0.69
0.205128205128205	4	34	0.69
0.269230769230769	4	34	0.69
0.25	4	34	0.69
0.233333333333333	4	34	0.69
0.578947368421053	4	34	0.69
0.52	4	34	0.69
0.275862068965517	4	34	0.69
0.517241379310345	4	34	0.69
0.466666666666667	4	34	0.69
0.175	4	34	0.69
0.45	4	34	0.69
0.344827586206897	4	34	0.69
0.15	4	34	0.69
0.481481481481481	4	34	0.69
0.434782608695652	4	34	0.69
0.25	4	34	0.69
0.2	4	34	0.69
0.161290322580645	4	34	0.69
0.333333333333333	4	34	0.69
0.166666666666667	4	34	0.69
0.266666666666667	4	34	0.69
0.315789473684211	4	34	0.69
0.3	4	34	0.69
