VAF	CN	avg.depth	purity
0.206896551724138	1	18	0.92
1	1	18	0.92
0.111111111111111	2	32	0.92
0.230769230769231	2	32	0.92
0.354838709677419	2	32	0.92
0.432432432432432	2	32	0.92
0.422222222222222	2	32	0.92
0.35	2	32	0.92
0.465116279069767	2	32	0.92
0.235294117647059	2	32	0.92
0.517241379310345	2	32	0.92
0.447368421052632	2	32	0.92
0.216216216216216	2	32	0.92
0.375	2	32	0.92
0.214285714285714	2	32	0.92
0.24	2	32	0.92
0.114285714285714	2	32	0.92
0.529411764705882	2	32	0.92
0.478260869565217	2	32	0.92
0.285714285714286	2	32	0.92
0.521739130434783	2	32	0.92
0.575	2	32	0.92
0.380952380952381	2	32	0.92
0.153846153846154	2	32	0.92
0.166666666666667	2	32	0.92
0.333333333333333	2	32	0.92
0.526315789473684	2	32	0.92
0.263157894736842	2	32	0.92
0.292682926829268	2	32	0.92
0.419354838709677	2	32	0.92
0.333333333333333	2	32	0.92
0.214285714285714	2	32	0.92
0.441176470588235	2	32	0.92
0.15625	2	32	0.92
0.394736842105263	2	32	0.92
0.617647058823529	2	32	0.92
0.0789473684210526	2	32	0.92
0.416666666666667	2	32	0.92
0.272727272727273	2	32	0.92
0.214285714285714	2	32	0.92
0.612903225806452	2	32	0.92
0.371428571428571	2	32	0.92
0.488372093023256	2	32	0.92
0.423076923076923	2	32	0.92
0.285714285714286	2	32	0.92
0.162162162162162	2	32	0.92
0.333333333333333	2	32	0.92
0.32	2	32	0.92
0.391304347826087	2	32	0.92
0.432432432432432	2	32	0.92
0.485714285714286	2	32	0.92
0.464285714285714	2	32	0.92
0.379310344827586	2	32	0.92
0.4	2	32	0.92
0.434782608695652	2	32	0.92
0.5	2	32	0.92
0.45	2	32	0.92
0.533333333333333	2	32	0.92
0.2	2	32	0.92
0.326530612244898	2	32	0.92
0.571428571428571	2	32	0.92
0.230769230769231	2	32	0.92
0.205882352941176	2	32	0.92
0.533333333333333	2	32	0.92
0.363636363636364	2	32	0.92
0.421052631578947	2	32	0.92
0.5	2	32	0.92
0.333333333333333	2	32	0.92
0.363636363636364	2	32	0.92
0.21875	2	32	0.92
0.441860465116279	2	32	0.92
0.19047619047619	2	32	0.92
0.3125	2	32	0.92
0.352941176470588	2	32	0.92
0.526315789473684	2	32	0.92
0.21875	2	32	0.92
0.162162162162162	2	32	0.92
0.625	2	32	0.92
0.428571428571429	2	32	0.92
0.486486486486487	2	32	0.92
0.461538461538462	2	32	0.92
0.535714285714286	2	32	0.92
0.483870967741935	2	32	0.92
0.727272727272727	2	32	0.92
0.157894736842105	2	32	0.92
0.578947368421053	2	32	0.92
0.5	2	32	0.92
0.4	2	32	0.92
0.285714285714286	2	32	0.92
0.434782608695652	2	32	0.92
0.307692307692308	2	32	0.92
0.4375	2	32	0.92
0.25	2	32	0.92
0.475	2	32	0.92
0.285714285714286	2	32	0.92
0.545454545454545	2	32	0.92
0.423076923076923	2	32	0.92
0.472222222222222	2	32	0.92
0.444444444444444	2	32	0.92
0.44	2	32	0.92
0.162162162162162	2	32	0.92
0.2	2	32	0.92
0.368421052631579	2	32	0.92
0.325	2	32	0.92
0.411764705882353	2	32	0.92
0.366666666666667	2	32	0.92
0.347826086956522	2	32	0.92
0.315789473684211	2	32	0.92
0.5	2	32	0.92
0.296296296296296	2	32	0.92
0.108695652173913	2	32	0.92
0.387755102040816	2	32	0.92
0.391304347826087	2	32	0.92
0.411764705882353	2	32	0.92
0.368421052631579	2	32	0.92
0.25	2	32	0.92
0.3	2	32	0.92
0.432432432432432	2	32	0.92
0.142857142857143	2	32	0.92
0.2	2	32	0.92
0.125	2	32	0.92
0.44	2	32	0.92
0.296296296296296	2	32	0.92
0.277777777777778	2	32	0.92
0.666666666666667	2	32	0.92
0.363636363636364	2	32	0.92
0.388888888888889	2	32	0.92
0.377777777777778	2	32	0.92
0.421052631578947	2	32	0.92
0.466666666666667	2	32	0.92
0.297297297297297	2	32	0.92
0.340909090909091	2	32	0.92
0.166666666666667	2	32	0.92
0.4	2	32	0.92
0.510204081632653	2	32	0.92
0.352941176470588	2	32	0.92
0.120689655172414	2	32	0.92
0.148148148148148	2	32	0.92
0.514285714285714	2	32	0.92
0.642857142857143	2	32	0.92
0.25	2	32	0.92
0.5	2	32	0.92
0.454545454545455	2	32	0.92
0.0983606557377049	2	32	0.92
0.112903225806452	2	32	0.92
0.3	2	32	0.92
0.425	2	32	0.92
0.225806451612903	2	32	0.92
0.272727272727273	2	32	0.92
0.473684210526316	2	32	0.92
0.5	2	32	0.92
0.46875	2	32	0.92
0.230769230769231	2	32	0.92
0.3	2	32	0.92
0.366666666666667	2	32	0.92
0.470588235294118	2	32	0.92
0.488372093023256	2	32	0.92
0.333333333333333	2	32	0.92
0.388888888888889	2	32	0.92
0.583333333333333	2	32	0.92
0.439024390243902	2	32	0.92
0.463414634146341	2	32	0.92
0.151515151515152	2	32	0.92
0.469387755102041	2	32	0.92
0.625	2	32	0.92
0.461538461538462	2	32	0.92
0.48780487804878	2	32	0.92
0.333333333333333	2	32	0.92
0.184210526315789	2	32	0.92
0.194444444444444	2	32	0.92
0.642857142857143	2	32	0.92
0.305555555555556	2	32	0.92
0.560975609756098	2	32	0.92
0.875	2	32	0.92
0.875	2	32	0.92
0.157894736842105	2	32	0.92
0.214285714285714	2	32	0.92
0.405405405405405	2	32	0.92
0.521739130434783	2	32	0.92
0.333333333333333	2	32	0.92
0.358974358974359	2	32	0.92
0.482758620689655	2	32	0.92
0.260869565217391	2	32	0.92
0.722222222222222	2	32	0.92
0.464285714285714	2	32	0.92
0.527777777777778	2	32	0.92
0.5	2	32	0.92
0.25	2	32	0.92
0.136363636363636	2	32	0.92
0.465116279069767	2	32	0.92
0.482758620689655	2	32	0.92
0.285714285714286	2	32	0.92
0.571428571428571	2	32	0.92
0.127659574468085	2	32	0.92
0.275862068965517	2	32	0.92
0.545454545454545	2	32	0.92
0.233333333333333	2	32	0.92
0.142857142857143	2	32	0.92
0.108108108108108	2	32	0.92
0.477272727272727	2	32	0.92
0.391304347826087	2	32	0.92
0.32	2	32	0.92
0.233333333333333	2	32	0.92
0.342105263157895	2	32	0.92
0.484848484848485	2	32	0.92
0.384615384615385	2	32	0.92
0.307692307692308	2	32	0.92
0.323529411764706	2	32	0.92
0.35	2	32	0.92
0.470588235294118	2	32	0.92
0.142857142857143	2	32	0.92
0.515151515151515	2	32	0.92
0.6	2	32	0.92
0.382352941176471	2	32	0.92
0.481481481481481	2	32	0.92
0.344827586206897	2	32	0.92
0.181818181818182	2	32	0.92
0.4	2	32	0.92
0.403846153846154	2	32	0.92
0.136363636363636	2	32	0.92
0.103448275862069	2	32	0.92
0.371428571428571	2	32	0.92
0.461538461538462	2	32	0.92
0.303030303030303	2	32	0.92
0.235294117647059	2	32	0.92
0.142857142857143	2	32	0.92
0.325	2	32	0.92
0.194444444444444	2	32	0.92
0.363636363636364	2	32	0.92
0.542857142857143	2	32	0.92
0.176470588235294	2	32	0.92
0.41025641025641	2	32	0.92
0.148148148148148	2	32	0.92
0.142857142857143	2	32	0.92
0.476190476190476	2	32	0.92
0.3	2	32	0.92
0.41025641025641	2	32	0.92
0.173913043478261	2	32	0.92
0.464285714285714	2	32	0.92
0.488372093023256	2	32	0.92
0.48	2	32	0.92
0.409090909090909	2	32	0.92
0.448275862068966	2	32	0.92
0.2	2	32	0.92
0.391304347826087	2	32	0.92
0.527777777777778	2	32	0.92
0.333333333333333	2	32	0.92
0.333333333333333	2	32	0.92
0.127659574468085	2	32	0.92
0.342105263157895	2	32	0.92
0.5	2	32	0.92
0.24	2	32	0.92
0.214285714285714	2	32	0.92
0.148148148148148	2	32	0.92
0.517241379310345	2	32	0.92
0.382352941176471	2	32	0.92
0.318181818181818	2	32	0.92
0.461538461538462	2	32	0.92
0.214285714285714	2	32	0.92
0.318181818181818	2	32	0.92
0.285714285714286	2	32	0.92
0.170731707317073	2	32	0.92
0.117647058823529	2	32	0.92
0.333333333333333	2	32	0.92
0.488372093023256	2	32	0.92
0.366666666666667	2	32	0.92
0.481481481481481	2	32	0.92
0.387096774193548	2	32	0.92
0.490909090909091	2	32	0.92
0.260869565217391	2	32	0.92
0.342105263157895	2	32	0.92
0.470588235294118	2	32	0.92
0.216216216216216	2	32	0.92
0.153846153846154	2	32	0.92
0.310344827586207	2	32	0.92
0.323529411764706	2	32	0.92
0.394736842105263	2	32	0.92
0.214285714285714	2	32	0.92
0.159090909090909	2	32	0.92
0.403846153846154	2	32	0.92
0.25	2	32	0.92
0.351351351351351	2	32	0.92
0.32	2	32	0.92
