VAF	CN	avg.depth	purity
0.303030303030303	3	31	0.94
0.15625	3	31	0.94
0.238095238095238	3	31	0.94
0.179487179487179	3	31	0.94
0.40625	3	31	0.94
0.296296296296296	3	31	0.94
0.205128205128205	3	31	0.94
0.305555555555556	3	31	0.94
0.142857142857143	3	31	0.94
0.1875	3	31	0.94
0.44	3	31	0.94
0.268292682926829	3	31	0.94
0.25	3	31	0.94
0.368421052631579	3	31	0.94
0.451612903225806	3	31	0.94
0.115384615384615	3	31	0.94
0.25	3	31	0.94
0.315789473684211	3	31	0.94
0.297297297297297	3	31	0.94
0.205882352941176	3	31	0.94
0.416666666666667	3	31	0.94
0.294117647058824	3	31	0.94
0.666666666666667	3	31	0.94
0.179487179487179	3	31	0.94
0.238095238095238	3	31	0.94
0.235294117647059	3	31	0.94
0.173913043478261	3	31	0.94
0.291666666666667	3	31	0.94
0.256410256410256	3	31	0.94
0.275	3	31	0.94
0.413793103448276	3	31	0.94
0.275862068965517	3	31	0.94
0.25	3	31	0.94
0.405405405405405	3	31	0.94
0.212121212121212	3	31	0.94
0.282051282051282	3	31	0.94
0.206896551724138	3	31	0.94
0.296296296296296	3	31	0.94
0.3125	3	31	0.94
0.348837209302326	3	31	0.94
0.157894736842105	3	31	0.94
0.387096774193548	3	31	0.94
0.222222222222222	3	31	0.94
0.162162162162162	3	31	0.94
0.125	3	31	0.94
0.193548387096774	3	31	0.94
0.21875	3	31	0.94
0.242424242424242	3	31	0.94
0.2	3	31	0.94
0.333333333333333	3	31	0.94
0.116279069767442	3	31	0.94
0.217391304347826	3	31	0.94
0.230769230769231	3	31	0.94
0.434782608695652	3	31	0.94
0.21875	3	31	0.94
0.236842105263158	3	31	0.94
0.114285714285714	3	31	0.94
0.483870967741935	3	31	0.94
0.241379310344828	3	31	0.94
0.1875	3	31	0.94
0.260869565217391	3	31	0.94
0.136363636363636	3	31	0.94
0.230769230769231	3	31	0.94
0.736842105263158	3	31	0.94
0.307692307692308	3	31	0.94
0.25	3	31	0.94
0.225806451612903	3	31	0.94
0.172413793103448	3	31	0.94
0.315789473684211	3	31	0.94
0.258064516129032	3	31	0.94
0.289473684210526	3	31	0.94
0.275862068965517	3	31	0.94
0.444444444444444	3	31	0.94
0.321428571428571	3	31	0.94
0.263157894736842	3	31	0.94
0.413793103448276	3	31	0.94
0.24	3	31	0.94
0.354838709677419	3	31	0.94
0.28	3	31	0.94
0.363636363636364	3	31	0.94
0.28	3	31	0.94
0.138888888888889	3	31	0.94
0.125	3	31	0.94
0.258064516129032	3	31	0.94
0.241379310344828	3	31	0.94
0.194444444444444	3	31	0.94
0.321428571428571	3	31	0.94
0.260869565217391	3	31	0.94
0.260869565217391	3	31	0.94
0.419354838709677	3	31	0.94
0.375	3	31	0.94
0.25	3	31	0.94
0.242424242424242	3	31	0.94
0.260869565217391	3	31	0.94
0.342857142857143	3	31	0.94
0.40625	3	31	0.94
0.266666666666667	3	31	0.94
0.178571428571429	3	31	0.94
0.321428571428571	3	31	0.94
0.133333333333333	3	31	0.94
0.25	3	31	0.94
0.242424242424242	3	31	0.94
0.432432432432432	3	31	0.94
0.25	3	31	0.94
0.294117647058824	3	31	0.94
0.235294117647059	3	31	0.94
0.296296296296296	3	31	0.94
0.321428571428571	3	31	0.94
0.170731707317073	3	31	0.94
0.222222222222222	3	31	0.94
0.333333333333333	3	31	0.94
0.181818181818182	3	31	0.94
0.4	3	31	0.94
0.378378378378378	3	31	0.94
0.233333333333333	3	31	0.94
0.4	3	31	0.94
0.130434782608696	3	31	0.94
0.277777777777778	3	31	0.94
0.212121212121212	3	31	0.94
0.282051282051282	3	31	0.94
0.317073170731707	3	31	0.94
0.0975609756097561	3	31	0.94
0.222222222222222	3	31	0.94
0.214285714285714	3	31	0.94
0.233333333333333	3	31	0.94
0.32258064516129	3	31	0.94
0.361702127659574	3	31	0.94
0.181818181818182	3	31	0.94
0.297297297297297	3	31	0.94
0.307692307692308	3	31	0.94
0.260869565217391	3	31	0.94
0.291666666666667	3	31	0.94
0.275862068965517	3	31	0.94
0.304347826086957	3	31	0.94
0.285714285714286	3	31	0.94
0.380952380952381	3	31	0.94
0.241379310344828	3	31	0.94
0.282608695652174	3	31	0.94
0.363636363636364	3	31	0.94
0.272727272727273	3	31	0.94
0.394736842105263	3	31	0.94
0.282051282051282	3	31	0.94
0.2	3	31	0.94
0.222222222222222	3	31	0.94
0.375	3	31	0.94
0.4	3	31	0.94
0.212121212121212	3	31	0.94
0.333333333333333	3	31	0.94
0.321428571428571	3	31	0.94
0.171428571428571	3	31	0.94
0.323529411764706	3	31	0.94
0.731707317073171	3	31	0.94
0.275862068965517	3	31	0.94
0.206896551724138	3	31	0.94
0.235294117647059	3	31	0.94
0.28	3	31	0.94
0.391304347826087	3	31	0.94
0.342105263157895	3	31	0.94
0.206896551724138	3	31	0.94
0.302325581395349	3	31	0.94
0.75	3	31	0.94
0.321428571428571	3	31	0.94
0.357142857142857	3	31	0.94
0.173913043478261	3	31	0.94
0.166666666666667	3	31	0.94
0.305555555555556	3	31	0.94
0.303030303030303	3	31	0.94
0.358974358974359	3	31	0.94
0.25	3	31	0.94
0.257142857142857	3	31	0.94
0.711111111111111	3	31	0.94
0.206896551724138	3	31	0.94
0.363636363636364	3	31	0.94
0.195121951219512	3	31	0.94
0.379310344827586	3	31	0.94
0.25	3	31	0.94
0.7	3	31	0.94
0.25	3	31	0.94
0.391304347826087	3	31	0.94
0.285714285714286	3	31	0.94
0.307692307692308	3	31	0.94
0.391304347826087	3	31	0.94
0.259259259259259	3	31	0.94
0.375	3	31	0.94
0.290322580645161	3	31	0.94
0.407407407407407	3	31	0.94
0.225	3	31	0.94
0.257142857142857	3	31	0.94
0.242424242424242	3	31	0.94
0.59375	3	31	0.94
0.371428571428571	3	31	0.94
0.34375	3	31	0.94
0.285714285714286	3	31	0.94
0.142857142857143	3	31	0.94
0.333333333333333	3	31	0.94
0.173913043478261	3	31	0.94
0.193548387096774	3	31	0.94
0.371428571428571	3	31	0.94
0.321428571428571	3	31	0.94
0.12	3	31	0.94
0.259259259259259	3	31	0.94
0.206896551724138	3	31	0.94
0.325	3	31	0.94
0.233333333333333	3	31	0.94
0.275862068965517	3	31	0.94
0.266666666666667	3	31	0.94
0.193548387096774	3	31	0.94
0.363636363636364	3	31	0.94
0.0967741935483871	3	31	0.94
0.152173913043478	3	31	0.94
0.416666666666667	3	31	0.94
0.171428571428571	3	31	0.94
0.216216216216216	3	31	0.94
0.394736842105263	3	31	0.94
0.323529411764706	3	31	0.94
0.1875	3	31	0.94
0.310344827586207	3	31	0.94
0.292682926829268	3	31	0.94
0.333333333333333	3	31	0.94
0.15625	3	31	0.94
0.433333333333333	3	31	0.94
0.133333333333333	3	31	0.94
0.285714285714286	3	31	0.94
0.210526315789474	3	31	0.94
0.222222222222222	3	31	0.94
0.21875	3	31	0.94
0.184210526315789	3	31	0.94
0.5	3	31	0.94
0.256410256410256	3	31	0.94
0.371428571428571	3	31	0.94
0.147058823529412	3	31	0.94
0.161290322580645	3	31	0.94
0.264705882352941	3	31	0.94
0.230769230769231	3	31	0.94
0.363636363636364	3	31	0.94
0.214285714285714	3	31	0.94
0.413793103448276	3	31	0.94
0.404761904761905	3	31	0.94
0.225806451612903	3	31	0.94
0.125	3	31	0.94
0.333333333333333	3	31	0.94
0.233333333333333	3	31	0.94
0.25	3	31	0.94
0.148148148148148	3	31	0.94
0.26	3	31	0.94
0.25	3	31	0.94
0.269230769230769	3	31	0.94
0.46875	3	31	0.94
0.275862068965517	3	31	0.94
0.230769230769231	3	31	0.94
0.379310344827586	3	31	0.94
0.305555555555556	3	31	0.94
0.266666666666667	3	31	0.94
0.285714285714286	3	31	0.94
0.263157894736842	3	31	0.94
0.24	3	31	0.94
0.32258064516129	3	31	0.94
0.263157894736842	3	31	0.94
0.2	3	31	0.94
0.342105263157895	3	31	0.94
0.368421052631579	3	31	0.94
0.305555555555556	3	31	0.94
0.157894736842105	3	31	0.94
0.296296296296296	3	31	0.94
0.12	3	31	0.94
0.166666666666667	3	31	0.94
0.2	3	31	0.94
0.235294117647059	3	31	0.94
0.230769230769231	3	31	0.94
0.24390243902439	3	31	0.94
0.272727272727273	3	31	0.94
0.310344827586207	3	31	0.94
0.193548387096774	3	31	0.94
0.210526315789474	3	31	0.94
0.36	3	31	0.94
0.2	3	31	0.94
0.6	3	31	0.94
0.241379310344828	3	31	0.94
0.261904761904762	3	31	0.94
0.258064516129032	3	31	0.94
0.290322580645161	3	31	0.94
0.260869565217391	3	31	0.94
0.461538461538462	3	31	0.94
0.230769230769231	3	31	0.94
0.314285714285714	3	31	0.94
0.4	3	31	0.94
0.130434782608696	3	31	0.94
0.212121212121212	3	31	0.94
0.125	3	31	0.94
0.366666666666667	3	31	0.94
0.296296296296296	3	31	0.94
0.409090909090909	3	31	0.94
0.275	3	31	0.94
0.266666666666667	3	31	0.94
0.363636363636364	3	31	0.94
0.387096774193548	3	31	0.94
0.242424242424242	3	31	0.94
0.266666666666667	3	31	0.94
0.333333333333333	3	31	0.94
0.243243243243243	3	31	0.94
0.230769230769231	3	31	0.94
0.28	3	31	0.94
0.454545454545455	3	31	0.94
0.241379310344828	3	31	0.94
0.259259259259259	3	31	0.94
0.230769230769231	3	31	0.94
0.310344827586207	3	31	0.94
0.37037037037037	3	31	0.94
0.333333333333333	3	31	0.94
0.384615384615385	3	31	0.94
0.441176470588235	3	31	0.94
0.148148148148148	3	31	0.94
0.243243243243243	3	31	0.94
0.258064516129032	3	31	0.94
0.2	3	31	0.94
0.277777777777778	3	31	0.94
0.5625	3	31	0.94
0.375	3	31	0.94
0.257142857142857	3	31	0.94
0.285714285714286	3	31	0.94
0.210526315789474	3	31	0.94
0.261904761904762	3	31	0.94
0.210526315789474	3	31	0.94
0.304347826086957	3	31	0.94
0.128205128205128	3	31	0.94
0.285714285714286	3	31	0.94
0.352941176470588	3	31	0.94
0.269230769230769	3	31	0.94
0.407407407407407	3	31	0.94
0.259259259259259	3	31	0.94
0.380952380952381	3	31	0.94
0.321428571428571	3	31	0.94
0.2	3	31	0.94
0.1875	3	31	0.94
0.194444444444444	3	31	0.94
0.277777777777778	3	31	0.94
0.210526315789474	3	31	0.94
0.107142857142857	3	31	0.94
0.21875	3	31	0.94
0.375	3	31	0.94
0.125	3	31	0.94
0.2	3	31	0.94
0.272727272727273	3	31	0.94
0.333333333333333	3	31	0.94
0.342857142857143	3	31	0.94
0.35	3	31	0.94
0.153846153846154	3	31	0.94
0.5	3	31	0.94
0.342857142857143	3	31	0.94
0.28125	3	31	0.94
0.242424242424242	3	31	0.94
0.216216216216216	3	31	0.94
0.323529411764706	3	31	0.94
0.233333333333333	3	31	0.94
0.162162162162162	3	31	0.94
0.285714285714286	3	31	0.94
0.24	3	31	0.94
0.166666666666667	3	31	0.94
0.295454545454545	3	31	0.94
0.209302325581395	3	31	0.94
0.214285714285714	3	31	0.94
0.306122448979592	3	31	0.94
0.407407407407407	3	31	0.94
0.433333333333333	3	31	0.94
0.315789473684211	3	31	0.94
0.205882352941176	3	31	0.94
0.222222222222222	3	31	0.94
0.285714285714286	3	31	0.94
0.411764705882353	3	31	0.94
0.290322580645161	3	31	0.94
0.297297297297297	3	31	0.94
0.357142857142857	3	31	0.94
0.305555555555556	3	31	0.94
0.235294117647059	3	31	0.94
0.372093023255814	3	31	0.94
0.2	3	31	0.94
0.705882352941177	3	31	0.94
0.333333333333333	3	31	0.94
0.346153846153846	3	31	0.94
0.228571428571429	3	31	0.94
0.290322580645161	3	31	0.94
0.371428571428571	3	31	0.94
0.324324324324324	3	31	0.94
0.290322580645161	3	31	0.94
0.317073170731707	3	31	0.94
0.314285714285714	3	31	0.94
0.481481481481481	3	31	0.94
0.3125	3	31	0.94
0.304347826086957	3	31	0.94
0.25	3	31	0.94
0.378378378378378	3	31	0.94
0.189189189189189	3	31	0.94
0.192307692307692	3	31	0.94
0.441176470588235	3	31	0.94
0.5	3	31	0.94
0.185185185185185	3	31	0.94
0.34375	3	31	0.94
0.285714285714286	3	31	0.94
0.176470588235294	3	31	0.94
0.289473684210526	3	31	0.94
0.13953488372093	3	31	0.94
0.2	3	31	0.94
0.3	3	31	0.94
0.321428571428571	3	31	0.94
0.242424242424242	3	31	0.94
0.264705882352941	3	31	0.94
0.371428571428571	3	31	0.94
0.25	3	31	0.94
0.235294117647059	3	31	0.94
0.193548387096774	3	31	0.94
0.233333333333333	3	31	0.94
0.2	3	31	0.94
0.34375	3	31	0.94
0.2	3	31	0.94
0.266666666666667	3	31	0.94
0.4	3	31	0.94
0.285714285714286	3	31	0.94
0.277777777777778	3	31	0.94
0.227272727272727	3	31	0.94
0.24390243902439	3	31	0.94
0.1875	3	31	0.94
0.25	3	31	0.94
0.113636363636364	3	31	0.94
0.222222222222222	3	31	0.94
0.344827586206897	3	31	0.94
0.285714285714286	3	31	0.94
0.212121212121212	3	31	0.94
0.3	3	31	0.94
0.371428571428571	3	31	0.94
0.269230769230769	3	31	0.94
0.333333333333333	3	31	0.94
0.2	3	31	0.94
0.357142857142857	3	31	0.94
0.130434782608696	3	31	0.94
0.222222222222222	3	31	0.94
0.354838709677419	3	31	0.94
0.222222222222222	3	31	0.94
0.25	3	31	0.94
0.264705882352941	3	31	0.94
0.375	3	31	0.94
0.28	3	31	0.94
0.236842105263158	3	31	0.94
0.235294117647059	3	31	0.94
0.210526315789474	3	31	0.94
0.25	3	31	0.94
0.272727272727273	3	31	0.94
0.264705882352941	3	31	0.94
0.166666666666667	3	31	0.94
0.27027027027027	3	31	0.94
0.25	3	31	0.94
0.115384615384615	3	31	0.94
0.125	3	31	0.94
0.161290322580645	3	31	0.94
0.347826086956522	3	31	0.94
0.323529411764706	3	31	0.94
0.538461538461538	3	31	0.94
0.131578947368421	3	31	0.94
0.5	3	31	0.94
0.297297297297297	3	31	0.94
0.636363636363636	3	31	0.94
0.241379310344828	3	31	0.94
0.393939393939394	3	31	0.94
0.260869565217391	3	31	0.94
0.36	3	31	0.94
0.285714285714286	3	31	0.94
0.333333333333333	3	31	0.94
0.333333333333333	3	31	0.94
0.32258064516129	3	31	0.94
0.25	3	31	0.94
0.228571428571429	3	31	0.94
0.269230769230769	3	31	0.94
0.195121951219512	3	31	0.94
0.35	3	31	0.94
0.2	3	31	0.94
0.268292682926829	3	31	0.94
0.2	3	31	0.94
0.181818181818182	3	31	0.94
0.222222222222222	3	31	0.94
0.269230769230769	3	31	0.94
0.225	3	31	0.94
0.375	3	31	0.94
0.34375	3	31	0.94
0.395348837209302	3	31	0.94
0.310344827586207	3	31	0.94
0.25	3	31	0.94
0.62962962962963	3	31	0.94
0.260869565217391	3	31	0.94
0.225	3	31	0.94
0.228571428571429	3	31	0.94
0.171428571428571	3	31	0.94
0.186046511627907	3	31	0.94
0.230769230769231	3	31	0.94
0.1875	3	31	0.94
0.212121212121212	3	31	0.94
0.255813953488372	3	31	0.94
0.206896551724138	3	31	0.94
0.25	3	31	0.94
0.305555555555556	3	31	0.94
0.277777777777778	3	31	0.94
0.314285714285714	3	31	0.94
0.142857142857143	3	31	0.94
0.162162162162162	3	31	0.94
0.35	3	31	0.94
0.241379310344828	3	31	0.94
0.314285714285714	3	31	0.94
0.263157894736842	4	40	0.94
0.135135135135135	4	40	0.94
0.260869565217391	4	40	0.94
0.384615384615385	4	40	0.94
0.268292682926829	4	40	0.94
0.179487179487179	4	40	0.94
0.275	4	40	0.94
0.311111111111111	4	40	0.94
0.268292682926829	4	40	0.94
0.157894736842105	4	40	0.94
0.25	4	40	0.94
0.166666666666667	4	40	0.94
0.277777777777778	4	40	0.94
0.263157894736842	4	40	0.94
0.13953488372093	4	40	0.94
0.145833333333333	4	40	0.94
0.178571428571429	4	40	0.94
0.203703703703704	4	40	0.94
0.452380952380952	4	40	0.94
0.125	4	40	0.94
0.242424242424242	4	40	0.94
0.25	4	40	0.94
0.222222222222222	4	40	0.94
0.303030303030303	4	40	0.94
0.192982456140351	4	40	0.94
0.138461538461538	4	40	0.94
0.369565217391304	4	40	0.94
0.191489361702128	4	40	0.94
0.2	4	40	0.94
0.189189189189189	4	40	0.94
0.170731707317073	4	40	0.94
0.244444444444444	4	40	0.94
0.351351351351351	4	40	0.94
0.175	4	40	0.94
0.206896551724138	4	40	0.94
0.208333333333333	4	40	0.94
0.21875	4	40	0.94
0.419354838709677	4	40	0.94
0.225806451612903	4	40	0.94
0.240740740740741	4	40	0.94
0.214285714285714	4	40	0.94
0.21875	4	40	0.94
0.222222222222222	4	40	0.94
0.272727272727273	4	40	0.94
0.175	4	40	0.94
0.184210526315789	4	40	0.94
0.148148148148148	4	40	0.94
0.186046511627907	4	40	0.94
0.204545454545455	4	40	0.94
0.486486486486487	4	40	0.94
0.317073170731707	4	40	0.94
0.148936170212766	4	40	0.94
0.160714285714286	4	40	0.94
0.208333333333333	4	40	0.94
0.3	4	40	0.94
0.285714285714286	4	40	0.94
0.170731707317073	4	40	0.94
0.233333333333333	4	40	0.94
0.2	4	40	0.94
0.236842105263158	4	40	0.94
0.177777777777778	4	40	0.94
0.333333333333333	4	40	0.94
0.277777777777778	4	40	0.94
0.235294117647059	4	40	0.94
0.272727272727273	4	40	0.94
0.285714285714286	4	40	0.94
0.192307692307692	4	40	0.94
0.2	4	40	0.94
0.166666666666667	4	40	0.94
0.121951219512195	4	40	0.94
0.173913043478261	4	40	0.94
0.145833333333333	4	40	0.94
0.161290322580645	4	40	0.94
0.152173913043478	4	40	0.94
0.16	4	40	0.94
0.147058823529412	4	40	0.94
0.25	4	40	0.94
0.3125	4	40	0.94
0.212765957446809	4	40	0.94
0.2	4	40	0.94
0.142857142857143	4	40	0.94
0.189189189189189	4	40	0.94
0.314285714285714	4	40	0.94
0.178571428571429	4	40	0.94
0.153846153846154	4	40	0.94
0.162790697674419	4	40	0.94
0.134615384615385	4	40	0.94
0.236363636363636	4	40	0.94
0.1875	4	40	0.94
0.161290322580645	4	40	0.94
0.2	4	40	0.94
0.326923076923077	4	40	0.94
0.292682926829268	4	40	0.94
0.243243243243243	4	40	0.94
0.258064516129032	4	40	0.94
0.278688524590164	4	40	0.94
0.225806451612903	4	40	0.94
0.236842105263158	4	40	0.94
0.207547169811321	4	40	0.94
0.32258064516129	4	40	0.94
0.162162162162162	4	40	0.94
0.111111111111111	4	40	0.94
0.194444444444444	4	40	0.94
0.159090909090909	4	40	0.94
0.255813953488372	4	40	0.94
0.1875	4	40	0.94
0.25	4	40	0.94
0.181818181818182	4	40	0.94
0.27027027027027	4	40	0.94
0.306122448979592	4	40	0.94
0.304347826086957	4	40	0.94
0.261904761904762	4	40	0.94
0.268292682926829	4	40	0.94
0.163265306122449	4	40	0.94
0.0980392156862745	4	40	0.94
0.147058823529412	4	40	0.94
0.216216216216216	4	40	0.94
0.25	4	40	0.94
0.245614035087719	4	40	0.94
0.228070175438596	4	40	0.94
0.225806451612903	4	40	0.94
0.2	4	40	0.94
0.230769230769231	4	40	0.94
0.272727272727273	4	40	0.94
0.261904761904762	4	40	0.94
0.142857142857143	4	40	0.94
0.25	4	40	0.94
0.117647058823529	4	40	0.94
0.272727272727273	4	40	0.94
0.136363636363636	4	40	0.94
0.25531914893617	4	40	0.94
0.196078431372549	4	40	0.94
0.25	4	40	0.94
0.181818181818182	4	40	0.94
0.292682926829268	4	40	0.94
0.15	4	40	0.94
0.227272727272727	4	40	0.94
0.225	4	40	0.94
0.292682926829268	4	40	0.94
0.125	4	40	0.94
0.195652173913043	4	40	0.94
0.146341463414634	4	40	0.94
0.163265306122449	4	40	0.94
0.162790697674419	4	40	0.94
0.254901960784314	4	40	0.94
0.176470588235294	4	40	0.94
0.318181818181818	4	40	0.94
0.205128205128205	4	40	0.94
0.333333333333333	4	40	0.94
0.258064516129032	4	40	0.94
0.205882352941176	4	40	0.94
0.181818181818182	4	40	0.94
0.41304347826087	4	40	0.94
0.264705882352941	4	40	0.94
0.0945945945945946	4	40	0.94
0.176470588235294	4	40	0.94
0.204545454545455	4	40	0.94
0.210526315789474	4	40	0.94
0.125	4	40	0.94
0.133333333333333	4	40	0.94
0.125	4	40	0.94
0.369565217391304	4	40	0.94
0.266666666666667	4	40	0.94
0.210526315789474	4	40	0.94
0.25	4	40	0.94
0.15625	4	40	0.94
0.163265306122449	4	40	0.94
0.147058823529412	4	40	0.94
0.192982456140351	4	40	0.94
0.277777777777778	4	40	0.94
0.189189189189189	4	40	0.94
0.147058823529412	4	40	0.94
0.209302325581395	4	40	0.94
0.357142857142857	4	40	0.94
0.19047619047619	4	40	0.94
0.268292682926829	4	40	0.94
0.152173913043478	4	40	0.94
0.170212765957447	4	40	0.94
0.224489795918367	4	40	0.94
0.228571428571429	4	40	0.94
0.15	4	40	0.94
0.233333333333333	4	40	0.94
0.282051282051282	4	40	0.94
0.166666666666667	4	40	0.94
0.194444444444444	4	40	0.94
0.264705882352941	4	40	0.94
0.34375	4	40	0.94
0.204081632653061	4	40	0.94
0.243243243243243	4	40	0.94
0.241935483870968	4	40	0.94
0.290322580645161	4	40	0.94
0.170731707317073	4	40	0.94
0.148148148148148	4	40	0.94
0.181818181818182	4	40	0.94
0.183673469387755	4	40	0.94
0.181818181818182	4	40	0.94
0.315789473684211	4	40	0.94
0.206896551724138	4	40	0.94
0.186046511627907	4	40	0.94
0.162790697674419	4	40	0.94
0.222222222222222	4	40	0.94
0.222222222222222	4	40	0.94
0.179487179487179	4	40	0.94
0.142857142857143	4	40	0.94
0.313725490196078	4	40	0.94
0.242424242424242	4	40	0.94
0.228571428571429	4	40	0.94
0.175	4	40	0.94
0.19047619047619	4	40	0.94
0.170212765957447	4	40	0.94
0.3125	4	40	0.94
0.185185185185185	4	40	0.94
0.266666666666667	4	40	0.94
0.260869565217391	4	40	0.94
0.159090909090909	4	40	0.94
0.22	4	40	0.94
0.132075471698113	4	40	0.94
0.204081632653061	4	40	0.94
0.15	4	40	0.94
0.25	4	40	0.94
0.173913043478261	4	40	0.94
0.111111111111111	4	40	0.94
0.183673469387755	4	40	0.94
0.127659574468085	4	40	0.94
0.259259259259259	4	40	0.94
0.302325581395349	4	40	0.94
0.146341463414634	4	40	0.94
0.297872340425532	4	40	0.94
0.234042553191489	4	40	0.94
0.222222222222222	4	40	0.94
0.3125	4	40	0.94
0.238095238095238	4	40	0.94
0.1875	4	40	0.94
0.348837209302326	4	40	0.94
0.12962962962963	4	40	0.94
0.2	4	40	0.94
0.163265306122449	4	40	0.94
0.136363636363636	4	40	0.94
0.243243243243243	4	40	0.94
0.25	4	40	0.94
0.289473684210526	4	40	0.94
0.115384615384615	4	40	0.94
0.1	4	40	0.94
0.260869565217391	4	40	0.94
0.205882352941176	4	40	0.94
0.34375	4	40	0.94
0.153846153846154	4	40	0.94
0.213114754098361	4	40	0.94
0.214285714285714	4	40	0.94
0.209302325581395	4	40	0.94
0.142857142857143	4	40	0.94
0.583333333333333	4	40	0.94
0.276595744680851	4	40	0.94
0.441860465116279	4	40	0.94
0.166666666666667	4	40	0.94
0.153846153846154	4	40	0.94
0.108108108108108	4	40	0.94
0.133333333333333	4	40	0.94
0.25	4	40	0.94
0.214285714285714	4	40	0.94
0.14	4	40	0.94
0.225806451612903	4	40	0.94
0.21875	4	40	0.94
0.121212121212121	4	40	0.94
0.203703703703704	4	40	0.94
0.166666666666667	4	40	0.94
0.219512195121951	4	40	0.94
0.189189189189189	4	40	0.94
0.32	4	40	0.94
0.269230769230769	4	40	0.94
0.233333333333333	4	40	0.94
0.170212765957447	4	40	0.94
0.319148936170213	4	40	0.94
0.208333333333333	4	40	0.94
0.292682926829268	4	40	0.94
0.259259259259259	4	40	0.94
0.142857142857143	4	40	0.94
0.260869565217391	4	40	0.94
0.183673469387755	4	40	0.94
0.254901960784314	4	40	0.94
0.243243243243243	4	40	0.94
0.166666666666667	4	40	0.94
0.285714285714286	4	40	0.94
0.175	4	40	0.94
0.347826086956522	4	40	0.94
0.146341463414634	4	40	0.94
0.258064516129032	4	40	0.94
0.156862745098039	4	40	0.94
0.378378378378378	4	40	0.94
0.25	4	40	0.94
0.318181818181818	4	40	0.94
0.263157894736842	4	40	0.94
0.22	4	40	0.94
0.176470588235294	4	40	0.94
0.205882352941176	4	40	0.94
0.294117647058824	4	40	0.94
0.275	4	40	0.94
0.244444444444444	4	40	0.94
0.135593220338983	4	40	0.94
0.191489361702128	4	40	0.94
0.228571428571429	4	40	0.94
0.260869565217391	4	40	0.94
0.447368421052632	4	40	0.94
0.15	4	40	0.94
0.179487179487179	4	40	0.94
0.268292682926829	4	40	0.94
0.294117647058824	4	40	0.94
0.179487179487179	4	40	0.94
0.127659574468085	4	40	0.94
0.121212121212121	4	40	0.94
0.235294117647059	4	40	0.94
0.41025641025641	4	40	0.94
0.230769230769231	4	40	0.94
0.186046511627907	4	40	0.94
0.176470588235294	4	40	0.94
0.1875	4	40	0.94
0.239130434782609	4	40	0.94
0.186046511627907	4	40	0.94
0.131147540983607	4	40	0.94
0.173076923076923	4	40	0.94
0.173076923076923	4	40	0.94
0.22	4	40	0.94
0.153846153846154	4	40	0.94
0.333333333333333	4	40	0.94
0.255813953488372	4	40	0.94
0.215686274509804	4	40	0.94
0.162790697674419	4	40	0.94
0.136363636363636	4	40	0.94
0.21875	4	40	0.94
0.217391304347826	4	40	0.94
0.162162162162162	4	40	0.94
0.261904761904762	4	40	0.94
0.136363636363636	4	40	0.94
0.222222222222222	4	40	0.94
0.21875	4	40	0.94
0.194444444444444	4	40	0.94
0.217391304347826	4	40	0.94
0.19047619047619	4	40	0.94
0.297297297297297	4	40	0.94
0.176470588235294	4	40	0.94
0.315789473684211	4	40	0.94
0.217391304347826	4	40	0.94
0.2	4	40	0.94
0.138888888888889	4	40	0.94
0.2	4	40	0.94
0.307692307692308	4	40	0.94
0.15	4	40	0.94
0.176470588235294	4	40	0.94
0.157894736842105	4	40	0.94
0.113207547169811	4	40	0.94
0.258064516129032	4	40	0.94
0.1875	4	40	0.94
0.176470588235294	4	40	0.94
0.260869565217391	4	40	0.94
0.32	4	40	0.94
0.170731707317073	4	40	0.94
0.276595744680851	4	40	0.94
0.266666666666667	4	40	0.94
0.28125	4	40	0.94
0.558823529411765	4	40	0.94
0.129032258064516	4	40	0.94
0.230769230769231	4	40	0.94
0.173913043478261	4	40	0.94
0.228571428571429	4	40	0.94
0.4	4	40	0.94
0.189189189189189	4	40	0.94
0.113207547169811	4	40	0.94
0.365853658536585	4	40	0.94
0.272727272727273	4	40	0.94
0.155172413793103	4	40	0.94
0.230769230769231	4	40	0.94
0.181818181818182	4	40	0.94
0.272727272727273	4	40	0.94
0.189189189189189	4	40	0.94
0.2	4	40	0.94
0.260869565217391	4	40	0.94
0.394736842105263	4	40	0.94
0.161290322580645	4	40	0.94
0.282608695652174	4	40	0.94
0.285714285714286	4	40	0.94
0.238095238095238	4	40	0.94
0.431818181818182	4	40	0.94
0.25	4	40	0.94
0.225	4	40	0.94
0.117647058823529	4	40	0.94
0.264705882352941	4	40	0.94
0.131578947368421	4	40	0.94
0.282608695652174	4	40	0.94
0.108108108108108	4	40	0.94
0.172413793103448	4	40	0.94
0.260869565217391	4	40	0.94
0.387755102040816	4	40	0.94
0.365853658536585	4	40	0.94
0.255813953488372	4	40	0.94
0.155555555555556	4	40	0.94
0.176470588235294	4	40	0.94
0.186046511627907	4	40	0.94
0.219512195121951	4	40	0.94
0.257142857142857	4	40	0.94
0.2	4	40	0.94
0.225	4	40	0.94
0.393939393939394	4	40	0.94
0.310344827586207	4	40	0.94
0.210526315789474	4	40	0.94
0.148148148148148	4	40	0.94
0.3	4	40	0.94
0.259259259259259	4	40	0.94
0.244444444444444	4	40	0.94
0.256410256410256	4	40	0.94
0.127659574468085	4	40	0.94
0.166666666666667	4	40	0.94
0.209302325581395	4	40	0.94
0.232558139534884	4	40	0.94
0.184210526315789	4	40	0.94
0.131578947368421	4	40	0.94
0.25	4	40	0.94
0.208333333333333	4	40	0.94
0.391304347826087	4	40	0.94
0.275862068965517	4	40	0.94
0.181818181818182	4	40	0.94
0.214285714285714	4	40	0.94
0.307692307692308	4	40	0.94
0.264705882352941	4	40	0.94
0.210526315789474	4	40	0.94
0.170731707317073	4	40	0.94
0.285714285714286	4	40	0.94
0.18	4	40	0.94
0.13953488372093	4	40	0.94
0.156862745098039	4	40	0.94
0.193548387096774	4	40	0.94
0.222222222222222	4	40	0.94
0.228571428571429	4	40	0.94
0.268292682926829	4	40	0.94
0.178571428571429	4	40	0.94
0.181818181818182	4	40	0.94
0.166666666666667	4	40	0.94
0.25	4	40	0.94
0.14	4	40	0.94
0.176470588235294	4	40	0.94
0.459459459459459	4	40	0.94
0.536585365853659	4	40	0.94
0.19047619047619	4	40	0.94
0.136363636363636	4	40	0.94
0.207547169811321	4	40	0.94
0.288888888888889	4	40	0.94
0.205128205128205	4	40	0.94
0.222222222222222	4	40	0.94
0.21875	4	40	0.94
0.290322580645161	4	40	0.94
0.133333333333333	4	40	0.94
0.186046511627907	4	40	0.94
0.227272727272727	4	40	0.94
0.298245614035088	4	40	0.94
0.181818181818182	4	40	0.94
0.289473684210526	4	40	0.94
0.157894736842105	4	40	0.94
0.232558139534884	4	40	0.94
0.348837209302326	4	40	0.94
0.195121951219512	4	40	0.94
0.151515151515152	4	40	0.94
0.175	4	40	0.94
0.333333333333333	4	40	0.94
0.162790697674419	4	40	0.94
0.147058823529412	4	40	0.94
0.219512195121951	4	40	0.94
0.159090909090909	4	40	0.94
0.186046511627907	4	40	0.94
0.204081632653061	4	40	0.94
0.27906976744186	4	40	0.94
0.232558139534884	4	40	0.94
0.257142857142857	4	40	0.94
0.218181818181818	4	40	0.94
0.264705882352941	4	40	0.94
0.19047619047619	4	40	0.94
0.25	4	40	0.94
0.212765957446809	4	40	0.94
0.14	4	40	0.94
0.235294117647059	4	40	0.94
0.142857142857143	4	40	0.94
0.195121951219512	4	40	0.94
0.196078431372549	4	40	0.94
0.282051282051282	4	40	0.94
0.227272727272727	4	40	0.94
0.166666666666667	4	40	0.94
0.261904761904762	4	40	0.94
0.275	4	40	0.94
0.184210526315789	4	40	0.94
0.189189189189189	4	40	0.94
0.27027027027027	4	40	0.94
0.131578947368421	4	40	0.94
0.230769230769231	4	40	0.94
0.12	4	40	0.94
0.208333333333333	4	40	0.94
0.243243243243243	4	40	0.94
0.185185185185185	4	40	0.94
0.24390243902439	4	40	0.94
0.241379310344828	4	40	0.94
0.195121951219512	4	40	0.94
0.181818181818182	4	40	0.94
0.25	4	40	0.94
0.27027027027027	4	40	0.94
0.22	4	40	0.94
0.212765957446809	4	40	0.94
0.222222222222222	4	40	0.94
0.25	4	40	0.94
0.22	4	40	0.94
0.162162162162162	4	40	0.94
0.171428571428571	4	40	0.94
0.206896551724138	4	40	0.94
0.145833333333333	4	40	0.94
0.324324324324324	4	40	0.94
0.282051282051282	4	40	0.94
0.2	4	40	0.94
0.283018867924528	4	40	0.94
0.24	4	40	0.94
0.325	4	40	0.94
0.527777777777778	4	40	0.94
0.189189189189189	4	40	0.94
0.338983050847458	4	40	0.94
0.0967741935483871	4	40	0.94
0.171428571428571	4	40	0.94
0.232558139534884	4	40	0.94
0.225806451612903	4	40	0.94
0.310344827586207	4	40	0.94
0.191489361702128	4	40	0.94
0.214285714285714	4	40	0.94
0.15625	4	40	0.94
0.175	4	40	0.94
0.161290322580645	4	40	0.94
0.226415094339623	4	40	0.94
0.209302325581395	4	40	0.94
0.235294117647059	4	40	0.94
0.2	4	40	0.94
0.137254901960784	4	40	0.94
0.196078431372549	4	40	0.94
0.150943396226415	4	40	0.94
0.25	4	40	0.94
0.294117647058824	4	40	0.94
0.151515151515152	4	40	0.94
0.135135135135135	4	40	0.94
0.131578947368421	4	40	0.94
0.127659574468085	4	40	0.94
0.243243243243243	4	40	0.94
0.257142857142857	4	40	0.94
0.166666666666667	4	40	0.94
0.166666666666667	4	40	0.94
0.25	4	40	0.94
0.15	4	40	0.94
0.214285714285714	4	40	0.94
0.294117647058824	4	40	0.94
0.2	4	40	0.94
0.131578947368421	4	40	0.94
0.230769230769231	4	40	0.94
0.186046511627907	4	40	0.94
0.464285714285714	4	40	0.94
0.30952380952381	4	40	0.94
0.1875	4	40	0.94
0.196428571428571	4	40	0.94
0.315789473684211	4	40	0.94
0.25	4	40	0.94
0.36	4	40	0.94
0.233333333333333	4	40	0.94
0.35	4	40	0.94
0.0819672131147541	4	40	0.94
0.307692307692308	4	40	0.94
0.166666666666667	4	40	0.94
0.325	4	40	0.94
0.266666666666667	4	40	0.94
0.166666666666667	4	40	0.94
0.391304347826087	4	40	0.94
0.314285714285714	4	40	0.94
0.142857142857143	4	40	0.94
0.35	4	40	0.94
0.19047619047619	4	40	0.94
0.27906976744186	4	40	0.94
0.4	4	40	0.94
0.194444444444444	4	40	0.94
0.135135135135135	4	40	0.94
0.288888888888889	4	40	0.94
0.32258064516129	4	40	0.94
0.277777777777778	4	40	0.94
0.222222222222222	4	40	0.94
0.225	4	40	0.94
0.166666666666667	4	40	0.94
0.222222222222222	4	40	0.94
0.15	4	40	0.94
0.25	4	40	0.94
0.372093023255814	4	40	0.94
0.225	4	40	0.94
0.189189189189189	4	40	0.94
0.142857142857143	4	40	0.94
0.303030303030303	4	40	0.94
0.297297297297297	4	40	0.94
0.352941176470588	4	40	0.94
0.152173913043478	4	40	0.94
0.142857142857143	4	40	0.94
0.255813953488372	4	40	0.94
0.285714285714286	4	40	0.94
0.2	4	40	0.94
0.159090909090909	4	40	0.94
0.196078431372549	4	40	0.94
0.297297297297297	4	40	0.94
0.189189189189189	4	40	0.94
0.2	4	40	0.94
0.25	4	40	0.94
0.243243243243243	4	40	0.94
0.276595744680851	4	40	0.94
0.3125	4	40	0.94
0.285714285714286	4	40	0.94
0.339285714285714	4	40	0.94
0.195652173913043	4	40	0.94
0.153846153846154	4	40	0.94
0.162790697674419	4	40	0.94
0.225	4	40	0.94
0.15	4	40	0.94
0.333333333333333	4	40	0.94
0.303030303030303	4	40	0.94
0.303030303030303	4	40	0.94
0.137931034482759	4	40	0.94
0.222222222222222	4	40	0.94
0.146341463414634	4	40	0.94
0.3	4	40	0.94
0.142857142857143	4	40	0.94
0.169811320754717	4	40	0.94
0.264705882352941	4	40	0.94
0.177777777777778	4	40	0.94
0.2	4	40	0.94
0.227272727272727	4	40	0.94
0.151515151515152	4	40	0.94
0.146341463414634	4	40	0.94
0.176470588235294	4	40	0.94
0.238095238095238	4	40	0.94
0.181818181818182	4	40	0.94
0.170731707317073	4	40	0.94
0.145833333333333	4	40	0.94
0.214285714285714	4	40	0.94
0.19047619047619	4	40	0.94
0.186046511627907	4	40	0.94
0.285714285714286	4	40	0.94
0.137254901960784	4	40	0.94
0.211538461538462	4	40	0.94
0.125	4	40	0.94
0.261904761904762	4	40	0.94
0.25	4	40	0.94
0.32258064516129	4	40	0.94
0.257142857142857	4	40	0.94
0.131578947368421	4	40	0.94
0.19047619047619	4	40	0.94
0.382352941176471	4	40	0.94
0.244897959183673	4	40	0.94
0.208333333333333	4	40	0.94
0.225806451612903	4	40	0.94
0.222222222222222	4	40	0.94
0.214285714285714	4	40	0.94
0.269230769230769	4	40	0.94
0.219512195121951	4	40	0.94
0.153846153846154	4	40	0.94
0.18	4	40	0.94
0.277777777777778	4	40	0.94
0.241379310344828	4	40	0.94
0.195121951219512	4	40	0.94
0.16	4	40	0.94
0.266666666666667	4	40	0.94
0.282608695652174	4	40	0.94
0.122448979591837	4	40	0.94
0.266666666666667	4	40	0.94
0.324324324324324	4	40	0.94
0.24	4	40	0.94
0.212765957446809	4	40	0.94
0.255813953488372	4	40	0.94
0.115384615384615	4	40	0.94
0.238095238095238	4	40	0.94
0.205128205128205	4	40	0.94
0.204545454545455	4	40	0.94
0.214285714285714	4	40	0.94
0.166666666666667	4	40	0.94
0.25	4	40	0.94
0.222222222222222	4	40	0.94
0.210526315789474	4	40	0.94
0.375	4	40	0.94
0.325	4	40	0.94
0.179487179487179	4	40	0.94
0.142857142857143	4	40	0.94
0.157894736842105	4	40	0.94
0.225	4	40	0.94
0.43859649122807	4	40	0.94
0.236842105263158	4	40	0.94
0.189189189189189	4	40	0.94
0.230769230769231	4	40	0.94
0.413793103448276	4	40	0.94
0.121951219512195	4	40	0.94
0.325581395348837	4	40	0.94
0.161290322580645	4	40	0.94
0.146341463414634	4	40	0.94
0.230769230769231	4	40	0.94
0.127659574468085	4	40	0.94
0.266666666666667	4	40	0.94
0.170731707317073	4	40	0.94
0.170212765957447	4	40	0.94
0.227272727272727	4	40	0.94
0.238095238095238	4	40	0.94
0.2	4	40	0.94
0.27906976744186	4	40	0.94
0.341463414634146	4	40	0.94
0.163636363636364	4	40	0.94
0.194444444444444	4	40	0.94
0.212121212121212	4	40	0.94
0.184210526315789	4	40	0.94
0.296296296296296	4	40	0.94
0.222222222222222	4	40	0.94
0.157894736842105	4	40	0.94
0.170212765957447	4	40	0.94
0.25	4	40	0.94
0.189189189189189	4	40	0.94
0.105263157894737	4	40	0.94
0.137254901960784	4	40	0.94
0.15	4	40	0.94
0.433962264150943	4	40	0.94
0.19047619047619	4	40	0.94
0.25531914893617	4	40	0.94
0.1875	4	40	0.94
0.25	4	40	0.94
0.214285714285714	4	40	0.94
0.087719298245614	4	40	0.94
0.136363636363636	4	40	0.94
0.194444444444444	4	40	0.94
0.235294117647059	4	40	0.94
0.321428571428571	4	40	0.94
0.3	4	40	0.94
0.181818181818182	4	40	0.94
0.222222222222222	4	40	0.94
0.176470588235294	4	40	0.94
0.3	4	40	0.94
0.244897959183673	4	40	0.94
0.216216216216216	4	40	0.94
0.276595744680851	4	40	0.94
0.225	4	40	0.94
0.21875	4	40	0.94
0.205882352941176	4	40	0.94
0.234042553191489	4	40	0.94
0.238095238095238	4	40	0.94
0.321428571428571	4	40	0.94
0.175	4	40	0.94
0.227272727272727	4	40	0.94
0.204081632653061	4	40	0.94
0.171428571428571	4	40	0.94
0.294117647058824	4	40	0.94
0.214285714285714	4	40	0.94
0.272727272727273	4	40	0.94
0.205128205128205	4	40	0.94
0.15	4	40	0.94
0.173076923076923	4	40	0.94
0.3	4	40	0.94
0.136363636363636	4	40	0.94
0.368421052631579	4	40	0.94
0.25	4	40	0.94
0.13953488372093	4	40	0.94
0.244444444444444	4	40	0.94
0.224489795918367	4	40	0.94
0.392857142857143	4	40	0.94
0.16	4	40	0.94
0.147540983606557	4	40	0.94
0.278688524590164	4	40	0.94
0.157894736842105	4	40	0.94
0.193548387096774	4	40	0.94
0.2	4	40	0.94
0.155555555555556	4	40	0.94
0.235294117647059	4	40	0.94
0.181818181818182	4	40	0.94
0.210526315789474	4	40	0.94
0.511627906976744	4	40	0.94
0.238095238095238	4	40	0.94
0.25	4	40	0.94
0.222222222222222	4	40	0.94
0.282608695652174	4	40	0.94
0.233333333333333	4	40	0.94
0.184210526315789	4	40	0.94
0.2	4	40	0.94
0.277777777777778	4	40	0.94
0.195121951219512	4	40	0.94
0.195121951219512	4	40	0.94
0.119047619047619	4	40	0.94
0.148936170212766	4	40	0.94
0.104166666666667	4	40	0.94
0.171428571428571	4	40	0.94
0.192307692307692	4	40	0.94
0.325581395348837	4	40	0.94
0.282051282051282	4	40	0.94
0.354166666666667	4	40	0.94
0.130434782608696	4	40	0.94
0.170731707317073	4	40	0.94
0.2	4	40	0.94
0.166666666666667	4	40	0.94
0.591836734693878	4	40	0.94
0.2	4	40	0.94
0.233333333333333	4	40	0.94
0.404255319148936	4	40	0.94
0.171428571428571	4	40	0.94
0.151515151515152	4	40	0.94
0.181818181818182	4	40	0.94
0.176470588235294	4	40	0.94
0.115384615384615	4	40	0.94
0.1875	4	40	0.94
0.150943396226415	4	40	0.94
0.222222222222222	4	40	0.94
0.1875	4	40	0.94
0.234042553191489	4	40	0.94
0.2	4	40	0.94
0.235294117647059	4	40	0.94
0.375	4	40	0.94
0.230769230769231	4	40	0.94
0.244444444444444	4	40	0.94
0.27906976744186	4	40	0.94
0.204081632653061	4	40	0.94
0.275862068965517	4	40	0.94
0.195652173913043	4	40	0.94
0.257142857142857	4	40	0.94
0.1875	4	40	0.94
0.159090909090909	4	40	0.94
0.195121951219512	4	40	0.94
0.212121212121212	4	40	0.94
0.387096774193548	4	40	0.94
0.181818181818182	4	40	0.94
0.243243243243243	4	40	0.94
0.1875	4	40	0.94
0.219512195121951	4	40	0.94
0.108695652173913	4	40	0.94
0.132075471698113	4	40	0.94
0.148148148148148	4	40	0.94
0.195652173913043	4	40	0.94
0.19047619047619	4	40	0.94
0.179487179487179	4	40	0.94
0.157894736842105	4	40	0.94
0.133333333333333	4	40	0.94
0.225806451612903	4	40	0.94
0.1	4	40	0.94
0.333333333333333	4	40	0.94
0.194444444444444	4	40	0.94
0.2	4	40	0.94
0.19047619047619	4	40	0.94
0.24	4	40	0.94
0.189189189189189	4	40	0.94
0.205128205128205	4	40	0.94
0.159090909090909	4	40	0.94
0.71875	4	40	0.94
0.228571428571429	4	40	0.94
0.212765957446809	4	40	0.94
0.257142857142857	4	40	0.94
0.32258064516129	4	40	0.94
0.148936170212766	4	40	0.94
0.289473684210526	4	40	0.94
0.18	4	40	0.94
0.18	4	40	0.94
0.24390243902439	4	40	0.94
0.181818181818182	4	40	0.94
0.212765957446809	4	40	0.94
0.280701754385965	4	40	0.94
0.222222222222222	4	40	0.94
0.210526315789474	4	40	0.94
0.119047619047619	4	40	0.94
0.333333333333333	4	40	0.94
0.207547169811321	4	40	0.94
0.16	4	40	0.94
0.228571428571429	4	40	0.94
0.25	4	40	0.94
0.135135135135135	4	40	0.94
0.303030303030303	4	40	0.94
0.2	4	40	0.94
0.166666666666667	4	40	0.94
0.159090909090909	4	40	0.94
0.326086956521739	4	40	0.94
0.210526315789474	4	40	0.94
0.346938775510204	4	40	0.94
0.276595744680851	4	40	0.94
0.323529411764706	4	40	0.94
0.234042553191489	4	40	0.94
0.235294117647059	4	40	0.94
0.5	4	40	0.94
0.444444444444444	4	40	0.94
0.194444444444444	4	40	0.94
0.175438596491228	4	40	0.94
0.204545454545455	4	40	0.94
0.272727272727273	4	40	0.94
0.148936170212766	4	40	0.94
0.25	4	40	0.94
0.185185185185185	4	40	0.94
0.205882352941176	4	40	0.94
0.125	4	40	0.94
0.147058823529412	4	40	0.94
0.219512195121951	4	40	0.94
0.258064516129032	4	40	0.94
0.176470588235294	4	40	0.94
0.4	4	40	0.94
0.303030303030303	4	40	0.94
0.142857142857143	4	40	0.94
0.166666666666667	4	40	0.94
0.264705882352941	4	40	0.94
0.184210526315789	4	40	0.94
0.209302325581395	4	40	0.94
0.142857142857143	4	40	0.94
0.30952380952381	4	40	0.94
0.204081632653061	4	40	0.94
0.195652173913043	4	40	0.94
0.2	4	40	0.94
0.212121212121212	4	40	0.94
0.276595744680851	4	40	0.94
0.27906976744186	4	40	0.94
0.184210526315789	4	40	0.94
0.571428571428571	4	40	0.94
0.25	4	40	0.94
0.172413793103448	4	40	0.94
0.318181818181818	4	40	0.94
0.127659574468085	4	40	0.94
0.230769230769231	4	40	0.94
0.214285714285714	4	40	0.94
0.170731707317073	4	40	0.94
0.255813953488372	4	40	0.94
0.371428571428571	4	40	0.94
0.196078431372549	4	40	0.94
0.309090909090909	4	40	0.94
0.277777777777778	4	40	0.94
0.206896551724138	4	40	0.94
0.318181818181818	4	40	0.94
0.344827586206897	4	40	0.94
0.24390243902439	4	40	0.94
0.27027027027027	4	40	0.94
0.1875	4	40	0.94
0.19047619047619	4	40	0.94
0.490566037735849	4	40	0.94
0.113636363636364	4	40	0.94
0.292682926829268	4	40	0.94
0.181818181818182	4	40	0.94
0.307692307692308	4	40	0.94
0.216216216216216	4	40	0.94
0.25	4	40	0.94
0.289473684210526	4	40	0.94
0.258620689655172	4	40	0.94
0.177777777777778	4	40	0.94
0.166666666666667	4	40	0.94
0.32258064516129	4	40	0.94
0.18	4	40	0.94
0.212765957446809	4	40	0.94
0.291666666666667	4	40	0.94
0.225	4	40	0.94
0.292682926829268	4	40	0.94
0.323529411764706	4	40	0.94
0.259259259259259	4	40	0.94
0.25	4	40	0.94
0.275	4	40	0.94
0.30952380952381	4	40	0.94
0.25	4	40	0.94
0.222222222222222	4	40	0.94
0.173913043478261	4	40	0.94
0.260869565217391	4	40	0.94
0.244897959183673	4	40	0.94
0.25	4	40	0.94
0.285714285714286	4	40	0.94
0.153846153846154	4	40	0.94
0.173913043478261	4	40	0.94
0.157894736842105	4	40	0.94
0.142857142857143	4	40	0.94
0.148936170212766	4	40	0.94
0.108695652173913	4	40	0.94
0.239130434782609	4	40	0.94
0.25	4	40	0.94
0.217391304347826	4	40	0.94
0.230769230769231	4	40	0.94
0.261904761904762	4	40	0.94
0.461538461538462	4	40	0.94
0.145833333333333	4	40	0.94
0.26	4	40	0.94
0.179487179487179	4	40	0.94
0.170731707317073	4	40	0.94
0.157894736842105	4	40	0.94
0.184210526315789	4	40	0.94
0.239130434782609	4	40	0.94
0.222222222222222	4	40	0.94
0.263157894736842	4	40	0.94
0.285714285714286	4	40	0.94
0.162162162162162	4	40	0.94
0.24	4	40	0.94
0.25	4	40	0.94
0.244444444444444	4	40	0.94
0.146341463414634	4	40	0.94
0.114285714285714	4	40	0.94
0.204545454545455	4	40	0.94
0.245901639344262	4	40	0.94
0.302325581395349	4	40	0.94
0.19047619047619	4	40	0.94
0.184210526315789	4	40	0.94
0.384615384615385	4	40	0.94
0.142857142857143	4	40	0.94
0.210526315789474	4	40	0.94
0.225	4	40	0.94
0.441860465116279	4	40	0.94
0.253968253968254	4	40	0.94
0.263157894736842	4	40	0.94
0.216216216216216	4	40	0.94
0.238095238095238	4	40	0.94
0.214285714285714	4	40	0.94
0.274509803921569	4	40	0.94
0.291666666666667	4	40	0.94
0.204545454545455	4	40	0.94
0.27027027027027	4	40	0.94
0.27906976744186	4	40	0.94
0.135135135135135	4	40	0.94
0.25	4	40	0.94
0.183333333333333	4	40	0.94
0.216216216216216	4	40	0.94
0.394736842105263	4	40	0.94
0.24	4	40	0.94
0.207547169811321	4	40	0.94
0.214285714285714	4	40	0.94
0.261904761904762	4	40	0.94
0.236842105263158	4	40	0.94
0.233333333333333	4	40	0.94
0.585365853658537	4	40	0.94
0.227272727272727	4	40	0.94
0.146341463414634	4	40	0.94
0.19047619047619	4	40	0.94
0.163265306122449	4	40	0.94
0.230769230769231	4	40	0.94
0.277777777777778	4	40	0.94
0.208333333333333	4	40	0.94
0.15	4	40	0.94
0.146341463414634	4	40	0.94
0.146341463414634	4	40	0.94
0.166666666666667	4	40	0.94
0.25	4	40	0.94
0.171428571428571	4	40	0.94
0.162790697674419	4	40	0.94
0.239130434782609	4	40	0.94
0.191489361702128	4	40	0.94
0.315789473684211	4	40	0.94
0.333333333333333	4	40	0.94
0.209302325581395	4	40	0.94
0.2	4	40	0.94
0.176470588235294	4	40	0.94
0.188679245283019	4	40	0.94
0.122448979591837	4	40	0.94
0.24390243902439	4	40	0.94
0.222222222222222	4	40	0.94
0.166666666666667	4	40	0.94
0.2	4	40	0.94
0.222222222222222	4	40	0.94
0.205882352941176	4	40	0.94
0.22	4	40	0.94
0.340909090909091	4	40	0.94
0.204545454545455	4	40	0.94
0.24390243902439	4	40	0.94
0.24390243902439	4	40	0.94
0.176470588235294	4	40	0.94
0.121212121212121	4	40	0.94
0.2	4	40	0.94
0.109090909090909	4	40	0.94
0.138888888888889	4	40	0.94
0.433333333333333	4	40	0.94
0.288461538461538	4	40	0.94
0.416666666666667	4	40	0.94
0.228571428571429	4	40	0.94
0.266666666666667	4	40	0.94
0.242424242424242	4	40	0.94
0.161290322580645	4	40	0.94
0.162162162162162	4	40	0.94
0.233333333333333	4	40	0.94
0.25	4	40	0.94
0.151515151515152	4	40	0.94
0.212121212121212	4	40	0.94
0.230769230769231	4	40	0.94
0.227272727272727	4	40	0.94
0.217391304347826	4	40	0.94
0.574468085106383	4	40	0.94
0.1875	4	40	0.94
0.303030303030303	4	40	0.94
0.169811320754717	4	40	0.94
0.25	4	40	0.94
0.578947368421053	4	40	0.94
0.264705882352941	4	40	0.94
0.268292682926829	4	40	0.94
0.234042553191489	4	40	0.94
0.146341463414634	4	40	0.94
0.239130434782609	4	40	0.94
0.333333333333333	4	40	0.94
0.181818181818182	4	40	0.94
0.206896551724138	4	40	0.94
0.204545454545455	4	40	0.94
0.458333333333333	4	40	0.94
0.303030303030303	4	40	0.94
0.14	4	40	0.94
0.184210526315789	4	40	0.94
0.28125	4	40	0.94
0.315789473684211	4	40	0.94
0.333333333333333	4	40	0.94
0.304347826086957	4	40	0.94
0.2	4	40	0.94
0.209302325581395	4	40	0.94
0.186046511627907	4	40	0.94
0.24	4	40	0.94
0.313725490196078	4	40	0.94
0.121951219512195	4	40	0.94
0.210526315789474	4	40	0.94
0.25	4	40	0.94
0.174603174603175	4	40	0.94
0.234042553191489	4	40	0.94
0.459459459459459	4	40	0.94
0.136363636363636	4	40	0.94
0.318181818181818	4	40	0.94
0.324324324324324	4	40	0.94
0.243243243243243	4	40	0.94
0.170212765957447	4	40	0.94
0.324324324324324	4	40	0.94
0.230769230769231	4	40	0.94
0.217391304347826	4	40	0.94
0.204545454545455	4	40	0.94
0.285714285714286	4	40	0.94
0.3	4	40	0.94
0.32258064516129	4	40	0.94
0.162790697674419	4	40	0.94
0.184210526315789	4	40	0.94
0.307692307692308	4	40	0.94
0.604166666666667	4	40	0.94
0.225806451612903	4	40	0.94
0.209302325581395	4	40	0.94
0.166666666666667	4	40	0.94
0.184210526315789	4	40	0.94
0.27906976744186	4	40	0.94
0.166666666666667	4	40	0.94
0.282051282051282	4	40	0.94
0.181818181818182	4	40	0.94
0.172413793103448	4	40	0.94
0.159090909090909	4	40	0.94
0.24390243902439	4	40	0.94
0.170731707317073	4	40	0.94
0.25	4	40	0.94
0.297297297297297	4	40	0.94
0.121951219512195	4	40	0.94
0.166666666666667	4	40	0.94
0.258064516129032	4	40	0.94
0.303030303030303	4	40	0.94
0.285714285714286	4	40	0.94
0.13953488372093	4	40	0.94
0.157894736842105	4	40	0.94
0.288888888888889	4	40	0.94
0.179487179487179	4	40	0.94
0.236363636363636	4	40	0.94
0.241379310344828	4	40	0.94
0.5	4	40	0.94
0.282051282051282	4	40	0.94
0.297872340425532	4	40	0.94
0.206896551724138	4	40	0.94
0.195652173913043	4	40	0.94
0.125	4	40	0.94
0.136363636363636	4	40	0.94
0.214285714285714	4	40	0.94
0.152173913043478	4	40	0.94
0.315789473684211	4	40	0.94
0.296296296296296	4	40	0.94
0.222222222222222	4	40	0.94
0.323529411764706	4	40	0.94
0.363636363636364	4	40	0.94
0.228571428571429	4	40	0.94
0.179487179487179	4	40	0.94
0.303030303030303	4	40	0.94
0.172413793103448	4	40	0.94
0.166666666666667	4	40	0.94
0.351351351351351	4	40	0.94
0.159090909090909	4	40	0.94
0.222222222222222	4	40	0.94
0.181818181818182	4	40	0.94
0.224489795918367	4	40	0.94
0.323529411764706	4	40	0.94
0.146341463414634	4	40	0.94
0.25	4	40	0.94
0.195121951219512	4	40	0.94
0.171428571428571	4	40	0.94
0.2	4	40	0.94
0.211538461538462	4	40	0.94
0.275	4	40	0.94
0.285714285714286	4	40	0.94
0.153846153846154	4	40	0.94
0.176470588235294	4	40	0.94
0.25	4	40	0.94
0.204545454545455	4	40	0.94
0.239130434782609	4	40	0.94
0.257142857142857	4	40	0.94
0.238095238095238	4	40	0.94
0.155555555555556	4	40	0.94
0.146341463414634	4	40	0.94
0.593220338983051	4	40	0.94
0.243243243243243	4	40	0.94
0.238095238095238	4	40	0.94
0.545454545454545	4	40	0.94
0.266666666666667	4	40	0.94
0.266666666666667	4	40	0.94
0.146341463414634	4	40	0.94
0.25	4	40	0.94
0.1875	4	40	0.94
0.170731707317073	4	40	0.94
0.166666666666667	4	40	0.94
0.217391304347826	4	40	0.94
0.25	4	40	0.94
0.285714285714286	4	40	0.94
0.1875	4	40	0.94
0.225	4	40	0.94
0.225806451612903	4	40	0.94
0.282051282051282	4	40	0.94
0.3	4	40	0.94
0.181818181818182	4	40	0.94
0.162162162162162	4	40	0.94
0.3	4	40	0.94
0.146341463414634	4	40	0.94
0.233333333333333	4	40	0.94
0.304347826086957	4	40	0.94
0.290322580645161	4	40	0.94
0.135135135135135	4	40	0.94
0.435897435897436	4	40	0.94
0.28	4	40	0.94
0.19047619047619	4	40	0.94
0.25	4	40	0.94
0.414634146341463	4	40	0.94
0.276595744680851	4	40	0.94
0.315789473684211	4	40	0.94
0.117647058823529	4	40	0.94
0.206896551724138	4	40	0.94
0.258064516129032	4	40	0.94
0.166666666666667	4	40	0.94
0.130434782608696	4	40	0.94
0.285714285714286	4	40	0.94
0.530612244897959	4	40	0.94
0.133333333333333	4	40	0.94
0.166666666666667	4	40	0.94
0.218181818181818	4	40	0.94
0.222222222222222	4	40	0.94
0.232558139534884	4	40	0.94
0.2	4	40	0.94
0.166666666666667	4	40	0.94
0.3125	4	40	0.94
0.239130434782609	4	40	0.94
0.157894736842105	4	40	0.94
0.2	4	40	0.94
0.238095238095238	4	40	0.94
0.261904761904762	4	40	0.94
0.25	4	40	0.94
0.245283018867925	4	40	0.94
0.463414634146341	4	40	0.94
0.153846153846154	4	40	0.94
0.238095238095238	4	40	0.94
0.181818181818182	4	40	0.94
0.155555555555556	4	40	0.94
0.368421052631579	4	40	0.94
0.260869565217391	4	40	0.94
0.189189189189189	4	40	0.94
0.27027027027027	4	40	0.94
0.184210526315789	4	40	0.94
0.225806451612903	4	40	0.94
0.275	4	40	0.94
0.152173913043478	4	40	0.94
0.230769230769231	4	40	0.94
0.191489361702128	4	40	0.94
0.175	4	40	0.94
0.24390243902439	4	40	0.94
0.264705882352941	4	40	0.94
0.261904761904762	4	40	0.94
0.2	4	40	0.94
0.357142857142857	4	40	0.94
0.314285714285714	4	40	0.94
0.163265306122449	4	40	0.94
0.166666666666667	4	40	0.94
0.375	4	40	0.94
0.195652173913043	4	40	0.94
0.307692307692308	4	40	0.94
0.111111111111111	4	40	0.94
0.344827586206897	4	40	0.94
0.214285714285714	4	40	0.94
0.25	4	40	0.94
0.307692307692308	4	40	0.94
0.16	4	40	0.94
0.153846153846154	4	40	0.94
0.25	4	40	0.94
0.25	4	40	0.94
0.153846153846154	4	40	0.94
0.170731707317073	4	40	0.94
0.186046511627907	4	40	0.94
0.212121212121212	4	40	0.94
0.195121951219512	4	40	0.94
0.13953488372093	4	40	0.94
0.181818181818182	4	40	0.94
0.228571428571429	4	40	0.94
0.184210526315789	4	40	0.94
0.419354838709677	4	40	0.94
0.185185185185185	4	40	0.94
0.15	4	40	0.94
0.333333333333333	4	40	0.94
0.26530612244898	4	40	0.94
0.210526315789474	4	40	0.94
0.285714285714286	4	40	0.94
0.394736842105263	4	40	0.94
0.156862745098039	4	40	0.94
0.208333333333333	4	40	0.94
0.342857142857143	4	40	0.94
0.2	4	40	0.94
0.2	4	40	0.94
0.222222222222222	4	40	0.94
0.195652173913043	4	40	0.94
0.15	4	40	0.94
0.230769230769231	4	40	0.94
0.235294117647059	4	40	0.94
0.148936170212766	4	40	0.94
0.175	4	40	0.94
0.228571428571429	4	40	0.94
0.333333333333333	4	40	0.94
0.136363636363636	4	40	0.94
0.185185185185185	4	40	0.94
0.156862745098039	4	40	0.94
0.19047619047619	4	40	0.94
0.157894736842105	4	40	0.94
0.16	4	40	0.94
0.173913043478261	4	40	0.94
0.175	4	40	0.94
0.186046511627907	4	40	0.94
0.232558139534884	4	40	0.94
0.256410256410256	4	40	0.94
0.27027027027027	4	40	0.94
0.181818181818182	4	40	0.94
0.212121212121212	4	40	0.94
0.11864406779661	4	40	0.94
0.235294117647059	4	40	0.94
0.153846153846154	4	40	0.94
0.307692307692308	4	40	0.94
0.151515151515152	4	40	0.94
0.25	4	40	0.94
0.19047619047619	4	40	0.94
0.142857142857143	4	40	0.94
0.210526315789474	4	40	0.94
0.222222222222222	4	40	0.94
0.2	4	40	0.94
0.204545454545455	4	40	0.94
0.215686274509804	4	40	0.94
0.170212765957447	4	40	0.94
0.483870967741935	4	40	0.94
0.166666666666667	4	40	0.94
0.266666666666667	4	40	0.94
0.25	4	40	0.94
0.344827586206897	4	40	0.94
0.383333333333333	4	40	0.94
0.315789473684211	4	40	0.94
0.244897959183673	4	40	0.94
0.135135135135135	4	40	0.94
0.186046511627907	4	40	0.94
0.6	4	40	0.94
0.357142857142857	4	40	0.94
0.357142857142857	4	40	0.94
0.209302325581395	4	40	0.94
0.27027027027027	4	40	0.94
0.255813953488372	4	40	0.94
0.232558139534884	4	40	0.94
0.2	4	40	0.94
0.285714285714286	4	40	0.94
0.275	4	40	0.94
0.156862745098039	4	40	0.94
0.18	4	40	0.94
0.275862068965517	4	40	0.94
0.152173913043478	4	40	0.94
0.212121212121212	4	40	0.94
0.195652173913043	4	40	0.94
0.173913043478261	4	40	0.94
0.170731707317073	4	40	0.94
0.177777777777778	4	40	0.94
0.122448979591837	4	40	0.94
0.162162162162162	4	40	0.94
0.224489795918367	4	40	0.94
0.186046511627907	4	40	0.94
0.2	4	40	0.94
0.19047619047619	4	40	0.94
0.416666666666667	4	40	0.94
0.19047619047619	4	40	0.94
0.235294117647059	4	40	0.94
0.268292682926829	4	40	0.94
0.19047619047619	4	40	0.94
0.32	4	40	0.94
0.193548387096774	4	40	0.94
0.219512195121951	4	40	0.94
0.238095238095238	4	40	0.94
0.212765957446809	4	40	0.94
0.162790697674419	4	40	0.94
0.292682926829268	4	40	0.94
0.184210526315789	4	40	0.94
0.212765957446809	4	40	0.94
0.27027027027027	4	40	0.94
0.229166666666667	4	40	0.94
0.255813953488372	4	40	0.94
0.142857142857143	4	40	0.94
0.216216216216216	4	40	0.94
0.3	4	40	0.94
0.142857142857143	4	40	0.94
0.194444444444444	4	40	0.94
0.195652173913043	4	40	0.94
0.195652173913043	4	40	0.94
0.276595744680851	4	40	0.94
0.16	4	40	0.94
0.181818181818182	4	40	0.94
0.216216216216216	4	40	0.94
0.189189189189189	4	40	0.94
0.264705882352941	4	40	0.94
0.217391304347826	4	40	0.94
0.256410256410256	4	40	0.94
0.133333333333333	4	40	0.94
0.153846153846154	4	40	0.94
0.125	4	40	0.94
0.229166666666667	4	40	0.94
0.219512195121951	4	40	0.94
0.107142857142857	4	40	0.94
0.225806451612903	4	40	0.94
0.205882352941176	4	40	0.94
0.205128205128205	4	40	0.94
0.289473684210526	4	40	0.94
0.166666666666667	4	40	0.94
0.560975609756098	4	40	0.94
0.205128205128205	4	40	0.94
0.204081632653061	4	40	0.94
0.2	4	40	0.94
0.137254901960784	4	40	0.94
0.2	4	40	0.94
0.216216216216216	4	40	0.94
0.294117647058824	4	40	0.94
0.225806451612903	4	40	0.94
0.148936170212766	4	40	0.94
0.170731707317073	4	40	0.94
0.178571428571429	4	40	0.94
0.121951219512195	4	40	0.94
0.148936170212766	4	40	0.94
0.13953488372093	4	40	0.94
0.230769230769231	4	40	0.94
0.285714285714286	4	40	0.94
0.136363636363636	4	40	0.94
0.175	4	40	0.94
0.25	4	40	0.94
0.324324324324324	4	40	0.94
0.181818181818182	4	40	0.94
0.266666666666667	4	40	0.94
0.228571428571429	4	40	0.94
0.296296296296296	4	40	0.94
0.388888888888889	4	40	0.94
0.404761904761905	4	40	0.94
0.25	4	40	0.94
0.25	4	40	0.94
0.209302325581395	4	40	0.94
0.14	4	40	0.94
0.261904761904762	4	40	0.94
0.296296296296296	4	40	0.94
0.212121212121212	4	40	0.94
0.238095238095238	4	40	0.94
0.2	4	40	0.94
0.148936170212766	4	40	0.94
0.177777777777778	4	40	0.94
0.152173913043478	4	40	0.94
0.157894736842105	4	40	0.94
0.170731707317073	4	40	0.94
0.162162162162162	4	40	0.94
0.3125	4	40	0.94
0.146341463414634	4	40	0.94
0.189189189189189	4	40	0.94
0.235294117647059	4	40	0.94
0.148148148148148	4	40	0.94
0.306122448979592	4	40	0.94
0.27027027027027	4	40	0.94
0.203703703703704	4	40	0.94
0.302325581395349	4	40	0.94
0.24	4	40	0.94
0.64	4	40	0.94
0.263157894736842	4	40	0.94
0.241379310344828	4	40	0.94
0.205128205128205	4	40	0.94
0.12	4	40	0.94
0.216216216216216	4	40	0.94
0.452380952380952	4	40	0.94
0.264705882352941	4	40	0.94
0.222222222222222	4	40	0.94
0.175	4	40	0.94
0.236363636363636	4	40	0.94
0.215686274509804	4	40	0.94
0.219512195121951	4	40	0.94
0.227272727272727	4	40	0.94
0.15	4	40	0.94
0.166666666666667	4	40	0.94
0.26530612244898	4	40	0.94
0.2	4	40	0.94
0.156862745098039	4	40	0.94
0.224489795918367	4	40	0.94
0.303030303030303	4	40	0.94
0.215686274509804	4	40	0.94
0.22	4	40	0.94
0.368421052631579	4	40	0.94
0.222222222222222	4	40	0.94
0.162162162162162	4	40	0.94
0.181818181818182	4	40	0.94
0.210526315789474	4	40	0.94
0.2	4	40	0.94
0.235294117647059	4	40	0.94
0.136363636363636	4	40	0.94
0.239130434782609	4	40	0.94
0.1875	4	40	0.94
0.311111111111111	4	40	0.94
0.303030303030303	4	40	0.94
0.285714285714286	4	40	0.94
0.215686274509804	4	40	0.94
0.206896551724138	4	40	0.94
0.153846153846154	4	40	0.94
0.578947368421053	4	40	0.94
0.157894736842105	4	40	0.94
0.192982456140351	4	40	0.94
0.292682926829268	4	40	0.94
0.224489795918367	4	40	0.94
0.204545454545455	4	40	0.94
0.310344827586207	4	40	0.94
0.444444444444444	4	40	0.94
0.186046511627907	4	40	0.94
0.152173913043478	4	40	0.94
0.116666666666667	4	40	0.94
0.3125	4	40	0.94
0.21875	4	40	0.94
0.254237288135593	4	40	0.94
0.204081632653061	4	40	0.94
0.166666666666667	4	40	0.94
0.25	4	40	0.94
0.170731707317073	4	40	0.94
0.24390243902439	4	40	0.94
0.34375	4	40	0.94
0.25	4	40	0.94
0.162790697674419	4	40	0.94
0.150943396226415	4	40	0.94
0.230769230769231	4	40	0.94
0.225806451612903	4	40	0.94
0.256410256410256	4	40	0.94
0.129032258064516	4	40	0.94
0.157894736842105	4	40	0.94
0.24390243902439	4	40	0.94
0.285714285714286	4	40	0.94
0.203703703703704	4	40	0.94
0.222222222222222	4	40	0.94
0.2	4	40	0.94
0.176470588235294	4	40	0.94
0.163934426229508	4	40	0.94
0.212121212121212	4	40	0.94
0.333333333333333	4	40	0.94
0.272727272727273	4	40	0.94
0.333333333333333	4	40	0.94
0.16	4	40	0.94
0.219512195121951	4	40	0.94
0.226415094339623	4	40	0.94
0.243243243243243	4	40	0.94
0.19047619047619	4	40	0.94
0.209302325581395	4	40	0.94
0.129032258064516	4	40	0.94
0.228571428571429	4	40	0.94
0.18	4	40	0.94
0.216216216216216	4	40	0.94
0.137254901960784	4	40	0.94
0.136363636363636	4	40	0.94
0.216216216216216	4	40	0.94
0.24	4	40	0.94
0.325581395348837	4	40	0.94
0.205882352941176	4	40	0.94
0.203703703703704	4	40	0.94
0.16	4	40	0.94
0.15	4	40	0.94
0.171428571428571	4	40	0.94
0.175	4	40	0.94
0.27027027027027	4	40	0.94
0.225	4	40	0.94
0.147058823529412	4	40	0.94
0.158730158730159	4	40	0.94
0.105263157894737	4	40	0.94
0.140625	4	40	0.94
0.181818181818182	4	40	0.94
0.130434782608696	4	40	0.94
0.219512195121951	4	40	0.94
0.15	4	40	0.94
0.241379310344828	4	40	0.94
0.166666666666667	4	40	0.94
0.132075471698113	4	40	0.94
0.230769230769231	4	40	0.94
0.181818181818182	4	40	0.94
0.210526315789474	4	40	0.94
0.296296296296296	4	40	0.94
0.285714285714286	4	40	0.94
0.261904761904762	4	40	0.94
0.261904761904762	4	40	0.94
0.125	4	40	0.94
0.176470588235294	4	40	0.94
0.292682926829268	4	40	0.94
0.375	4	40	0.94
0.25	4	40	0.94
0.357142857142857	4	40	0.94
0.21875	4	40	0.94
0.212121212121212	4	40	0.94
0.166666666666667	4	40	0.94
0.225	4	40	0.94
0.361111111111111	4	40	0.94
0.125	4	40	0.94
0.179487179487179	4	40	0.94
0.193548387096774	4	40	0.94
0.24390243902439	4	40	0.94
0.25	4	40	0.94
0.195121951219512	4	40	0.94
0.28125	4	40	0.94
0.170212765957447	4	40	0.94
0.222222222222222	4	40	0.94
0.34375	4	40	0.94
0.25	4	40	0.94
0.151515151515152	4	40	0.94
0.243243243243243	4	40	0.94
0.230769230769231	4	40	0.94
0.227272727272727	4	40	0.94
0.181818181818182	4	40	0.94
0.28	4	40	0.94
0.207547169811321	4	40	0.94
0.138888888888889	4	40	0.94
0.173913043478261	4	40	0.94
0.12	4	40	0.94
0.107142857142857	4	40	0.94
0.193548387096774	4	40	0.94
0.195652173913043	4	40	0.94
0.193548387096774	4	40	0.94
0.25	4	40	0.94
0.55	4	40	0.94
0.3	4	40	0.94
0.3125	4	40	0.94
0.166666666666667	4	40	0.94
0.235294117647059	4	40	0.94
0.297297297297297	4	40	0.94
0.175	4	40	0.94
0.193548387096774	4	40	0.94
0.368421052631579	4	40	0.94
0.213114754098361	4	40	0.94
0.292682926829268	4	40	0.94
0.224489795918367	4	40	0.94
0.407407407407407	4	40	0.94
0.25	4	40	0.94
0.148148148148148	4	40	0.94
0.241379310344828	4	40	0.94
0.127272727272727	4	40	0.94
0.125	4	40	0.94
0.146341463414634	4	40	0.94
0.195652173913043	4	40	0.94
0.238095238095238	4	40	0.94
0.459016393442623	4	40	0.94
0.166666666666667	4	40	0.94
0.192307692307692	4	40	0.94
0.392857142857143	4	40	0.94
0.230769230769231	4	40	0.94
0.3	4	40	0.94
0.130434782608696	4	40	0.94
0.166666666666667	4	40	0.94
0.15	4	40	0.94
0.25	4	40	0.94
0.333333333333333	4	40	0.94
0.212121212121212	4	40	0.94
0.428571428571429	4	40	0.94
0.24	4	40	0.94
0.323529411764706	4	40	0.94
0.114285714285714	4	40	0.94
0.235294117647059	4	40	0.94
0.302325581395349	4	40	0.94
0.186046511627907	4	40	0.94
0.214285714285714	4	40	0.94
0.212765957446809	4	40	0.94
0.377358490566038	4	40	0.94
0.155555555555556	4	40	0.94
0.313725490196078	4	40	0.94
0.510204081632653	4	40	0.94
0.358974358974359	4	40	0.94
0.456521739130435	4	40	0.94
0.272727272727273	4	40	0.94
0.302325581395349	4	40	0.94
0.365853658536585	4	40	0.94
0.219512195121951	4	40	0.94
0.25	4	40	0.94
0.341463414634146	4	40	0.94
0.21875	4	40	0.94
0.25	4	40	0.94
0.264705882352941	4	40	0.94
0.428571428571429	4	40	0.94
0.228571428571429	4	40	0.94
0.333333333333333	4	40	0.94
0.195121951219512	4	40	0.94
0.2	4	40	0.94
0.340425531914894	4	40	0.94
0.175	4	40	0.94
0.461538461538462	4	40	0.94
0.157894736842105	4	40	0.94
0.344827586206897	4	40	0.94
0.485714285714286	4	40	0.94
0.195121951219512	4	40	0.94
0.153846153846154	4	40	0.94
0.666666666666667	4	40	0.94
0.28125	4	40	0.94
0.232558139534884	4	40	0.94
0.3	4	40	0.94
0.241379310344828	4	40	0.94
0.14	4	40	0.94
0.3125	4	40	0.94
0.156862745098039	4	40	0.94
0.166666666666667	4	40	0.94
0.192982456140351	4	40	0.94
0.163636363636364	4	40	0.94
0.205128205128205	4	40	0.94
0.194444444444444	4	40	0.94
0.169811320754717	4	40	0.94
0.210526315789474	4	40	0.94
0.227272727272727	4	40	0.94
0.24	4	40	0.94
0.210526315789474	4	40	0.94
0.282608695652174	4	40	0.94
0.230769230769231	4	40	0.94
0.293103448275862	4	40	0.94
0.184210526315789	4	40	0.94
0.296296296296296	4	40	0.94
