VAF	CN	avg.depth	purity
0.166666666666667	1	18	1
1	1	18	1
0.944444444444444	1	18	1
0.833333333333333	1	18	1
0.91304347826087	1	18	1
0.904761904761905	1	18	1
0.666666666666667	1	18	1
0.548387096774194	2	39	1
0.535714285714286	2	39	1
0.434782608695652	2	39	1
0.2	2	39	1
0.206896551724138	2	39	1
0.2	2	39	1
0.625	2	39	1
0.419354838709677	2	39	1
0.222222222222222	2	39	1
0.490566037735849	2	39	1
0.4	2	39	1
0.45	2	39	1
0.473684210526316	2	39	1
0.596153846153846	2	39	1
0.1875	2	39	1
0.305555555555556	2	39	1
0.466666666666667	2	39	1
0.404255319148936	2	39	1
0.366666666666667	2	39	1
0.135135135135135	2	39	1
0.395348837209302	2	39	1
0.452380952380952	2	39	1
0.387096774193548	2	39	1
0.48780487804878	2	39	1
0.259259259259259	2	39	1
0.657142857142857	2	39	1
0.585365853658537	2	39	1
0.534883720930233	2	39	1
0.585365853658537	2	39	1
0.388888888888889	2	39	1
0.514285714285714	2	39	1
0.431818181818182	2	39	1
0.487179487179487	2	39	1
0.421052631578947	2	39	1
0.5	2	39	1
0.448275862068966	2	39	1
0.684210526315789	2	39	1
0.378378378378378	2	39	1
0.4	2	39	1
0.655172413793103	2	39	1
0.339622641509434	2	39	1
0.4	2	39	1
0.380952380952381	2	39	1
0.354166666666667	2	39	1
0.585365853658537	2	39	1
0.476190476190476	2	39	1
0.522727272727273	2	39	1
0.538461538461538	2	39	1
0.305555555555556	2	39	1
0.432432432432432	2	39	1
0.380952380952381	2	39	1
0.379310344827586	2	39	1
0.380952380952381	2	39	1
0.48	2	39	1
0.5	2	39	1
0.142857142857143	2	39	1
0.407407407407407	2	39	1
0.46875	2	39	1
0.448275862068966	2	39	1
0.230769230769231	2	39	1
0.421052631578947	2	39	1
0.285714285714286	2	39	1
0.609756097560976	2	39	1
0.444444444444444	2	39	1
0.605263157894737	2	39	1
0.142857142857143	2	39	1
0.627906976744186	2	39	1
0.428571428571429	2	39	1
0.588235294117647	2	39	1
0.441176470588235	2	39	1
0.5	2	39	1
0.375	2	39	1
0.608695652173913	2	39	1
0.395833333333333	2	39	1
0.604651162790698	2	39	1
0.461538461538462	2	39	1
0.26027397260274	2	39	1
0.525	2	39	1
0.244444444444444	2	39	1
0.16	2	39	1
0.666666666666667	2	39	1
0.588235294117647	2	39	1
0.176470588235294	2	39	1
0.545454545454545	2	39	1
0.40625	2	39	1
0.363636363636364	2	39	1
0.522727272727273	2	39	1
0.457142857142857	2	39	1
0.411764705882353	2	39	1
0.490566037735849	2	39	1
0.441176470588235	2	39	1
0.351351351351351	2	39	1
0.514285714285714	2	39	1
0.517241379310345	2	39	1
0.529411764705882	2	39	1
0.418604651162791	2	39	1
0.162162162162162	2	39	1
0.435897435897436	2	39	1
0.463414634146341	2	39	1
0.48	2	39	1
0.666666666666667	2	39	1
0.181818181818182	2	39	1
0.666666666666667	2	39	1
0.320754716981132	2	39	1
0.375	2	39	1
0.636363636363636	2	39	1
0.482142857142857	2	39	1
0.5	2	39	1
0.431818181818182	2	39	1
0.377777777777778	2	39	1
0.1875	2	39	1
0.272727272727273	2	39	1
0.260869565217391	2	39	1
0.485714285714286	2	39	1
0.355555555555556	2	39	1
0.30952380952381	2	39	1
0.514285714285714	2	39	1
0.4	2	39	1
0.558823529411765	2	39	1
0.567567567567568	2	39	1
0.35	2	39	1
0.469387755102041	2	39	1
0.384615384615385	2	39	1
0.450980392156863	2	39	1
0.471698113207547	2	39	1
0.372093023255814	2	39	1
0.666666666666667	2	39	1
0.36	2	39	1
0.1875	2	39	1
0.4	2	39	1
0.48	2	39	1
0.451612903225806	2	39	1
0.355555555555556	2	39	1
0.5	2	39	1
0.386363636363636	2	39	1
0.375	2	39	1
0.431818181818182	2	39	1
0.446428571428571	2	39	1
0.142857142857143	2	39	1
0.414634146341463	2	39	1
0.581395348837209	2	39	1
0.581395348837209	2	39	1
0.13953488372093	2	39	1
0.5	2	39	1
0.4	2	39	1
0.450980392156863	2	39	1
0.48780487804878	2	39	1
0.543478260869565	2	39	1
0.564102564102564	2	39	1
0.342105263157895	2	39	1
0.39622641509434	2	39	1
0.4375	2	39	1
0.666666666666667	2	39	1
0.392857142857143	2	39	1
0.446808510638298	2	39	1
0.388888888888889	2	39	1
0.536585365853659	2	39	1
0.575	2	39	1
0.571428571428571	2	39	1
0.587301587301587	2	39	1
0.591836734693878	2	39	1
0.478260869565217	2	39	1
0.486486486486487	2	39	1
0.473684210526316	2	39	1
0.511627906976744	2	39	1
0.65625	2	39	1
0.486486486486487	2	39	1
0.161290322580645	2	39	1
0.387096774193548	2	39	1
0.470588235294118	2	39	1
0.511111111111111	2	39	1
0.520833333333333	2	39	1
0.456140350877193	2	39	1
0.285714285714286	2	39	1
0.469387755102041	2	39	1
0.224489795918367	2	39	1
0.553191489361702	2	39	1
0.408163265306122	2	39	1
0.433333333333333	2	39	1
0.5	2	39	1
0.526315789473684	2	39	1
0.567567567567568	2	39	1
0.189189189189189	2	39	1
0.157894736842105	2	39	1
0.405405405405405	2	39	1
0.490566037735849	2	39	1
0.418181818181818	2	39	1
0.586206896551724	2	39	1
0.355555555555556	2	39	1
0.354166666666667	2	39	1
0.5	2	39	1
0.5	2	39	1
0.636363636363636	2	39	1
0.371428571428571	2	39	1
0.533333333333333	2	39	1
0.486486486486487	2	39	1
0.435483870967742	2	39	1
0.5	2	39	1
0.342857142857143	2	39	1
0.391304347826087	2	39	1
0.469387755102041	2	39	1
0.4375	2	39	1
0.424242424242424	2	39	1
0.944444444444444	2	39	1
0.352941176470588	2	39	1
0.34375	2	39	1
0.395833333333333	2	39	1
0.511111111111111	2	39	1
0.58695652173913	2	39	1
0.575	2	39	1
0.511627906976744	2	39	1
0.476190476190476	2	39	1
0.466666666666667	2	39	1
0.428571428571429	2	39	1
0.229166666666667	2	39	1
0.2	2	39	1
0.526315789473684	2	39	1
0.51063829787234	2	39	1
0.133333333333333	2	39	1
0.404761904761905	2	39	1
0.5	2	39	1
0.363636363636364	2	39	1
0.69047619047619	2	39	1
0.4	2	39	1
0.428571428571429	2	39	1
0.470588235294118	2	39	1
0.565217391304348	2	39	1
0.1875	2	39	1
0.457142857142857	2	39	1
0.482758620689655	2	39	1
0.514285714285714	2	39	1
0.461538461538462	2	39	1
0.375	2	39	1
0.416666666666667	2	39	1
0.568627450980392	2	39	1
0.465116279069767	2	39	1
0.324324324324324	2	39	1
0.375	2	39	1
0.575	2	39	1
0.5	2	39	1
0.555555555555556	2	39	1
0.428571428571429	2	39	1
0.53125	2	39	1
0.428571428571429	2	39	1
0.414634146341463	2	39	1
0.509090909090909	2	39	1
0.470588235294118	2	39	1
0.454545454545455	2	39	1
0.45	2	39	1
0.44	2	39	1
0.487179487179487	2	39	1
0.522727272727273	2	39	1
0.416666666666667	2	39	1
0.111111111111111	2	39	1
0.145833333333333	2	39	1
0.181818181818182	2	39	1
0.568181818181818	2	39	1
0.48936170212766	2	39	1
0.48	2	39	1
0.581395348837209	2	39	1
0.518518518518518	2	39	1
0.534883720930233	2	39	1
0.342105263157895	2	39	1
0.636363636363636	2	39	1
0.54	2	39	1
0.489795918367347	2	39	1
0.444444444444444	2	39	1
0.67741935483871	2	39	1
0.162162162162162	2	39	1
1	2	39	1
0.490566037735849	2	39	1
0.527777777777778	2	39	1
0.362068965517241	2	39	1
0.533333333333333	2	39	1
0.483870967741935	2	39	1
0.520833333333333	2	39	1
0.425925925925926	2	39	1
0.4	2	39	1
0.488888888888889	2	39	1
0.54	2	39	1
0.4375	2	39	1
0.450980392156863	2	39	1
0.5625	2	39	1
0.423076923076923	2	39	1
0.347826086956522	2	39	1
0.558823529411765	2	39	1
0.405405405405405	2	39	1
0.4	2	39	1
0.571428571428571	2	39	1
0.407407407407407	2	39	1
0.44	2	39	1
0.157894736842105	2	39	1
0.166666666666667	2	39	1
0.5	2	39	1
0.523809523809524	2	39	1
0.333333333333333	2	39	1
0.147058823529412	2	39	1
0.487179487179487	2	39	1
0.371428571428571	2	39	1
0.576923076923077	2	39	1
0.6	2	39	1
0.357142857142857	2	39	1
0.166666666666667	2	39	1
0.583333333333333	2	39	1
0.531914893617021	2	39	1
0.393939393939394	2	39	1
0.333333333333333	2	39	1
0.509433962264151	2	39	1
0.615384615384615	2	39	1
0.526315789473684	2	39	1
0.424242424242424	2	39	1
0.5	2	39	1
0.538461538461538	2	39	1
0.456521739130435	2	39	1
0.422222222222222	2	39	1
0.488888888888889	2	39	1
0.588235294117647	2	39	1
0.133333333333333	2	39	1
0.51063829787234	2	39	1
0.477272727272727	2	39	1
0.478260869565217	2	39	1
0.444444444444444	2	39	1
0.451612903225806	2	39	1
0.528301886792453	2	39	1
0.305555555555556	2	39	1
0.48	2	39	1
0.52	2	39	1
0.269230769230769	2	39	1
0.269230769230769	2	39	1
0.481481481481481	2	39	1
0.472222222222222	2	39	1
0.575	2	39	1
0.625	2	39	1
0.552631578947368	2	39	1
0.414634146341463	2	39	1
0.553191489361702	2	39	1
0.560975609756098	2	39	1
0.58	2	39	1
0.521739130434783	2	39	1
0.5	2	39	1
0.444444444444444	2	39	1
0.441176470588235	2	39	1
0.452380952380952	2	39	1
0.515151515151515	2	39	1
0.395833333333333	2	39	1
0.479166666666667	2	39	1
0.485714285714286	2	39	1
0.462962962962963	2	39	1
0.5	2	39	1
0.369565217391304	2	39	1
0.537037037037037	2	39	1
0.404761904761905	2	39	1
0.508474576271186	2	39	1
0.394736842105263	2	39	1
0.0925925925925926	2	39	1
0.5	2	39	1
0.375	2	39	1
0.38	2	39	1
0.482758620689655	2	39	1
0.533333333333333	2	39	1
0.52	2	39	1
0.35	2	39	1
0.483333333333333	2	39	1
0.476190476190476	2	39	1
0.5	2	39	1
0.65625	2	39	1
0.307692307692308	2	39	1
0.444444444444444	2	39	1
0.454545454545455	2	39	1
0.189189189189189	2	39	1
0.352941176470588	2	39	1
0.441860465116279	2	39	1
0.333333333333333	2	39	1
0.517241379310345	2	39	1
0.439024390243902	2	39	1
0.529411764705882	2	39	1
0.130434782608696	2	39	1
0.595744680851064	2	39	1
0.380952380952381	2	39	1
0.441860465116279	2	39	1
0.571428571428571	2	39	1
0.475	2	39	1
0.521739130434783	2	39	1
0.555555555555556	2	39	1
0.32	2	39	1
0.166666666666667	2	39	1
0.230769230769231	2	39	1
0.2	2	39	1
0.529411764705882	2	39	1
0.473684210526316	2	39	1
0.394736842105263	2	39	1
0.543478260869565	2	39	1
0.442307692307692	2	39	1
0.377358490566038	2	39	1
0.507936507936508	2	39	1
0.0967741935483871	2	39	1
0.611111111111111	2	39	1
0.515151515151515	2	39	1
0.466666666666667	2	39	1
0.324324324324324	2	39	1
0.568181818181818	2	39	1
0.540540540540541	2	39	1
0.171428571428571	2	39	1
0.5	2	39	1
0.459459459459459	2	39	1
0.475	2	39	1
0.425925925925926	2	39	1
0.454545454545455	2	39	1
0.5	2	39	1
0.380952380952381	2	39	1
0.342105263157895	2	39	1
0.444444444444444	2	39	1
0.46	2	39	1
0.580645161290323	2	39	1
0.404255319148936	2	39	1
0.457142857142857	2	39	1
0.393939393939394	2	39	1
0.461538461538462	2	39	1
0.5	2	39	1
0.5	2	39	1
0.565217391304348	2	39	1
0.521739130434783	2	39	1
0.488372093023256	2	39	1
0.508196721311475	2	39	1
0.441860465116279	2	39	1
0.419354838709677	2	39	1
0.5	2	39	1
0.563636363636364	2	39	1
0.153846153846154	2	39	1
0.193548387096774	2	39	1
0.466666666666667	2	39	1
0.489795918367347	2	39	1
0.5	2	39	1
0.610169491525424	2	39	1
0.4	2	39	1
0.382978723404255	2	39	1
0.24	2	39	1
0.473684210526316	2	39	1
0.395348837209302	2	39	1
0.375	2	39	1
0.444444444444444	2	39	1
0.542857142857143	2	39	1
0.442307692307692	2	39	1
0.621621621621622	2	39	1
0.487179487179487	2	39	1
0.510204081632653	2	39	1
0.123076923076923	2	39	1
0.4	2	39	1
0.423076923076923	2	39	1
0.484848484848485	2	39	1
0.390243902439024	2	39	1
0.5	2	39	1
0.371428571428571	2	39	1
0.540540540540541	2	39	1
0.456521739130435	2	39	1
0.458333333333333	2	39	1
0.425531914893617	2	39	1
0.558823529411765	2	39	1
0.375	2	39	1
0.448979591836735	2	39	1
0.533333333333333	2	39	1
0.377777777777778	2	39	1
0.609756097560976	2	39	1
0.487179487179487	2	39	1
0.394736842105263	2	39	1
0.46551724137931	2	39	1
0.444444444444444	2	39	1
0.533333333333333	2	39	1
0.408163265306122	2	39	1
0.125	2	39	1
0.491228070175439	2	39	1
0.355555555555556	2	39	1
0.222222222222222	2	39	1
0.41025641025641	2	39	1
0.518518518518518	2	39	1
0.52	2	39	1
0.488372093023256	2	39	1
0.432432432432432	2	39	1
0.305555555555556	2	39	1
0.58695652173913	2	39	1
0.465116279069767	2	39	1
0.555555555555556	2	39	1
0.134615384615385	2	39	1
0.54	2	39	1
0.607843137254902	2	39	1
0.48780487804878	2	39	1
0.461538461538462	2	39	1
0.416666666666667	2	39	1
0.53448275862069	2	39	1
0.509433962264151	2	39	1
0.530612244897959	2	39	1
0.5	2	39	1
0.52	2	39	1
0.205128205128205	2	39	1
0.189189189189189	2	39	1
0.390243902439024	2	39	1
0.4	2	39	1
0.575	2	39	1
0.32258064516129	2	39	1
0.5	2	39	1
0.534883720930233	2	39	1
0.261904761904762	2	39	1
0.5	2	39	1
0.361111111111111	2	39	1
0.441176470588235	2	39	1
0.487179487179487	2	39	1
0.483870967741935	2	39	1
0.526315789473684	2	39	1
0.483870967741935	2	39	1
0.303030303030303	2	39	1
0.464285714285714	2	39	1
0.628571428571429	2	39	1
0.171428571428571	2	39	1
0.461538461538462	2	39	1
0.540540540540541	2	39	1
0.413793103448276	2	39	1
0.369565217391304	2	39	1
0.46875	2	39	1
0.459459459459459	2	39	1
0.439024390243902	2	39	1
0.483870967741935	2	39	1
0.547619047619048	2	39	1
0.529411764705882	2	39	1
0.428571428571429	2	39	1
0.515151515151515	2	39	1
0.51063829787234	2	39	1
0.388888888888889	2	39	1
0.508474576271186	2	39	1
0.470588235294118	2	39	1
0.481481481481481	2	39	1
0.485714285714286	2	39	1
0.555555555555556	2	39	1
0.575757575757576	2	39	1
0.222222222222222	2	39	1
0.5625	2	39	1
0.384615384615385	2	39	1
0.5	2	39	1
0.510204081632653	2	39	1
0.38	2	39	1
0.465116279069767	2	39	1
0.5	2	39	1
0.305555555555556	2	39	1
0.171428571428571	2	39	1
0.441860465116279	2	39	1
0.485714285714286	2	39	1
0.543478260869565	2	39	1
0.433962264150943	2	39	1
0.357142857142857	2	39	1
0.454545454545455	2	39	1
0.473684210526316	2	39	1
0.56	2	39	1
0.484848484848485	2	39	1
0.452830188679245	2	39	1
0.560975609756098	2	39	1
0.185185185185185	2	39	1
0.378378378378378	2	39	1
0.476190476190476	2	39	1
0.433333333333333	2	39	1
0.543478260869565	2	39	1
0.472222222222222	2	39	1
0.448275862068966	2	39	1
0.474576271186441	2	39	1
0.48936170212766	2	39	1
0.428571428571429	2	39	1
0.466666666666667	2	39	1
0.35	2	39	1
0.295454545454545	2	39	1
0.45	2	39	1
0.574468085106383	2	39	1
0.125	2	39	1
0.684210526315789	2	39	1
0.405405405405405	2	39	1
0.386363636363636	2	39	1
0.461538461538462	2	39	1
0.387755102040816	2	39	1
0.481481481481481	2	39	1
0.58974358974359	2	39	1
0.534883720930233	2	39	1
0.48936170212766	2	39	1
0.48	2	39	1
0.478260869565217	2	39	1
0.22	2	39	1
0.318181818181818	2	39	1
0.157894736842105	2	39	1
0.179487179487179	2	39	1
0.142857142857143	2	39	1
0.465116279069767	2	39	1
0.5	2	39	1
0.567567567567568	2	39	1
0.555555555555556	2	39	1
0.326086956521739	2	39	1
0.604651162790698	2	39	1
0.468085106382979	2	39	1
0.53125	2	39	1
0.216216216216216	2	39	1
0.466666666666667	2	39	1
0.365853658536585	2	39	1
0.55	2	39	1
0.388888888888889	2	39	1
0.452380952380952	2	39	1
0.52	2	39	1
0.518518518518518	2	39	1
0.136363636363636	2	39	1
0.333333333333333	2	39	1
0.101694915254237	2	39	1
0.340909090909091	2	39	1
0.428571428571429	2	39	1
0.534883720930233	2	39	1
0.666666666666667	2	39	1
0.431034482758621	2	39	1
0.547619047619048	2	39	1
0.476190476190476	2	39	1
0.425531914893617	2	39	1
0.441176470588235	2	39	1
0.518518518518518	2	39	1
0.418604651162791	2	39	1
0.555555555555556	2	39	1
0.522727272727273	2	39	1
0.444444444444444	2	39	1
0.166666666666667	2	39	1
0.166666666666667	2	39	1
0.371428571428571	2	39	1
0.531914893617021	2	39	1
0.553191489361702	2	39	1
0.592592592592593	2	39	1
0.509803921568627	2	39	1
0.549019607843137	2	39	1
0.3	2	39	1
0.551724137931034	2	39	1
0.511111111111111	2	39	1
0.107142857142857	2	39	1
0.576923076923077	2	39	1
0.5	2	39	1
0.263157894736842	2	39	1
0.234042553191489	2	39	1
0.166666666666667	2	39	1
0.677966101694915	2	39	1
0.333333333333333	2	39	1
0.531914893617021	2	39	1
0.419354838709677	2	39	1
0.583333333333333	2	39	1
0.553191489361702	2	39	1
0.522727272727273	2	39	1
0.518518518518518	2	39	1
0.257142857142857	2	39	1
0.259259259259259	2	39	1
0.260869565217391	2	39	1
0.166666666666667	2	39	1
0.423076923076923	2	39	1
0.258064516129032	2	39	1
0.522727272727273	2	39	1
0.386363636363636	2	39	1
0.365853658536585	2	39	1
0.46	2	39	1
0.461538461538462	2	39	1
0.535714285714286	2	39	1
0.538461538461538	2	39	1
0.41025641025641	2	39	1
0.413793103448276	2	39	1
0.372093023255814	2	39	1
0.457142857142857	2	39	1
0.424242424242424	2	39	1
0.357142857142857	2	39	1
0.41304347826087	2	39	1
0.116279069767442	2	39	1
0.490566037735849	2	39	1
0.4375	2	39	1
0.941176470588235	2	39	1
0.953488372093023	2	39	1
0.777777777777778	2	39	1
0.0943396226415094	2	39	1
0.466666666666667	2	39	1
0.214285714285714	2	39	1
0.972222222222222	2	39	1
0.181818181818182	2	39	1
1	2	39	1
0.957446808510638	2	39	1
0.875	2	39	1
0.95	2	39	1
0.41025641025641	2	39	1
0.5	2	39	1
0.521739130434783	2	39	1
0.411764705882353	2	39	1
0.354838709677419	2	39	1
0.446808510638298	2	39	1
0.4375	2	39	1
0.538461538461538	2	39	1
0.526315789473684	2	39	1
0.627450980392157	2	39	1
0.418604651162791	2	39	1
0.5	2	39	1
0.538461538461538	2	39	1
0.411764705882353	2	39	1
0.428571428571429	2	39	1
0.456521739130435	2	39	1
0.333333333333333	2	39	1
0.351351351351351	2	39	1
0.454545454545455	2	39	1
0.520833333333333	2	39	1
0.463414634146341	2	39	1
0.347826086956522	2	39	1
0.476190476190476	2	39	1
0.574074074074074	2	39	1
0.5	2	39	1
0.5	2	39	1
0.34375	2	39	1
0.542857142857143	2	39	1
0.456521739130435	2	39	1
0.472222222222222	2	39	1
0.357142857142857	2	39	1
0.458333333333333	2	39	1
0.422222222222222	2	39	1
0.45	2	39	1
0.62962962962963	2	39	1
0.58695652173913	2	39	1
0.571428571428571	2	39	1
0.290909090909091	2	39	1
0.41304347826087	2	39	1
0.461538461538462	2	39	1
0.463414634146341	2	39	1
0.5	2	39	1
0.482758620689655	2	39	1
0.64	2	39	1
0.425531914893617	2	39	1
0.461538461538462	2	39	1
0.651162790697674	2	39	1
0.488372093023256	2	39	1
0.560975609756098	2	39	1
0.523809523809524	2	39	1
0.5	2	39	1
0.55	2	39	1
0.444444444444444	2	39	1
0.594594594594595	2	39	1
0.56	2	39	1
0.277777777777778	2	39	1
0.545454545454545	2	39	1
0.571428571428571	2	39	1
0.42	2	39	1
0.488372093023256	2	39	1
0.423076923076923	2	39	1
0.642857142857143	2	39	1
0.439024390243902	2	39	1
0.390243902439024	2	39	1
0.36734693877551	2	39	1
0.553571428571429	2	39	1
0.38	2	39	1
0.52	2	39	1
0.535714285714286	2	39	1
0.558823529411765	2	39	1
0.534883720930233	2	39	1
0.591836734693878	2	39	1
0.529411764705882	2	39	1
0.583333333333333	2	39	1
0.428571428571429	2	39	1
0.486486486486487	2	39	1
0.51219512195122	2	39	1
0.434782608695652	2	39	1
0.395348837209302	2	39	1
0.297872340425532	2	39	1
0.511111111111111	2	39	1
0.526315789473684	2	39	1
0.516129032258065	2	39	1
0.358974358974359	2	39	1
0.536585365853659	2	39	1
0.444444444444444	2	39	1
0.476190476190476	2	39	1
0.5	2	39	1
0.428571428571429	2	39	1
0.469387755102041	2	39	1
0.638888888888889	2	39	1
0.545454545454545	2	39	1
0.5	2	39	1
0.567567567567568	2	39	1
0.473684210526316	2	39	1
0.225	2	39	1
0.583333333333333	2	39	1
0.580645161290323	2	39	1
0.243243243243243	2	39	1
0.129032258064516	2	39	1
0.591836734693878	2	39	1
0.533333333333333	2	39	1
0.563636363636364	2	39	1
0.277777777777778	2	39	1
0.558823529411765	2	39	1
0.458333333333333	2	39	1
0.388888888888889	2	39	1
0.530612244897959	2	39	1
0.482142857142857	2	39	1
0.463414634146341	2	39	1
0.75	2	39	1
0.333333333333333	2	39	1
0.413793103448276	2	39	1
0.382978723404255	2	39	1
0.12280701754386	2	39	1
0.526315789473684	2	39	1
0.425531914893617	2	39	1
0.5	2	39	1
0.409090909090909	2	39	1
0.575757575757576	2	39	1
0.538461538461538	2	39	1
0.5	2	39	1
0.457142857142857	2	39	1
0.432432432432432	2	39	1
0.365384615384615	2	39	1
0.447368421052632	2	39	1
0.636363636363636	2	39	1
0.285714285714286	2	39	1
0.448275862068966	2	39	1
0.545454545454545	2	39	1
0.481481481481481	2	39	1
0.576923076923077	2	39	1
0.461538461538462	2	39	1
0.428571428571429	2	39	1
0.241379310344828	2	39	1
0.148936170212766	2	39	1
0.176470588235294	2	39	1
0.523809523809524	2	39	1
0.333333333333333	2	39	1
0.4	2	39	1
0.466666666666667	2	39	1
0.6	2	39	1
0.34375	2	39	1
0.333333333333333	2	39	1
0.357142857142857	2	39	1
0.380952380952381	2	39	1
0.172413793103448	2	39	1
0.5	2	39	1
0.475	2	39	1
0.641025641025641	2	39	1
0.5	2	39	1
0.421052631578947	2	39	1
0.481481481481481	2	39	1
0.447368421052632	2	39	1
0.5	2	39	1
0.463414634146341	2	39	1
0.595238095238095	2	39	1
0.424242424242424	2	39	1
0.306122448979592	2	39	1
0.490196078431373	2	39	1
0.481481481481481	2	39	1
0.555555555555556	2	39	1
0.477272727272727	2	39	1
0.6	2	39	1
0.439024390243902	2	39	1
0.5	2	39	1
0.170212765957447	2	39	1
0.146341463414634	2	39	1
0.307692307692308	2	39	1
0.315789473684211	2	39	1
0.526315789473684	2	39	1
0.59375	2	39	1
0.655172413793103	2	39	1
0.40625	2	39	1
0.439024390243902	2	39	1
0.432432432432432	2	39	1
0.352941176470588	2	39	1
0.363636363636364	2	39	1
0.365384615384615	2	39	1
0.340909090909091	2	39	1
0.452830188679245	2	39	1
0.490196078431373	2	39	1
0.424242424242424	2	39	1
0.430769230769231	2	39	1
0.30952380952381	2	39	1
0.5	2	39	1
0.377358490566038	2	39	1
0.46	2	39	1
0.477272727272727	2	39	1
0.578947368421053	2	39	1
0.5	2	39	1
0.513513513513513	2	39	1
0.342105263157895	2	39	1
0.391304347826087	2	39	1
0.387096774193548	2	39	1
0.347826086956522	2	39	1
0.411764705882353	2	39	1
0.340425531914894	2	39	1
0.473684210526316	2	39	1
0.644444444444444	2	39	1
0.534883720930233	2	39	1
0.409090909090909	2	39	1
0.627906976744186	2	39	1
0.510204081632653	2	39	1
0.358974358974359	2	39	1
0.441860465116279	2	39	1
0.404761904761905	2	39	1
0.636363636363636	2	39	1
0.510204081632653	2	39	1
0.720930232558139	2	39	1
0.457142857142857	2	39	1
0.4	2	39	1
0.142857142857143	2	39	1
0.205882352941176	2	39	1
0.512820512820513	2	39	1
0.418181818181818	2	39	1
0.342105263157895	2	39	1
0.4	2	39	1
0.571428571428571	2	39	1
0.472222222222222	2	39	1
0.45	2	39	1
0.317073170731707	2	39	1
0.517241379310345	2	39	1
0.833333333333333	2	39	1
0.205882352941176	2	39	1
0.162162162162162	2	39	1
0.48780487804878	2	39	1
0.127659574468085	2	39	1
0.515151515151515	2	39	1
0.394736842105263	2	39	1
0.526315789473684	2	39	1
0.557692307692308	2	39	1
0.432432432432432	2	39	1
0.466666666666667	2	39	1
0.333333333333333	2	39	1
0.526315789473684	2	39	1
0.5	2	39	1
0.48	2	39	1
0.46875	2	39	1
0.85	2	39	1
0.425531914893617	2	39	1
0.381818181818182	2	39	1
0.321428571428571	2	39	1
0.466666666666667	2	39	1
0.5	2	39	1
0.4	2	39	1
0.34375	2	39	1
0.617021276595745	2	39	1
0.5625	2	39	1
0.459459459459459	2	39	1
0.527777777777778	2	39	1
0.424242424242424	2	39	1
0.372093023255814	2	39	1
0.490196078431373	2	39	1
0.617647058823529	2	39	1
0.441860465116279	2	39	1
0.428571428571429	2	39	1
0.166666666666667	2	39	1
0.511627906976744	2	39	1
0.333333333333333	2	39	1
0.35	2	39	1
0.119047619047619	2	39	1
0.166666666666667	2	39	1
0.415094339622642	2	39	1
0.517857142857143	2	39	1
0.571428571428571	2	39	1
0.518518518518518	2	39	1
0.275862068965517	2	39	1
0.647058823529412	2	39	1
0.485714285714286	2	39	1
0.34375	2	39	1
0.543859649122807	2	39	1
0.490566037735849	2	39	1
0.5	2	39	1
0.540540540540541	2	39	1
0.432432432432432	2	39	1
0.580645161290323	2	39	1
0.428571428571429	2	39	1
0.551724137931034	2	39	1
0.542857142857143	2	39	1
0.454545454545455	2	39	1
0.447368421052632	2	39	1
0.571428571428571	2	39	1
0.540540540540541	2	39	1
0.384615384615385	2	39	1
0.487179487179487	2	39	1
0.423076923076923	2	39	1
0.543859649122807	2	39	1
0.15	2	39	1
0.452380952380952	2	39	1
0.162162162162162	2	39	1
0.179487179487179	2	39	1
0.418604651162791	2	39	1
0.545454545454545	2	39	1
0.42	2	39	1
0.583333333333333	2	39	1
0.5	2	39	1
0.5	2	39	1
0.533333333333333	2	39	1
0.565217391304348	2	39	1
0.59375	2	39	1
0.454545454545455	2	39	1
0.526315789473684	2	39	1
0.111111111111111	2	39	1
0.468085106382979	2	39	1
0.620689655172414	2	39	1
0.625	2	39	1
0.575	2	39	1
0.476190476190476	2	39	1
0.647058823529412	2	39	1
0.481481481481481	2	39	1
0.45	2	39	1
0.394736842105263	2	39	1
0.5	2	39	1
0.0961538461538462	2	39	1
0.216216216216216	2	39	1
0.490196078431373	2	39	1
0.589285714285714	2	39	1
0.424242424242424	2	39	1
0.512820512820513	2	39	1
0.56	2	39	1
0.451612903225806	2	39	1
0.521739130434783	2	39	1
0.4375	2	39	1
0.15	2	39	1
0.142857142857143	2	39	1
0.166666666666667	2	39	1
0.35	2	39	1
0.394736842105263	2	39	1
0.517241379310345	2	39	1
0.486486486486487	2	39	1
0.527777777777778	2	39	1
0.55	2	39	1
0.463414634146341	2	39	1
0.65	2	39	1
0.5	2	39	1
0.27027027027027	2	39	1
0.724137931034483	2	39	1
0.166666666666667	2	39	1
0.428571428571429	2	39	1
0.547169811320755	2	39	1
0.431372549019608	2	39	1
0.56	2	39	1
0.14	2	39	1
0.435897435897436	2	39	1
0.525	2	39	1
0.551020408163265	2	39	1
0.233333333333333	2	39	1
0.457142857142857	2	39	1
0.416666666666667	2	39	1
0.4	2	39	1
0.344827586206897	2	39	1
0.566666666666667	2	39	1
0.487179487179487	2	39	1
0.375	2	39	1
0.514285714285714	2	39	1
0.475	2	39	1
0.5	2	39	1
0.463414634146341	2	39	1
0.416666666666667	2	39	1
0.3125	2	39	1
0.488888888888889	2	39	1
0.481481481481481	2	39	1
0.666666666666667	2	39	1
0.181818181818182	2	39	1
0.233333333333333	2	39	1
0.413793103448276	2	39	1
0.581818181818182	2	39	1
0.206896551724138	2	39	1
0.475	2	39	1
0.5	2	39	1
0.409090909090909	2	39	1
0.525	2	39	1
0.45	2	39	1
0.486486486486487	2	39	1
0.5	2	39	1
0.461538461538462	2	39	1
0.5	2	39	1
0.425	2	39	1
0.521739130434783	2	39	1
0.242424242424242	2	39	1
0.421052631578947	2	39	1
0.585365853658537	2	39	1
0.361111111111111	2	39	1
0.448979591836735	2	39	1
0.5	2	39	1
0.526315789473684	2	39	1
0.379310344827586	2	39	1
0.36734693877551	2	39	1
0.5625	2	39	1
0.458333333333333	2	39	1
0.5	2	39	1
0.269230769230769	2	39	1
0.58695652173913	2	39	1
0.476190476190476	2	39	1
0.372093023255814	2	39	1
0.441860465116279	2	39	1
0.51063829787234	2	39	1
0.5	2	39	1
0.442307692307692	2	39	1
0.428571428571429	2	39	1
0.534883720930233	2	39	1
0.692307692307692	2	39	1
0.5	2	39	1
0.393939393939394	2	39	1
0.230769230769231	2	39	1
0.6	2	39	1
0.384615384615385	2	39	1
0.441176470588235	2	39	1
0.24	2	39	1
0.552631578947368	2	39	1
0.425	2	39	1
0.537037037037037	2	39	1
0.405405405405405	2	39	1
0.368421052631579	2	39	1
0.592592592592593	2	39	1
0.428571428571429	2	39	1
0.413793103448276	2	39	1
0.35	2	39	1
0.418604651162791	2	39	1
0.32258064516129	2	39	1
0.457142857142857	2	39	1
0.487179487179487	2	39	1
0.416666666666667	2	39	1
0.485714285714286	2	39	1
0.323529411764706	2	39	1
0.923076923076923	2	39	1
0.53125	2	39	1
0.463414634146341	2	39	1
0.515151515151515	2	39	1
0.529411764705882	2	39	1
0.34375	2	39	1
0.526315789473684	2	39	1
0.547619047619048	2	39	1
0.477272727272727	2	39	1
0.510204081632653	2	39	1
0.448275862068966	2	39	1
0.622222222222222	2	39	1
0.545454545454545	2	39	1
0.28125	2	39	1
0.485714285714286	2	39	1
0.525	2	39	1
0.377777777777778	2	39	1
0.546875	2	39	1
0.558139534883721	2	39	1
0.431034482758621	2	39	1
0.510204081632653	2	39	1
0.404255319148936	2	39	1
0.45	2	39	1
0.304347826086957	2	39	1
0.38	2	39	1
0.411764705882353	2	39	1
0.5	2	39	1
0.24	2	39	1
0.363636363636364	2	39	1
0.363636363636364	2	39	1
0.5	2	39	1
0.41025641025641	2	39	1
0.424242424242424	2	39	1
0.568181818181818	2	39	1
0.58974358974359	2	39	1
0.451612903225806	2	39	1
0.444444444444444	2	39	1
0.482758620689655	2	39	1
0.296296296296296	2	39	1
0.5	2	39	1
0.484848484848485	2	39	1
0.228571428571429	2	39	1
0.216216216216216	2	39	1
0.228571428571429	2	39	1
0.212121212121212	2	39	1
0.486486486486487	2	39	1
0.297872340425532	3	57	1
0.310810810810811	3	57	1
0.295774647887324	3	57	1
0.222222222222222	3	57	1
0.112903225806452	3	57	1
0.30188679245283	3	57	1
0.4	3	57	1
