VAF	CN	avg.depth	purity
1	1	18	1
0.96	1	18	1
0.958333333333333	1	18	1
1	1	18	1
0.461538461538462	1	18	1
0.942857142857143	1	18	1
0.708333333333333	1	18	1
1	1	18	1
0.212121212121212	1	18	1
0.833333333333333	1	18	1
1	1	18	1
1	1	18	1
0.846153846153846	1	18	1
1	1	18	1
1	1	18	1
0.296296296296296	1	18	1
0.5	1	18	1
1	1	18	1
0.95	1	18	1
0.826086956521739	1	18	1
0.952380952380952	1	18	1
1	1	18	1
1	1	18	1
0.642857142857143	1	18	1
0.166666666666667	1	18	1
0.964285714285714	1	18	1
0.952380952380952	1	18	1
1	1	18	1
1	1	18	1
0.944444444444444	1	18	1
1	1	18	1
0.9375	1	18	1
0.875	1	18	1
0.333333333333333	1	18	1
0.961538461538462	1	18	1
0.75	1	18	1
0.941176470588235	1	18	1
0.304347826086957	1	18	1
0.291666666666667	2	35	1
0.30188679245283	2	35	1
0.5625	2	35	1
0.48780487804878	2	35	1
0.310344827586207	2	35	1
0.272727272727273	2	35	1
0.571428571428571	2	35	1
0.527777777777778	2	35	1
0.476190476190476	2	35	1
0.413793103448276	2	35	1
0.318181818181818	2	35	1
0.36	2	35	1
0.40625	2	35	1
0.39622641509434	2	35	1
0.5	2	35	1
0.125	2	35	1
0.471698113207547	2	35	1
0.5	2	35	1
0.5	2	35	1
0.357142857142857	2	35	1
0.538461538461538	2	35	1
0.580645161290323	2	35	1
0.557692307692308	2	35	1
0.483870967741935	2	35	1
0.466666666666667	2	35	1
0.463414634146341	2	35	1
0.481481481481481	2	35	1
0.513513513513513	2	35	1
0.5	2	35	1
0.448275862068966	2	35	1
0.375	2	35	1
0.580645161290323	2	35	1
0.555555555555556	2	35	1
0.428571428571429	2	35	1
0.285714285714286	2	35	1
0.526315789473684	2	35	1
0.388888888888889	2	35	1
0.5	2	35	1
0.485714285714286	2	35	1
0.470588235294118	2	35	1
0.666666666666667	2	35	1
0.452380952380952	2	35	1
0.492307692307692	2	35	1
0.354838709677419	2	35	1
0.481481481481481	2	35	1
0.507936507936508	2	35	1
0.387096774193548	2	35	1
0.44	2	35	1
0.516129032258065	2	35	1
0.477272727272727	2	35	1
0.470588235294118	2	35	1
0.418604651162791	2	35	1
0.510204081632653	2	35	1
0.461538461538462	2	35	1
0.58974358974359	2	35	1
0.393939393939394	2	35	1
0.483870967741935	2	35	1
0.709677419354839	2	35	1
0.219512195121951	2	35	1
0.566666666666667	2	35	1
0.470588235294118	2	35	1
0.604166666666667	2	35	1
0.333333333333333	2	35	1
0.4	2	35	1
0.428571428571429	2	35	1
0.541666666666667	2	35	1
0.333333333333333	2	35	1
0.314285714285714	2	35	1
0.28	2	35	1
0.266666666666667	2	35	1
0.304347826086957	2	35	1
0.277777777777778	2	35	1
0.109090909090909	2	35	1
0.347826086956522	2	35	1
0.5	2	35	1
0.509803921568627	2	35	1
0.222222222222222	2	35	1
0.384615384615385	2	35	1
0.368421052631579	2	35	1
0.25	2	35	1
0.377358490566038	2	35	1
0.5	2	35	1
0.545454545454545	2	35	1
0.388888888888889	2	35	1
0.416666666666667	2	35	1
0.28125	2	35	1
0.403846153846154	2	35	1
0.41304347826087	2	35	1
0.509433962264151	2	35	1
0.542857142857143	2	35	1
0.380952380952381	2	35	1
0.5	2	35	1
0.609756097560976	2	35	1
0.411764705882353	2	35	1
0.25	2	35	1
0.549019607843137	2	35	1
0.6	2	35	1
0.375	2	35	1
0.425	2	35	1
0.117647058823529	2	35	1
0.6	2	35	1
0.538461538461538	2	35	1
0.423076923076923	2	35	1
0.290322580645161	2	35	1
0.48780487804878	2	35	1
0.42	2	35	1
0.615384615384615	2	35	1
0.613636363636364	2	35	1
0.424242424242424	2	35	1
0.4375	2	35	1
0.222222222222222	2	35	1
0.222222222222222	2	35	1
0.454545454545455	2	35	1
0.431818181818182	2	35	1
0.40625	2	35	1
0.56	2	35	1
0.488372093023256	2	35	1
0.444444444444444	2	35	1
0.485714285714286	2	35	1
0.442307692307692	2	35	1
0.545454545454545	2	35	1
0.444444444444444	2	35	1
0.390243902439024	2	35	1
0.516129032258065	2	35	1
0.478260869565217	2	35	1
0.565217391304348	2	35	1
0.333333333333333	2	35	1
0.294117647058824	2	35	1
0.684210526315789	2	35	1
0.5	2	35	1
0.45	2	35	1
0.558823529411765	2	35	1
0.513513513513513	2	35	1
0.166666666666667	2	35	1
0.458333333333333	2	35	1
0.481481481481481	2	35	1
0.575757575757576	2	35	1
0.257142857142857	2	35	1
0.116279069767442	2	35	1
0.553571428571429	2	35	1
0.368421052631579	2	35	1
0.414634146341463	2	35	1
0.425	2	35	1
0.352941176470588	2	35	1
0.523809523809524	2	35	1
0.225806451612903	2	35	1
0.380952380952381	2	35	1
0.521739130434783	2	35	1
0.525	2	35	1
0.466666666666667	2	35	1
0.565217391304348	2	35	1
0.375	2	35	1
0.583333333333333	2	35	1
0.524590163934426	2	35	1
0.675	2	35	1
0.521739130434783	2	35	1
0.475	2	35	1
0.466666666666667	2	35	1
0.444444444444444	2	35	1
0.4	2	35	1
0.0746268656716418	2	35	1
0.347826086956522	2	35	1
0.425	2	35	1
0.575	2	35	1
0.512820512820513	2	35	1
0.52	2	35	1
0.206896551724138	2	35	1
0.2	2	35	1
0.777777777777778	2	35	1
0.516129032258065	2	35	1
0.48	2	35	1
0.558823529411765	2	35	1
0.4	2	35	1
0.459459459459459	2	35	1
0.454545454545455	2	35	1
0.56	2	35	1
0.466666666666667	2	35	1
0.28125	2	35	1
0.461538461538462	2	35	1
0.409090909090909	2	35	1
0.11864406779661	2	35	1
0.241379310344828	2	35	1
0.104166666666667	2	35	1
0.4	2	35	1
0.542857142857143	2	35	1
0.413793103448276	2	35	1
0.394736842105263	2	35	1
0.479166666666667	2	35	1
0.358974358974359	2	35	1
0.435897435897436	2	35	1
0.439024390243902	2	35	1
0.478260869565217	2	35	1
0.333333333333333	2	35	1
0.433333333333333	2	35	1
0.346153846153846	2	35	1
0.444444444444444	2	35	1
0.354838709677419	2	35	1
0.285714285714286	2	35	1
0.35	2	35	1
0.484848484848485	2	35	1
0.344827586206897	2	35	1
0.342105263157895	2	35	1
0.230769230769231	2	35	1
0.55421686746988	2	35	1
0.545454545454545	2	35	1
0.439024390243902	2	35	1
0.633333333333333	2	35	1
0.357142857142857	2	35	1
0.307692307692308	2	35	1
0.523809523809524	2	35	1
0.428571428571429	2	35	1
0.4	2	35	1
0.521739130434783	2	35	1
0.5	2	35	1
0.5	2	35	1
0.466666666666667	2	35	1
0.655172413793103	2	35	1
0.482758620689655	2	35	1
0.466666666666667	2	35	1
0.476190476190476	2	35	1
0.447368421052632	2	35	1
0.375	2	35	1
0.32258064516129	2	35	1
0.386363636363636	2	35	1
0.14	2	35	1
0.459459459459459	2	35	1
0.164383561643836	2	35	1
0.5625	2	35	1
0.777777777777778	2	35	1
0.15	2	35	1
0.411764705882353	2	35	1
0.41025641025641	2	35	1
0.375	2	35	1
0.428571428571429	2	35	1
0.365853658536585	2	35	1
0.585365853658537	2	35	1
0.456521739130435	2	35	1
0.104166666666667	2	35	1
0.444444444444444	2	35	1
0.538461538461538	2	35	1
0.510204081632653	2	35	1
0.434782608695652	2	35	1
0.55	2	35	1
0.51219512195122	2	35	1
0.470588235294118	2	35	1
0.454545454545455	2	35	1
0.481481481481481	2	35	1
0.384615384615385	2	35	1
0.5	2	35	1
0.526315789473684	2	35	1
0.145833333333333	2	35	1
0.545454545454545	2	35	1
0.157894736842105	2	35	1
0.294117647058824	2	35	1
0.571428571428571	2	35	1
0.535714285714286	2	35	1
0.571428571428571	2	35	1
0.611111111111111	2	35	1
0.307692307692308	2	35	1
0.131578947368421	2	35	1
0.379310344827586	2	35	1
0.565217391304348	2	35	1
0.466666666666667	2	35	1
0.521739130434783	2	35	1
0.405405405405405	2	35	1
0.642857142857143	2	35	1
0.352941176470588	2	35	1
0.448979591836735	2	35	1
0.305555555555556	2	35	1
0.419354838709677	2	35	1
0.222222222222222	2	35	1
0.419354838709677	2	35	1
0.351351351351351	2	35	1
0.473684210526316	2	35	1
0.44	2	35	1
0.482758620689655	2	35	1
0.192307692307692	2	35	1
0.36	2	35	1
0.454545454545455	2	35	1
0.222222222222222	2	35	1
0.425	2	35	1
0.470588235294118	2	35	1
0.583333333333333	2	35	1
0.454545454545455	2	35	1
0.43859649122807	2	35	1
0.576923076923077	2	35	1
0.529411764705882	2	35	1
0.521739130434783	2	35	1
0.375	2	35	1
0.152173913043478	2	35	1
0.586206896551724	2	35	1
0.428571428571429	2	35	1
0.555555555555556	2	35	1
0.428571428571429	2	35	1
0.166666666666667	2	35	1
0.357142857142857	2	35	1
0.55	2	35	1
0.409090909090909	2	35	1
0.5	2	35	1
0.428571428571429	2	35	1
0.11864406779661	2	35	1
0.538461538461538	2	35	1
0.525	2	35	1
0.344827586206897	2	35	1
0.53125	2	35	1
0.478260869565217	2	35	1
0.304347826086957	2	35	1
0.463414634146341	2	35	1
0.107692307692308	2	35	1
0.126984126984127	2	35	1
0.116666666666667	2	35	1
0.454545454545455	2	35	1
0.314285714285714	2	35	1
0.405405405405405	2	35	1
0.434782608695652	2	35	1
0.653846153846154	2	35	1
0.409090909090909	2	35	1
0.5	2	35	1
0.5	2	35	1
0.145833333333333	2	35	1
0.393939393939394	2	35	1
0.384615384615385	2	35	1
0.464285714285714	2	35	1
0.469387755102041	2	35	1
0.368421052631579	2	35	1
0.333333333333333	2	35	1
0.48936170212766	2	35	1
0.0985915492957746	2	35	1
0.112676056338028	2	35	1
0.222222222222222	2	35	1
0.125	2	35	1
0.268292682926829	2	35	1
0.176470588235294	2	35	1
0.358490566037736	2	35	1
0.391304347826087	2	35	1
0.432432432432432	2	35	1
0.4	2	35	1
0.454545454545455	2	35	1
0.411764705882353	2	35	1
0.517241379310345	2	35	1
0.12	2	35	1
0.121212121212121	2	35	1
0.666666666666667	2	35	1
0.547619047619048	2	35	1
0.411764705882353	2	35	1
0.482758620689655	2	35	1
0.55	2	35	1
0.612903225806452	2	35	1
0.433333333333333	2	35	1
0.40625	2	35	1
0.416666666666667	2	35	1
0.206896551724138	2	35	1
0.636363636363636	2	35	1
0.457142857142857	2	35	1
0.65	2	35	1
0.393939393939394	2	35	1
0.388888888888889	2	35	1
0.466666666666667	2	35	1
0.46875	2	35	1
0.21875	2	35	1
0.923076923076923	2	35	1
0.533333333333333	2	35	1
0.411764705882353	2	35	1
0.580645161290323	2	35	1
0.571428571428571	2	35	1
0.479166666666667	2	35	1
0.285714285714286	2	35	1
0.3	2	35	1
0.3	2	35	1
0.333333333333333	2	35	1
0.608695652173913	2	35	1
0.68	2	35	1
0.142857142857143	2	35	1
0.545454545454545	2	35	1
0.518518518518518	2	35	1
0.5	2	35	1
0.181818181818182	2	35	1
0.447368421052632	2	35	1
0.368421052631579	2	35	1
0.611111111111111	2	35	1
0.473684210526316	2	35	1
0.666666666666667	2	35	1
0.428571428571429	2	35	1
0.63265306122449	2	35	1
0.13953488372093	2	35	1
0.162162162162162	2	35	1
0.571428571428571	2	35	1
0.368421052631579	2	35	1
0.372093023255814	2	35	1
0.555555555555556	2	35	1
0.522727272727273	2	35	1
0.545454545454545	2	35	1
0.533333333333333	2	35	1
0.565217391304348	2	35	1
0.51219512195122	2	35	1
0.5	2	35	1
0.5	2	35	1
0.552631578947368	2	35	1
0.575757575757576	2	35	1
0.571428571428571	2	35	1
0.517241379310345	2	35	1
0.380952380952381	2	35	1
0.571428571428571	2	35	1
0.444444444444444	2	35	1
0.566666666666667	2	35	1
0.55	2	35	1
0.435897435897436	2	35	1
0.121212121212121	2	35	1
0.381818181818182	2	35	1
0.3	2	35	1
0.225806451612903	2	35	1
0.419354838709677	2	35	1
0.558139534883721	2	35	1
0.59375	2	35	1
0.395348837209302	2	35	1
0.478260869565217	2	35	1
0.536585365853659	2	35	1
0.117647058823529	2	35	1
0.509803921568627	2	35	1
0.590909090909091	2	35	1
0.161290322580645	2	35	1
0.53125	2	35	1
0.307692307692308	2	35	1
0.68	2	35	1
0.631578947368421	2	35	1
0.377358490566038	2	35	1
0.433333333333333	2	35	1
0.5	2	35	1
0.55	2	35	1
0.6	2	35	1
0.28	2	35	1
0.551724137931034	2	35	1
0.486486486486487	2	35	1
0.666666666666667	2	35	1
0.516129032258065	2	35	1
0.448979591836735	2	35	1
0.461538461538462	2	35	1
0.478260869565217	2	35	1
0.588235294117647	2	35	1
0.48	2	35	1
0.36	2	35	1
0.4375	2	35	1
0.555555555555556	2	35	1
0.368421052631579	2	35	1
0.645833333333333	2	35	1
0.157894736842105	2	35	1
0.321428571428571	2	35	1
0.320754716981132	2	35	1
0.122448979591837	2	35	1
0.120689655172414	2	35	1
0.4	2	35	1
0.304347826086957	2	35	1
0.14	2	35	1
0.333333333333333	2	35	1
0.0980392156862745	2	35	1
0.432432432432432	2	35	1
0.392156862745098	2	35	1
0.380952380952381	2	35	1
0.380952380952381	2	35	1
0.724137931034483	2	35	1
0.452380952380952	2	35	1
0.368421052631579	2	35	1
0.484375	2	35	1
0.538461538461538	2	35	1
0.571428571428571	2	35	1
0.470588235294118	2	35	1
0.407407407407407	2	35	1
0.289473684210526	2	35	1
0.608695652173913	2	35	1
0.413793103448276	2	35	1
0.4	2	35	1
0.486486486486487	2	35	1
0.518518518518518	2	35	1
0.361111111111111	2	35	1
0.676470588235294	2	35	1
0.36	2	35	1
0.365853658536585	2	35	1
0.315789473684211	2	35	1
0.489795918367347	2	35	1
0.483870967741935	2	35	1
0.444444444444444	2	35	1
0.52	2	35	1
0.264705882352941	2	35	1
0.521739130434783	2	35	1
0.479166666666667	2	35	1
0.552631578947368	2	35	1
0.214285714285714	2	35	1
0.558823529411765	2	35	1
0.578947368421053	2	35	1
0.128205128205128	2	35	1
0.581395348837209	2	35	1
0.346153846153846	2	35	1
0.484848484848485	2	35	1
0.442307692307692	2	35	1
0.117647058823529	2	35	1
0.384615384615385	2	35	1
0.318181818181818	2	35	1
0.55	2	35	1
0.346153846153846	2	35	1
0.166666666666667	2	35	1
0.24	2	35	1
0.444444444444444	2	35	1
0.461538461538462	2	35	1
0.545454545454545	2	35	1
0.416666666666667	2	35	1
0.5	2	35	1
0.222222222222222	2	35	1
0.43859649122807	2	35	1
0.540540540540541	2	35	1
0.358490566037736	2	35	1
0.421052631578947	2	35	1
0.8	2	35	1
0.46551724137931	2	35	1
0.475	2	35	1
0.5	2	35	1
0.282608695652174	2	35	1
0.428571428571429	2	35	1
0.545454545454545	2	35	1
0.25	2	35	1
0.473684210526316	2	35	1
0.291666666666667	2	35	1
0.585365853658537	2	35	1
0.525	2	35	1
0.617647058823529	2	35	1
0.193548387096774	2	35	1
0.4	2	35	1
0.485714285714286	2	35	1
0.545454545454545	2	35	1
0.857142857142857	2	35	1
0.45	2	35	1
0.45	2	35	1
0.230769230769231	2	35	1
0.442307692307692	2	35	1
0.585365853658537	2	35	1
0.529411764705882	2	35	1
0.65	2	35	1
0.416666666666667	2	35	1
0.487179487179487	2	35	1
0.351351351351351	2	35	1
0.395833333333333	2	35	1
0.230769230769231	2	35	1
0.243243243243243	2	35	1
0.5	2	35	1
0.0985915492957746	2	35	1
0.15	2	35	1
0.0845070422535211	2	35	1
0.446153846153846	2	35	1
0.195121951219512	2	35	1
0.477272727272727	2	35	1
0.484848484848485	2	35	1
0.425	2	35	1
0.518518518518518	2	35	1
0.13953488372093	2	35	1
0.291666666666667	2	35	1
0.325581395348837	2	35	1
0.578947368421053	2	35	1
0.431818181818182	2	35	1
0.5	2	35	1
0.6	2	35	1
0.533333333333333	2	35	1
0.576923076923077	2	35	1
0.410714285714286	2	35	1
0.4	2	35	1
0.461538461538462	2	35	1
0.35	2	35	1
0.3	2	35	1
0.586206896551724	2	35	1
0.104166666666667	2	35	1
0.5	2	35	1
0.529411764705882	2	35	1
0.35	2	35	1
0.588235294117647	2	35	1
0.538461538461538	2	35	1
0.333333333333333	2	35	1
0.407407407407407	2	35	1
0.357142857142857	2	35	1
0.464285714285714	2	35	1
0.3	2	35	1
0.605263157894737	2	35	1
0.444444444444444	2	35	1
0.36	2	35	1
0.551724137931034	2	35	1
0.625	2	35	1
0.384615384615385	2	35	1
0.64	2	35	1
0.285714285714286	2	35	1
0.521739130434783	2	35	1
0.171428571428571	2	35	1
0.625	2	35	1
0.382352941176471	2	35	1
0.545454545454545	2	35	1
0.515151515151515	2	35	1
0.51063829787234	2	35	1
0.368421052631579	2	35	1
0.533333333333333	2	35	1
0.888888888888889	2	35	1
0.142857142857143	2	35	1
0.142857142857143	2	35	1
0.388888888888889	2	35	1
0.540540540540541	2	35	1
0.162162162162162	2	35	1
0.454545454545455	2	35	1
0.352941176470588	2	35	1
0.466666666666667	2	35	1
0.142857142857143	2	35	1
0.25	2	35	1
0.454545454545455	2	35	1
0.464285714285714	2	35	1
0.555555555555556	2	35	1
0.454545454545455	2	35	1
0.571428571428571	2	35	1
0.538461538461538	2	35	1
0.379310344827586	2	35	1
0.466666666666667	2	35	1
0.53125	2	35	1
0.580645161290323	2	35	1
0.5	2	35	1
0.361111111111111	2	35	1
0.46875	2	35	1
0.625	2	35	1
0.233333333333333	2	35	1
0.4	2	35	1
0.375	2	35	1
0.424242424242424	2	35	1
0.6875	2	35	1
0.404255319148936	2	35	1
0.444444444444444	2	35	1
0.412698412698413	2	35	1
0.393939393939394	2	35	1
0.41304347826087	2	35	1
0.512820512820513	2	35	1
0.454545454545455	2	35	1
0.4	2	35	1
0.275862068965517	2	35	1
0.5625	2	35	1
0.5	2	35	1
0.259259259259259	2	35	1
0.387755102040816	2	35	1
0.325	2	35	1
0.275862068965517	2	35	1
0.304347826086957	2	35	1
0.116279069767442	2	35	1
0.454545454545455	2	35	1
0.414634146341463	2	35	1
0.405405405405405	2	35	1
0.5	2	35	1
0.4	2	35	1
0.488372093023256	2	35	1
0.4	2	35	1
0.479166666666667	2	35	1
0.422222222222222	2	35	1
0.428571428571429	2	35	1
0.384615384615385	2	35	1
0.465116279069767	2	35	1
0.347826086956522	2	35	1
0.533333333333333	2	35	1
0.375	2	35	1
0.419354838709677	2	35	1
0.395833333333333	2	35	1
0.6	2	35	1
0.363636363636364	2	35	1
0.545454545454545	2	35	1
0.54	2	35	1
0.416666666666667	2	35	1
0.535714285714286	2	35	1
0.672413793103448	2	35	1
0.333333333333333	2	35	1
0.322033898305085	2	35	1
0.447368421052632	2	35	1
0.450980392156863	2	35	1
0.125	2	35	1
0.617647058823529	2	35	1
0.466666666666667	2	35	1
0.636363636363636	2	35	1
0.466666666666667	2	35	1
0.459459459459459	2	35	1
0.666666666666667	2	35	1
0.333333333333333	2	35	1
0.425531914893617	2	35	1
0.382352941176471	2	35	1
0.230769230769231	2	35	1
0.466666666666667	2	35	1
0.5	2	35	1
0.48780487804878	2	35	1
0.294117647058824	2	35	1
0.387096774193548	2	35	1
0.560975609756098	2	35	1
0.470588235294118	2	35	1
0.535714285714286	2	35	1
0.58	2	35	1
0.36	2	35	1
0.558139534883721	2	35	1
0.586206896551724	2	35	1
0.241379310344828	2	35	1
0.431818181818182	2	35	1
0.457627118644068	2	35	1
0.527272727272727	2	35	1
0.441860465116279	2	35	1
0.4	2	35	1
0.454545454545455	2	35	1
0.409090909090909	2	35	1
0.321428571428571	2	35	1
0.386363636363636	2	35	1
0.487179487179487	2	35	1
0.416666666666667	2	35	1
0.355555555555556	2	35	1
0.475	2	35	1
0.459459459459459	2	35	1
0.375	2	35	1
0.615384615384615	2	35	1
0.4	2	35	1
0.354838709677419	2	35	1
0.407407407407407	2	35	1
0.576923076923077	2	35	1
0.666666666666667	2	35	1
0.514285714285714	2	35	1
0.233333333333333	2	35	1
0.72972972972973	2	35	1
0.648648648648649	2	35	1
0.272727272727273	2	35	1
0.574074074074074	2	35	1
0.658536585365854	2	35	1
0.59375	2	35	1
0.608695652173913	2	35	1
0.516129032258065	2	35	1
0.258064516129032	2	35	1
0.5	2	35	1
0.441860465116279	2	35	1
0.452380952380952	2	35	1
0.521739130434783	2	35	1
0.363636363636364	2	35	1
0.5	2	35	1
0.387096774193548	2	35	1
0.419354838709677	2	35	1
0.46551724137931	2	35	1
0.380952380952381	2	35	1
0.641025641025641	2	35	1
0.0983606557377049	2	35	1
0.292682926829268	2	35	1
0.28125	2	35	1
0.294117647058824	2	35	1
0.458333333333333	2	35	1
0.296296296296296	2	35	1
0.523809523809524	2	35	1
0.472222222222222	2	35	1
0.365853658536585	2	35	1
0.518518518518518	2	35	1
0.470588235294118	2	35	1
0.5	2	35	1
0.333333333333333	2	35	1
0.333333333333333	2	35	1
0.578947368421053	2	35	1
0.45	2	35	1
0.459459459459459	2	35	1
0.393939393939394	2	35	1
0.585365853658537	2	35	1
0.176470588235294	2	35	1
0.53125	2	35	1
0.53125	2	35	1
0.580645161290323	2	35	1
0.104477611940299	2	35	1
0.125	2	35	1
0.510204081632653	2	35	1
0.459459459459459	2	35	1
0.485714285714286	2	35	1
0.705882352941177	2	35	1
0.458333333333333	2	35	1
0.48	2	35	1
0.5	2	35	1
0.146341463414634	2	35	1
0.142857142857143	2	35	1
0.466666666666667	2	35	1
0.604651162790698	2	35	1
0.09375	2	35	1
0.475	2	35	1
0.115942028985507	2	35	1
0.107692307692308	2	35	1
0.5	2	35	1
0.378378378378378	2	35	1
0.666666666666667	2	35	1
0.387096774193548	2	35	1
0.344827586206897	2	35	1
0.52	2	35	1
0.304347826086957	2	35	1
0.514285714285714	2	35	1
0.477272727272727	2	35	1
0.32258064516129	2	35	1
0.48	2	35	1
0.380952380952381	2	35	1
0.45	2	35	1
0.407407407407407	2	35	1
0.48780487804878	2	35	1
0.32258064516129	2	35	1
0.2	2	35	1
0.133333333333333	2	35	1
0.137931034482759	2	35	1
0.304347826086957	2	35	1
0.475	2	35	1
0.386363636363636	2	35	1
0.380952380952381	2	35	1
0.142857142857143	2	35	1
0.568181818181818	2	35	1
0.428571428571429	2	35	1
0.64	2	35	1
0.115384615384615	2	35	1
0.476190476190476	2	35	1
0.380952380952381	2	35	1
0.517241379310345	2	35	1
0.48936170212766	2	35	1
0.183673469387755	2	35	1
0.477272727272727	2	35	1
0.488372093023256	2	35	1
0.448979591836735	2	35	1
0.555555555555556	2	35	1
0.571428571428571	2	35	1
0.551724137931034	2	35	1
0.447368421052632	2	35	1
0.291666666666667	2	35	1
0.259259259259259	2	35	1
0.619047619047619	2	35	1
0.523809523809524	2	35	1
0.555555555555556	2	35	1
0.44	2	35	1
0.666666666666667	2	35	1
0.477272727272727	2	35	1
0.291666666666667	2	35	1
0.472222222222222	2	35	1
0.127659574468085	2	35	1
0.142857142857143	2	35	1
0.547169811320755	2	35	1
0.5	2	35	1
0.290322580645161	2	35	1
0.476923076923077	2	35	1
0.606060606060606	2	35	1
0.490196078431373	2	35	1
0.580645161290323	2	35	1
0.310344827586207	2	35	1
0.409090909090909	2	35	1
0.555555555555556	2	35	1
0.39622641509434	2	35	1
0.195121951219512	2	35	1
0.170731707317073	2	35	1
0.520833333333333	2	35	1
0.4	2	35	1
0.4	2	35	1
0.264705882352941	2	35	1
0.333333333333333	2	35	1
0.473684210526316	2	35	1
0.52	2	35	1
0.485714285714286	2	35	1
0.555555555555556	2	35	1
0.555555555555556	2	35	1
0.547169811320755	2	35	1
0.109375	2	35	1
0.576923076923077	2	35	1
0.450980392156863	2	35	1
0.634146341463415	2	35	1
0.54	2	35	1
0.48	2	35	1
0.347826086956522	2	35	1
0.424242424242424	2	35	1
0.366666666666667	2	35	1
0.285714285714286	2	35	1
0.542372881355932	2	35	1
0.678571428571429	2	35	1
0.5	2	35	1
0.613636363636364	2	35	1
0.109375	2	35	1
0.553191489361702	2	35	1
0.275862068965517	2	35	1
0.628571428571429	2	35	1
0.478260869565217	2	35	1
0.451612903225806	2	35	1
0.3125	2	35	1
0.574074074074074	2	35	1
0.529411764705882	2	35	1
0.176470588235294	2	35	1
0.442307692307692	2	35	1
0.526315789473684	2	35	1
0.533333333333333	2	35	1
0.28125	2	35	1
0.468085106382979	2	35	1
0.456521739130435	2	35	1
0.428571428571429	2	35	1
0.604651162790698	2	35	1
0.418181818181818	2	35	1
0.181818181818182	2	35	1
0.722222222222222	2	35	1
0.480769230769231	2	35	1
0.469387755102041	2	35	1
0.4375	2	35	1
0.466666666666667	2	35	1
0.383333333333333	2	35	1
0.482142857142857	2	35	1
0.448275862068966	2	35	1
0.5	2	35	1
0.583333333333333	2	35	1
0.193548387096774	2	35	1
0.458333333333333	2	35	1
0.363636363636364	2	35	1
0.4	2	35	1
0.414634146341463	2	35	1
0.375	2	35	1
0.368421052631579	2	35	1
0.5	2	35	1
0.540540540540541	2	35	1
0.517857142857143	2	35	1
0.611111111111111	2	35	1
0.347826086956522	2	35	1
0.468085106382979	2	35	1
0.381818181818182	2	35	1
0.53125	2	35	1
0.520833333333333	2	35	1
0.394736842105263	2	35	1
0.466666666666667	2	35	1
0.51219512195122	2	35	1
0.272727272727273	2	35	1
0.1875	2	35	1
0.625	2	35	1
0.0806451612903226	2	35	1
0.184210526315789	2	35	1
0.166666666666667	2	35	1
0.1	2	35	1
0.533333333333333	2	35	1
0.543859649122807	2	35	1
0.116071428571429	3	61	1
0.109375	3	61	1
0.26	3	61	1
0.206349206349206	3	61	1
0.732558139534884	3	61	1
0.154761904761905	3	61	1
0.36231884057971	3	61	1
0.0649350649350649	3	61	1
0.259259259259259	3	61	1
0.19047619047619	3	61	1
0.318840579710145	3	61	1
0.65	3	61	1
0.133333333333333	3	61	1
0.109375	3	61	1
0.357142857142857	3	61	1
0.25	3	61	1
0.263157894736842	3	61	1
0.157894736842105	3	61	1
0.328947368421053	3	61	1
0.114285714285714	3	61	1
0.697674418604651	3	61	1
0.205479452054795	3	61	1
0.363636363636364	3	61	1
0.0757575757575758	3	61	1
0.313432835820896	3	61	1
0.285714285714286	3	61	1
0.0967741935483871	3	61	1
0.37037037037037	3	61	1
0.311475409836066	3	61	1
0.406779661016949	3	61	1
0.155844155844156	3	61	1
0.183098591549296	3	61	1
0.191176470588235	3	61	1
0.653061224489796	3	61	1
