VAF	CN	avg.depth	purity
0.48	2	21	1
0.590909090909091	2	21	1
0.692307692307692	2	21	1
0.181818181818182	2	21	1
0.590909090909091	2	21	1
0.461538461538462	3	27	1
0.291666666666667	3	27	1
0.433333333333333	3	27	1
0.272727272727273	3	27	1
0.384615384615385	3	27	1
0.321428571428571	3	27	1
0.25	3	27	1
0.423076923076923	3	27	1
0.368421052631579	3	27	1
0.285714285714286	3	27	1
0.291666666666667	3	27	1
0.448275862068966	3	27	1
0.178571428571429	3	27	1
0.434782608695652	3	27	1
0.212121212121212	3	27	1
0.263157894736842	3	27	1
0.304347826086957	3	27	1
0.394736842105263	3	27	1
0.40625	3	27	1
0.3	3	27	1
0.481481481481481	3	27	1
0.285714285714286	3	27	1
0.407407407407407	3	27	1
0.307692307692308	3	27	1
0.130434782608696	3	27	1
0.272727272727273	3	27	1
0.392857142857143	3	27	1
0.428571428571429	3	27	1
0.423076923076923	3	27	1
0.421052631578947	3	27	1
0.393939393939394	3	27	1
0.363636363636364	3	27	1
0.303030303030303	3	27	1
0.433333333333333	3	27	1
0.214285714285714	3	27	1
0.285714285714286	3	27	1
0.434782608695652	3	27	1
0.318181818181818	3	27	1
0.46875	3	27	1
0.4375	3	27	1
0.307692307692308	3	27	1
0.260869565217391	3	27	1
0.275862068965517	3	27	1
0.5	3	27	1
0.484848484848485	3	27	1
0.368421052631579	3	27	1
0.36	3	27	1
0.32258064516129	3	27	1
0.176470588235294	3	27	1
0.214285714285714	3	27	1
0.444444444444444	3	27	1
0.333333333333333	3	27	1
0.117647058823529	3	27	1
0.333333333333333	3	27	1
0.258064516129032	3	27	1
0.36	3	27	1
0.347826086956522	3	27	1
0.333333333333333	3	27	1
0.21875	3	27	1
0.346153846153846	3	27	1
0.333333333333333	3	27	1
0.148148148148148	3	27	1
0.25	3	27	1
0.28	3	27	1
0.407407407407407	3	27	1
0.241379310344828	3	27	1
0.458333333333333	3	27	1
0.307692307692308	3	27	1
0.4375	3	27	1
0.375	3	27	1
0.294117647058824	3	27	1
0.346153846153846	3	27	1
0.305555555555556	3	27	1
0.238095238095238	3	27	1
0.307692307692308	3	27	1
0.4	3	27	1
0.344827586206897	3	27	1
0.393939393939394	3	27	1
0.333333333333333	3	27	1
0.25	3	27	1
0.391304347826087	3	27	1
0.354838709677419	3	27	1
0.304347826086957	3	27	1
0.379310344827586	3	27	1
0.36	3	27	1
0.181818181818182	3	27	1
0.2	3	27	1
0.464285714285714	3	27	1
0.264705882352941	3	27	1
0.391304347826087	3	27	1
0.366666666666667	3	27	1
0.3	3	27	1
0.325	3	27	1
0.176470588235294	3	27	1
0.36	3	27	1
0.416666666666667	3	27	1
0.323529411764706	3	27	1
0.371428571428571	3	27	1
0.333333333333333	3	27	1
0.407407407407407	3	27	1
0.294117647058824	3	27	1
0.36	3	27	1
0.464285714285714	3	27	1
0.285714285714286	3	27	1
0.4	3	27	1
0.444444444444444	3	27	1
0.333333333333333	3	27	1
0.222222222222222	3	27	1
0.380952380952381	3	27	1
0.65	3	27	1
0.275862068965517	3	27	1
0.371428571428571	3	27	1
0.4	3	27	1
0.230769230769231	3	27	1
0.409090909090909	3	27	1
0.233333333333333	3	27	1
0.423076923076923	3	27	1
0.363636363636364	3	27	1
0.28	3	27	1
0.375	3	27	1
0.315789473684211	3	27	1
0.378378378378378	3	27	1
0.21875	3	27	1
0.416666666666667	3	27	1
0.344827586206897	3	27	1
0.15625	3	27	1
0.3	3	27	1
0.333333333333333	3	27	1
0.230769230769231	3	27	1
0.315789473684211	3	27	1
0.590909090909091	3	27	1
0.523809523809524	3	27	1
0.307692307692308	3	27	1
0.27027027027027	3	27	1
0.307692307692308	3	27	1
0.266666666666667	3	27	1
0.333333333333333	3	27	1
0.391304347826087	3	27	1
0.454545454545455	3	27	1
0.214285714285714	3	27	1
0.4	3	27	1
0.35	3	27	1
0.333333333333333	3	27	1
0.176470588235294	3	27	1
0.272727272727273	3	27	1
0.314285714285714	3	27	1
0.357142857142857	3	27	1
0.451612903225806	3	27	1
0.24	3	27	1
0.28	3	27	1
0.296296296296296	3	27	1
0.40625	3	27	1
0.222222222222222	3	27	1
0.65	3	27	1
0.2	3	27	1
0.461538461538462	3	27	1
0.222222222222222	3	27	1
0.35	3	27	1
0.3125	3	27	1
0.266666666666667	3	27	1
0.2	3	27	1
0.166666666666667	3	27	1
0.379310344827586	3	27	1
0.375	3	27	1
0.4	3	27	1
0.384615384615385	3	27	1
0.28125	3	27	1
0.3125	3	27	1
0.214285714285714	3	27	1
0.631578947368421	3	27	1
0.411764705882353	3	27	1
0.392857142857143	3	27	1
0.565217391304348	3	27	1
0.2	4	35	1
0.25	4	35	1
0.222222222222222	4	35	1
0.205128205128205	4	35	1
0.130434782608696	4	35	1
0.307692307692308	4	35	1
0.210526315789474	4	35	1
0.275	4	35	1
0.227272727272727	4	35	1
0.16	4	35	1
0.235294117647059	4	35	1
0.25	4	35	1
0.333333333333333	4	35	1
0.16	4	35	1
0.24	4	35	1
0.258064516129032	4	35	1
0.241379310344828	4	35	1
0.114285714285714	4	35	1
0.209302325581395	4	35	1
0.323529411764706	4	35	1
0.5	4	35	1
0.256410256410256	4	35	1
0.242424242424242	4	35	1
0.27027027027027	4	35	1
0.25	4	35	1
0.210526315789474	4	35	1
0.3	4	35	1
0.666666666666667	4	35	1
0.37037037037037	4	35	1
0.258064516129032	4	35	1
0.233333333333333	4	35	1
0.296296296296296	4	35	1
0.241379310344828	4	35	1
0.230769230769231	4	35	1
0.129032258064516	4	35	1
0.219512195121951	4	35	1
0.205128205128205	4	35	1
0.292682926829268	4	35	1
0.184210526315789	4	35	1
0.2	4	35	1
0.175438596491228	4	35	1
0.325581395348837	4	35	1
0.136363636363636	4	35	1
0.243243243243243	4	35	1
0.285714285714286	4	35	1
0.230769230769231	4	35	1
0.15625	4	35	1
0.324324324324324	4	35	1
0.225806451612903	4	35	1
0.263157894736842	4	35	1
0.293103448275862	4	35	1
0.216216216216216	4	35	1
0.3125	4	35	1
0.411764705882353	4	35	1
0.297297297297297	4	35	1
0.240740740740741	4	35	1
0.194444444444444	4	35	1
0.115384615384615	4	35	1
0.225806451612903	4	35	1
0.315789473684211	4	35	1
0.1875	4	35	1
0.222222222222222	4	35	1
0.25	4	35	1
0.303030303030303	4	35	1
0.227272727272727	4	35	1
0.254901960784314	4	35	1
0.186046511627907	4	35	1
0.161290322580645	4	35	1
0.222222222222222	4	35	1
0.294117647058824	4	35	1
0.24	4	35	1
0.162790697674419	4	35	1
0.263157894736842	4	35	1
0.206896551724138	4	35	1
0.18	4	35	1
0.258064516129032	4	35	1
0.361111111111111	4	35	1
0.3	4	35	1
0.268292682926829	4	35	1
0.255813953488372	4	35	1
0.285714285714286	4	35	1
0.275862068965517	4	35	1
0.285714285714286	4	35	1
0.30952380952381	4	35	1
0.30952380952381	4	35	1
0.224489795918367	4	35	1
0.216216216216216	4	35	1
0.266666666666667	4	35	1
0.404761904761905	4	35	1
0.234042553191489	4	35	1
0.296296296296296	4	35	1
0.184210526315789	4	35	1
0.394736842105263	4	35	1
0.2	4	35	1
0.195652173913043	4	35	1
0.32	4	35	1
0.303030303030303	4	35	1
0.179487179487179	4	35	1
0.352941176470588	4	35	1
0.205128205128205	4	35	1
0.236842105263158	4	35	1
0.225	4	35	1
0.21875	4	35	1
0.208333333333333	4	35	1
0.179487179487179	4	35	1
0.119047619047619	4	35	1
0.181818181818182	4	35	1
0.310344827586207	4	35	1
0.169811320754717	4	35	1
0.333333333333333	4	35	1
0.157894736842105	4	35	1
0.0833333333333333	4	35	1
0.222222222222222	4	35	1
0.292682926829268	4	35	1
0.342105263157895	4	35	1
0.315789473684211	4	35	1
0.208333333333333	4	35	1
0.157894736842105	4	35	1
0.230769230769231	4	35	1
0.266666666666667	4	35	1
0.212765957446809	4	35	1
0.138888888888889	4	35	1
0.159090909090909	4	35	1
0.25	4	35	1
0.138888888888889	4	35	1
0.170212765957447	4	35	1
0.315789473684211	4	35	1
0.352941176470588	4	35	1
0.275	4	35	1
0.297872340425532	4	35	1
0.263157894736842	4	35	1
0.28	4	35	1
0.233333333333333	4	35	1
0.210526315789474	4	35	1
0.366666666666667	4	35	1
0.366666666666667	4	35	1
0.347826086956522	4	35	1
0.179487179487179	4	35	1
0.257142857142857	4	35	1
0.210526315789474	4	35	1
0.257142857142857	4	35	1
0.268292682926829	4	35	1
0.260869565217391	4	35	1
0.254901960784314	4	35	1
0.166666666666667	4	35	1
0.269230769230769	4	35	1
0.3125	4	35	1
0.25	4	35	1
0.411764705882353	4	35	1
0.214285714285714	4	35	1
0.36	4	35	1
0.25	4	35	1
0.787878787878788	4	35	1
0.375	4	35	1
0.238095238095238	4	35	1
0.25531914893617	4	35	1
0.307692307692308	4	35	1
0.333333333333333	4	35	1
0.348837209302326	4	35	1
0.285714285714286	4	35	1
0.285714285714286	4	35	1
0.285714285714286	4	35	1
0.3125	4	35	1
0.264150943396226	4	35	1
0.179487179487179	4	35	1
0.28	4	35	1
0.305555555555556	4	35	1
0.214285714285714	4	35	1
0.161290322580645	4	35	1
0.263157894736842	4	35	1
0.259259259259259	4	35	1
0.25	4	35	1
0.266666666666667	4	35	1
0.277777777777778	4	35	1
0.305555555555556	4	35	1
0.666666666666667	4	35	1
0.478260869565217	4	35	1
0.833333333333333	4	35	1
0.225806451612903	4	35	1
0.277777777777778	4	35	1
0.21875	4	35	1
0.78125	4	35	1
0.181818181818182	4	35	1
0.269230769230769	4	35	1
0.15625	4	35	1
0.244444444444444	4	35	1
0.2	4	35	1
0.518518518518518	4	35	1
0.263157894736842	4	35	1
0.25	4	35	1
0.34375	4	35	1
0.26530612244898	4	35	1
0.25	4	35	1
0.4	4	35	1
0.282051282051282	4	35	1
0.27027027027027	4	35	1
0.1875	4	35	1
0.326086956521739	4	35	1
0.225	4	35	1
0.470588235294118	4	35	1
0.192307692307692	4	35	1
0.166666666666667	4	35	1
0.390243902439024	4	35	1
0.238095238095238	4	35	1
0.25	4	35	1
0.181818181818182	4	35	1
0.204081632653061	4	35	1
0.833333333333333	4	35	1
0.256410256410256	4	35	1
0.419354838709677	4	35	1
0.44	4	35	1
0.266666666666667	4	35	1
0.15	4	35	1
0.238095238095238	4	35	1
0.181818181818182	4	35	1
0.173076923076923	4	35	1
0.176470588235294	4	35	1
0.264705882352941	4	35	1
0.361111111111111	4	35	1
0.275862068965517	4	35	1
0.21875	4	35	1
0.236842105263158	4	35	1
0.238095238095238	4	35	1
0.277777777777778	4	35	1
0.315789473684211	4	35	1
0.3	4	35	1
0.269230769230769	4	35	1
0.303030303030303	4	35	1
0.179487179487179	4	35	1
0.228571428571429	4	35	1
0.193548387096774	4	35	1
0.2	4	35	1
0.173913043478261	4	35	1
0.236842105263158	4	35	1
0.25	4	35	1
0.264705882352941	4	35	1
0.263157894736842	4	35	1
0.255813953488372	4	35	1
0.24390243902439	4	35	1
0.208333333333333	4	35	1
0.243243243243243	4	35	1
0.277777777777778	4	35	1
0.181818181818182	4	35	1
0.186046511627907	4	35	1
0.27027027027027	4	35	1
0.176470588235294	4	35	1
0.243243243243243	4	35	1
0.294117647058824	4	35	1
0.128205128205128	4	35	1
0.258064516129032	4	35	1
0.206896551724138	4	35	1
0.380952380952381	4	35	1
0.25	4	35	1
0.153846153846154	4	35	1
0.363636363636364	4	35	1
0.166666666666667	4	35	1
0.2	4	35	1
0.323529411764706	4	35	1
0.243243243243243	4	35	1
0.230769230769231	4	35	1
0.244897959183673	4	35	1
0.295454545454545	4	35	1
0.35	4	35	1
0.241379310344828	4	35	1
0.344827586206897	4	35	1
0.52	4	35	1
0.217391304347826	4	35	1
0.111111111111111	4	35	1
0.16	4	35	1
0.423076923076923	4	35	1
0.272727272727273	4	35	1
0.238095238095238	4	35	1
0.157894736842105	4	35	1
0.25	4	35	1
0.19047619047619	4	35	1
0.2	4	35	1
0.263157894736842	4	35	1
0.318181818181818	4	35	1
0.37037037037037	4	35	1
0.171428571428571	4	35	1
0.315789473684211	4	35	1
0.282608695652174	4	35	1
0.191489361702128	4	35	1
0.357142857142857	4	35	1
0.204081632653061	4	35	1
0.305555555555556	4	35	1
0.307692307692308	4	35	1
0.173913043478261	4	35	1
0.314285714285714	4	35	1
0.289473684210526	4	35	1
0.351351351351351	4	35	1
0.285714285714286	4	35	1
0.269230769230769	4	35	1
0.277777777777778	4	35	1
0.24390243902439	4	35	1
0.178571428571429	4	35	1
0.25	4	35	1
0.243243243243243	4	35	1
0.205128205128205	4	35	1
0.6	4	35	1
0.129032258064516	4	35	1
0.193548387096774	4	35	1
0.333333333333333	4	35	1
0.24390243902439	4	35	1
0.242424242424242	4	35	1
0.260869565217391	4	35	1
0.277777777777778	4	35	1
0.341463414634146	4	35	1
0.305555555555556	4	35	1
0.117647058823529	4	35	1
0.333333333333333	4	35	1
0.204545454545455	4	35	1
0.258064516129032	4	35	1
0.176470588235294	4	35	1
0.204545454545455	4	35	1
0.2	4	35	1
0.260869565217391	4	35	1
0.294117647058824	4	35	1
0.125	4	35	1
0.341463414634146	4	35	1
0.214285714285714	4	35	1
0.333333333333333	4	35	1
0.274509803921569	4	35	1
0.292682926829268	4	35	1
0.184210526315789	4	35	1
0.361111111111111	4	35	1
0.166666666666667	4	35	1
0.185185185185185	4	35	1
0.35	4	35	1
0.2	4	35	1
0.395833333333333	4	35	1
0.184210526315789	4	35	1
0.285714285714286	4	35	1
0.352941176470588	4	35	1
0.170731707317073	4	35	1
0.295454545454545	4	35	1
0.142857142857143	4	35	1
0.30952380952381	4	35	1
0.266666666666667	4	35	1
0.212765957446809	4	35	1
0.2	4	35	1
0.32	4	35	1
0.142857142857143	4	35	1
0.206896551724138	4	35	1
0.204545454545455	4	35	1
0.129032258064516	4	35	1
0.516129032258065	4	35	1
0.121212121212121	4	35	1
0.209302325581395	4	35	1
0.263157894736842	4	35	1
0.194444444444444	4	35	1
0.137931034482759	4	35	1
0.2	4	35	1
0.282608695652174	4	35	1
0.282051282051282	4	35	1
0.28125	4	35	1
0.176470588235294	4	35	1
0.233333333333333	4	35	1
0.378378378378378	4	35	1
0.256410256410256	4	35	1
0.222222222222222	4	35	1
0.363636363636364	4	35	1
0.264705882352941	4	35	1
0.40625	4	35	1
0.162790697674419	4	35	1
0.15	4	35	1
0.125	4	35	1
0.366666666666667	4	35	1
0.275862068965517	4	35	1
0.166666666666667	4	35	1
0.2	4	35	1
0.292682926829268	4	35	1
0.209302325581395	4	35	1
0.382352941176471	4	35	1
0.333333333333333	4	35	1
0.194444444444444	4	35	1
0.3	4	35	1
0.228571428571429	4	35	1
0.315789473684211	4	35	1
0.209302325581395	4	35	1
0.40625	4	35	1
0.209302325581395	4	35	1
0.135135135135135	4	35	1
0.612903225806452	4	35	1
0.214285714285714	4	35	1
0.121212121212121	4	35	1
0.159090909090909	4	35	1
0.244444444444444	4	35	1
0.277777777777778	4	35	1
0.203389830508475	4	35	1
0.189189189189189	4	35	1
0.176470588235294	4	35	1
0.428571428571429	4	35	1
0.37037037037037	4	35	1
0.358974358974359	4	35	1
0.294117647058824	4	35	1
0.307692307692308	4	35	1
0.244444444444444	4	35	1
0.1875	4	35	1
0.189189189189189	4	35	1
0.295454545454545	4	35	1
0.244444444444444	4	35	1
0.228571428571429	4	35	1
0.114285714285714	4	35	1
0.333333333333333	4	35	1
0.21875	4	35	1
0.157894736842105	4	35	1
0.129032258064516	4	35	1
0.186046511627907	4	35	1
0.170731707317073	4	35	1
0.210526315789474	4	35	1
0.185185185185185	4	35	1
0.3	4	35	1
0.208333333333333	4	35	1
0.214285714285714	4	35	1
0.235294117647059	4	35	1
0.48780487804878	4	35	1
0.2	4	35	1
0.275	4	35	1
0.15	4	35	1
0.285714285714286	4	35	1
0.125	4	35	1
0.25	4	35	1
0.16	4	35	1
0.272727272727273	4	35	1
0.195652173913043	4	35	1
0.176470588235294	4	35	1
0.5	4	35	1
0.282051282051282	4	35	1
0.212121212121212	4	35	1
0.257142857142857	4	35	1
0.333333333333333	4	35	1
0.119047619047619	4	35	1
0.25	4	35	1
0.225806451612903	4	35	1
0.255813953488372	4	35	1
0.222222222222222	4	35	1
0.195121951219512	4	35	1
0.625	4	35	1
0.25	4	35	1
0.127659574468085	4	35	1
0.133333333333333	4	35	1
0.133333333333333	4	35	1
0.241379310344828	4	35	1
0.142857142857143	4	35	1
0.212121212121212	4	35	1
0.212121212121212	4	35	1
0.195121951219512	4	35	1
0.305555555555556	4	35	1
0.127659574468085	4	35	1
0.189189189189189	4	35	1
0.302325581395349	4	35	1
0.294117647058824	4	35	1
0.18	4	35	1
0.216216216216216	4	35	1
0.382352941176471	4	35	1
0.189189189189189	4	35	1
0.233333333333333	4	35	1
0.214285714285714	4	35	1
0.428571428571429	4	35	1
0.296296296296296	4	35	1
0.217391304347826	4	35	1
0.225806451612903	4	35	1
0.230769230769231	4	35	1
0.285714285714286	4	35	1
0.2	4	35	1
0.177777777777778	4	35	1
0.186046511627907	4	35	1
0.315789473684211	4	35	1
0.208333333333333	4	35	1
0.142857142857143	4	35	1
0.114754098360656	4	35	1
0.212121212121212	4	35	1
0.1875	4	35	1
0.305555555555556	4	35	1
0.25	4	35	1
0.219512195121951	4	35	1
0.275862068965517	4	35	1
0.269230769230769	4	35	1
0.209302325581395	4	35	1
0.255813953488372	4	35	1
0.3125	4	35	1
0.230769230769231	4	35	1
0.324324324324324	4	35	1
0.277777777777778	4	35	1
0.3125	4	35	1
0.185185185185185	4	35	1
0.324324324324324	4	35	1
0.272727272727273	4	35	1
0.28125	4	35	1
0.157894736842105	4	35	1
0.148148148148148	4	35	1
0.153846153846154	4	35	1
0.162790697674419	4	35	1
0.25	4	35	1
0.272727272727273	4	35	1
0.260869565217391	4	35	1
0.344827586206897	4	35	1
0.277777777777778	4	35	1
0.238095238095238	4	35	1
0.288135593220339	4	35	1
0.311111111111111	4	35	1
0.357142857142857	4	35	1
0.212121212121212	4	35	1
0.333333333333333	4	35	1
0.232558139534884	4	35	1
0.242424242424242	4	35	1
0.297297297297297	4	35	1
0.206896551724138	4	35	1
0.393939393939394	4	35	1
0.2	4	35	1
0.176470588235294	4	35	1
0.137931034482759	4	35	1
0.323529411764706	4	35	1
0.153846153846154	4	35	1
0.258064516129032	4	35	1
0.195121951219512	4	35	1
0.195121951219512	4	35	1
0.21875	4	35	1
0.294117647058824	4	35	1
0.37037037037037	4	35	1
0.375	4	35	1
0.12	4	35	1
0.318181818181818	4	35	1
0.310344827586207	4	35	1
0.216216216216216	4	35	1
0.137931034482759	4	35	1
0.256410256410256	4	35	1
0.310344827586207	4	35	1
0.122448979591837	4	35	1
0.314285714285714	4	35	1
0.222222222222222	4	35	1
0.366666666666667	4	35	1
0.12	4	35	1
0.28125	4	35	1
0.208333333333333	4	35	1
0.166666666666667	4	35	1
0.146341463414634	4	35	1
0.25531914893617	4	35	1
0.272727272727273	4	35	1
0.204081632653061	4	35	1
0.294117647058824	4	35	1
0.378378378378378	4	35	1
0.142857142857143	4	35	1
0.297297297297297	4	35	1
0.529411764705882	4	35	1
0.15625	4	35	1
0.205128205128205	4	35	1
0.333333333333333	4	35	1
0.269230769230769	4	35	1
0.260869565217391	4	35	1
0.235294117647059	4	35	1
0.230769230769231	4	35	1
0.315789473684211	4	35	1
0.170731707317073	4	35	1
0.134615384615385	4	35	1
0.289473684210526	4	35	1
0.266666666666667	4	35	1
0.137931034482759	4	35	1
0.258064516129032	4	35	1
0.175	4	35	1
1	4	35	1
1	4	35	1
0.121951219512195	4	35	1
0.244444444444444	4	35	1
0.285714285714286	4	35	1
0.268292682926829	4	35	1
0.272727272727273	4	35	1
0.515151515151515	4	35	1
0.25	4	35	1
0.32258064516129	4	35	1
0.162162162162162	4	35	1
0.214285714285714	4	35	1
0.285714285714286	4	35	1
0.166666666666667	4	35	1
0.1875	4	35	1
0.25	4	35	1
0.24390243902439	4	35	1
0.266666666666667	4	35	1
0.242424242424242	4	35	1
0.405405405405405	4	35	1
0.173076923076923	4	35	1
0.414634146341463	4	35	1
0.235294117647059	4	35	1
0.194444444444444	4	35	1
0.2	4	35	1
0.3	4	35	1
0.14	4	35	1
0.297872340425532	4	35	1
0.173913043478261	4	35	1
0.264705882352941	4	35	1
0.196078431372549	4	35	1
0.196078431372549	4	35	1
0.261904761904762	4	35	1
0.282051282051282	4	35	1
0.236842105263158	4	35	1
0.258064516129032	4	35	1
0.354838709677419	4	35	1
0.323529411764706	4	35	1
0.255813953488372	4	35	1
0.272727272727273	4	35	1
0.206896551724138	4	35	1
0.25	4	35	1
0.214285714285714	4	35	1
0.171428571428571	4	35	1
0.3	4	35	1
0.25531914893617	4	35	1
0.19047619047619	4	35	1
0.15	4	35	1
0.333333333333333	4	35	1
0.222222222222222	4	35	1
0.2	4	35	1
0.233333333333333	4	35	1
0.303030303030303	4	35	1
0.16	4	35	1
0.242424242424242	4	35	1
0.25	4	35	1
0.186046511627907	4	35	1
0.125	4	35	1
0.413793103448276	4	35	1
0.275862068965517	4	35	1
0.272727272727273	4	35	1
0.25	4	35	1
0.148148148148148	4	35	1
0.159090909090909	4	35	1
0.25	4	35	1
0.117647058823529	4	35	1
0.1875	4	35	1
0.2	4	35	1
0.142857142857143	4	35	1
0.565217391304348	4	35	1
0.242424242424242	4	35	1
0.321428571428571	4	35	1
0.241379310344828	4	35	1
0.244444444444444	4	35	1
0.228571428571429	4	35	1
0.347826086956522	4	35	1
0.285714285714286	4	35	1
0.219512195121951	4	35	1
0.230769230769231	4	35	1
0.241379310344828	4	35	1
0.25	4	35	1
0.290322580645161	4	35	1
0.333333333333333	4	35	1
0.193548387096774	4	35	1
0.162162162162162	4	35	1
0.435897435897436	4	35	1
0.466666666666667	4	35	1
0.15625	4	35	1
0.25	4	35	1
0.342857142857143	4	35	1
0.291666666666667	4	35	1
0.24390243902439	4	35	1
0.130434782608696	4	35	1
0.272727272727273	4	35	1
0.310344827586207	4	35	1
0.195121951219512	4	35	1
0.2	4	35	1
0.277777777777778	4	35	1
0.153846153846154	4	35	1
0.36	4	35	1
0.319148936170213	4	35	1
0.233333333333333	4	35	1
0.264705882352941	4	35	1
0.261904761904762	4	35	1
0.261904761904762	4	35	1
0.192307692307692	4	35	1
0.260869565217391	4	35	1
0.222222222222222	4	35	1
0.257142857142857	4	35	1
0.34375	4	35	1
0.111111111111111	4	35	1
0.388888888888889	4	35	1
0.342857142857143	4	35	1
0.282051282051282	4	35	1
0.311111111111111	4	35	1
0.241379310344828	4	35	1
0.216216216216216	4	35	1
0.214285714285714	4	35	1
0.386363636363636	4	35	1
0.181818181818182	4	35	1
0.2	4	35	1
0.233333333333333	4	35	1
0.133333333333333	4	35	1
0.241379310344828	4	35	1
0.26	4	35	1
0.125	4	35	1
0.2	4	35	1
0.391304347826087	4	35	1
0.25	4	35	1
0.366666666666667	4	35	1
0.259259259259259	4	35	1
0.228571428571429	4	35	1
0.259259259259259	4	35	1
0.239130434782609	4	35	1
0.266666666666667	4	35	1
0.280701754385965	4	35	1
0.162790697674419	4	35	1
0.24	4	35	1
0.171428571428571	4	35	1
0.175	4	35	1
0.6	4	35	1
0.272727272727273	4	35	1
0.214285714285714	4	35	1
0.153846153846154	4	35	1
0.261904761904762	4	35	1
0.228571428571429	4	35	1
0.25	4	35	1
0.285714285714286	4	35	1
0.28	4	35	1
0.210526315789474	4	35	1
0.295454545454545	4	35	1
0.294117647058824	4	35	1
0.289473684210526	4	35	1
0.275	4	35	1
0.314285714285714	4	35	1
0.311111111111111	4	35	1
0.324324324324324	4	35	1
0.153846153846154	4	35	1
0.171428571428571	4	35	1
0.294117647058824	4	35	1
0.208333333333333	4	35	1
0.304347826086957	4	35	1
0.214285714285714	4	35	1
0.25	4	35	1
0.15	4	35	1
0.176470588235294	4	35	1
0.580645161290323	4	35	1
0.222222222222222	4	35	1
0.2	4	35	1
0.25	4	35	1
0.53125	4	35	1
0.3125	4	35	1
0.282051282051282	4	35	1
0.275862068965517	4	35	1
0.206896551724138	4	35	1
0.181818181818182	4	35	1
0.297297297297297	4	35	1
0.204081632653061	4	35	1
0.375	4	35	1
0.111111111111111	4	35	1
0.214285714285714	4	35	1
0.318181818181818	4	35	1
0.259259259259259	4	35	1
0.216216216216216	4	35	1
0.4375	4	35	1
0.352941176470588	4	35	1
0.25	4	35	1
0.368421052631579	4	35	1
0.323529411764706	4	35	1
0.205128205128205	4	35	1
0.314285714285714	4	35	1
0.184210526315789	4	35	1
0.25	4	35	1
0.261904761904762	4	35	1
0.3	4	35	1
0.155555555555556	4	35	1
0.193548387096774	4	35	1
0.166666666666667	4	35	1
