VAF	CN	avg.depth	purity
0.260869565217391	1	21	0.95
0.136363636363636	1	21	0.95
0.176470588235294	1	21	0.95
0.142857142857143	1	21	0.95
0.269230769230769	1	21	0.95
0.875	1	21	0.95
0.875	1	21	0.95
0.173913043478261	1	21	0.95
0.25	1	21	0.95
0.157894736842105	1	21	0.95
0.2	1	21	0.95
0.173913043478261	1	21	0.95
0.107142857142857	1	21	0.95
0.107142857142857	1	21	0.95
0.285714285714286	1	21	0.95
0.12	1	21	0.95
0.075	1	21	0.95
0.545454545454545	1	21	0.95
0.2	1	21	0.95
0.28	1	21	0.95
0.136363636363636	1	21	0.95
0.136363636363636	1	21	0.95
0.119047619047619	2	28	0.95
0.147058823529412	2	28	0.95
0.1875	2	28	0.95
0.166666666666667	2	28	0.95
0.114285714285714	2	28	0.95
0.129032258064516	2	28	0.95
0.106382978723404	2	28	0.95
0.129032258064516	2	28	0.95
0.1875	2	28	0.95
0.153846153846154	2	28	0.95
0.333333333333333	2	28	0.95
0.35	2	28	0.95
0.6	2	28	0.95
0.1875	2	28	0.95
0.315789473684211	2	28	0.95
0.113636363636364	2	28	0.95
0.0789473684210526	2	28	0.95
0.125	2	28	0.95
0.314285714285714	2	28	0.95
0.636363636363636	2	28	0.95
0.272727272727273	2	28	0.95
0.277777777777778	2	28	0.95
0.5625	2	28	0.95
0.166666666666667	2	28	0.95
0.0909090909090909	2	28	0.95
0.181818181818182	2	28	0.95
0.642857142857143	2	28	0.95
0.323529411764706	2	28	0.95
0.444444444444444	2	28	0.95
0.454545454545455	2	28	0.95
0.615384615384615	2	28	0.95
0.6875	2	28	0.95
0.272727272727273	2	28	0.95
0.181818181818182	2	28	0.95
0.131578947368421	2	28	0.95
0.111111111111111	2	28	0.95
0.09375	2	28	0.95
0.111111111111111	2	28	0.95
0.181818181818182	2	28	0.95
0.473684210526316	2	28	0.95
0.103448275862069	2	28	0.95
0.105263157894737	2	28	0.95
0.129032258064516	2	28	0.95
0.448275862068966	2	28	0.95
0.125	2	28	0.95
0.136363636363636	2	28	0.95
0.125	2	28	0.95
0.15625	2	28	0.95
0.121212121212121	2	28	0.95
0.166666666666667	2	28	0.95
0.6	2	28	0.95
0.130434782608696	2	28	0.95
0.0967741935483871	2	28	0.95
0.523809523809524	2	28	0.95
0.5	2	28	0.95
0.107142857142857	2	28	0.95
0.107142857142857	2	28	0.95
0.5	2	28	0.95
0.105263157894737	2	28	0.95
0.272727272727273	2	28	0.95
0.6	2	28	0.95
0.09375	2	28	0.95
0.1	2	28	0.95
0.444444444444444	2	28	0.95
0.2	2	28	0.95
0.157894736842105	2	28	0.95
0.148148148148148	2	28	0.95
0.142857142857143	2	28	0.95
0.391304347826087	2	28	0.95
0.171428571428571	2	28	0.95
0.157894736842105	2	28	0.95
0.5	2	28	0.95
0.175	2	28	0.95
0.153846153846154	2	28	0.95
0.173913043478261	2	28	0.95
0.181818181818182	2	28	0.95
0.107142857142857	2	28	0.95
0.388888888888889	2	28	0.95
0.545454545454545	2	28	0.95
0.473684210526316	2	28	0.95
0.107142857142857	2	28	0.95
0.1875	2	28	0.95
0.230769230769231	2	28	0.95
0.12	2	28	0.95
0.105263157894737	2	28	0.95
0.193548387096774	2	28	0.95
0.4375	2	28	0.95
0.157894736842105	2	28	0.95
0.181818181818182	2	28	0.95
0.166666666666667	2	28	0.95
0.15	2	28	0.95
0.571428571428571	2	28	0.95
0.193548387096774	2	28	0.95
0.148148148148148	2	28	0.95
0.162162162162162	2	28	0.95
0.615384615384615	2	28	0.95
0.461538461538462	2	28	0.95
0.13953488372093	2	28	0.95
0.114285714285714	2	28	0.95
0.1875	2	28	0.95
0.1875	2	28	0.95
0.166666666666667	2	28	0.95
0.176470588235294	2	28	0.95
0.3	2	28	0.95
0.5	2	28	0.95
0.214285714285714	2	28	0.95
0.162162162162162	2	28	0.95
0.0882352941176471	2	28	0.95
0.24	2	28	0.95
0.1875	2	28	0.95
0.375	2	28	0.95
0.146341463414634	2	28	0.95
0.0714285714285714	2	28	0.95
0.103448275862069	2	28	0.95
0.538461538461538	2	28	0.95
0.444444444444444	2	28	0.95
0.171428571428571	2	28	0.95
0.777777777777778	2	28	0.95
0.0810810810810811	2	28	0.95
0.411764705882353	2	28	0.95
0.285714285714286	2	28	0.95
0.714285714285714	2	28	0.95
0.130434782608696	2	28	0.95
0.230769230769231	2	28	0.95
0.189189189189189	2	28	0.95
0.1875	2	28	0.95
0.15625	2	28	0.95
0.125	2	28	0.95
0.590909090909091	2	28	0.95
0.222222222222222	2	28	0.95
0.193548387096774	2	28	0.95
0.571428571428571	2	28	0.95
0.12	2	28	0.95
0.238095238095238	2	28	0.95
0.304347826086957	2	28	0.95
0.111111111111111	2	28	0.95
0.148148148148148	2	28	0.95
0.0833333333333333	2	28	0.95
0.0967741935483871	2	28	0.95
0.371428571428571	2	28	0.95
0.125	2	28	0.95
0.125	2	28	0.95
0.545454545454545	2	28	0.95
0.5	2	28	0.95
0.466666666666667	2	28	0.95
0.13953488372093	2	28	0.95
0.333333333333333	2	28	0.95
0.115384615384615	2	28	0.95
0.155555555555556	2	28	0.95
0.130434782608696	2	28	0.95
0.526315789473684	2	28	0.95
0.4	2	28	0.95
0.578947368421053	2	28	0.95
0.708333333333333	2	28	0.95
0.72	2	28	0.95
0.166666666666667	2	28	0.95
0.333333333333333	2	28	0.95
0.166666666666667	2	28	0.95
0.0909090909090909	2	28	0.95
0.5	2	28	0.95
0.411764705882353	2	28	0.95
0.142857142857143	2	28	0.95
0.466666666666667	2	28	0.95
0.3125	2	28	0.95
0.193548387096774	2	28	0.95
0.142857142857143	2	28	0.95
0.0967741935483871	2	28	0.95
0.105263157894737	2	28	0.95
0.291666666666667	2	28	0.95
0.15625	2	28	0.95
0.666666666666667	2	28	0.95
0.541666666666667	2	28	0.95
0.125	2	28	0.95
0.153846153846154	2	28	0.95
0.368421052631579	2	28	0.95
0.111111111111111	2	28	0.95
0.130434782608696	2	28	0.95
0.113636363636364	2	28	0.95
0.148148148148148	2	28	0.95
0.352941176470588	2	28	0.95
0.214285714285714	2	28	0.95
0.125	2	28	0.95
0.368421052631579	2	28	0.95
0.3	2	28	0.95
0.272727272727273	2	28	0.95
0.666666666666667	2	28	0.95
0.136363636363636	2	28	0.95
0.409090909090909	2	28	0.95
0.666666666666667	2	28	0.95
0.25	2	28	0.95
0.125	2	28	0.95
0.5	2	28	0.95
0.513513513513513	2	28	0.95
0.53125	2	28	0.95
0.272727272727273	2	28	0.95
0.464285714285714	2	28	0.95
0.464285714285714	2	28	0.95
0.333333333333333	2	28	0.95
0.176470588235294	2	28	0.95
0.146341463414634	2	28	0.95
0.146341463414634	2	28	0.95
0.13953488372093	2	28	0.95
0.0833333333333333	2	28	0.95
0.12	2	28	0.95
0.578947368421053	2	28	0.95
0.19047619047619	2	28	0.95
0.103448275862069	2	28	0.95
0.111111111111111	2	28	0.95
0.0833333333333333	2	28	0.95
0.15	2	28	0.95
0.111111111111111	2	28	0.95
0.153846153846154	2	28	0.95
0.583333333333333	2	28	0.95
0.171428571428571	2	28	0.95
0.131578947368421	2	28	0.95
0.142857142857143	2	28	0.95
0.133333333333333	2	28	0.95
0.428571428571429	2	28	0.95
0.121212121212121	2	28	0.95
0.137931034482759	2	28	0.95
0.0882352941176471	2	28	0.95
0.115384615384615	2	28	0.95
0.363636363636364	2	28	0.95
0.162162162162162	2	28	0.95
0.102040816326531	2	28	0.95
0.142857142857143	2	28	0.95
0.0909090909090909	2	28	0.95
0.368421052631579	2	28	0.95
0.162162162162162	2	28	0.95
0.162162162162162	2	28	0.95
0.155555555555556	2	28	0.95
0.176470588235294	2	28	0.95
0.111111111111111	2	28	0.95
0.176470588235294	2	28	0.95
0.533333333333333	2	28	0.95
0.136363636363636	2	28	0.95
0.444444444444444	2	28	0.95
0.375	2	28	0.95
0.145833333333333	2	28	0.95
0.193548387096774	2	28	0.95
0.162162162162162	2	28	0.95
0.135135135135135	2	28	0.95
0.142857142857143	2	28	0.95
0.516129032258065	2	28	0.95
0.133333333333333	2	28	0.95
0.24	2	28	0.95
0.107142857142857	2	28	0.95
0.461538461538462	2	28	0.95
0.2	2	28	0.95
0.0967741935483871	2	28	0.95
0.152173913043478	2	28	0.95
0.407407407407407	2	28	0.95
0.146341463414634	2	28	0.95
0.307692307692308	2	28	0.95
0.15	2	28	0.95
0.102564102564103	2	28	0.95
0.166666666666667	2	28	0.95
0.363636363636364	2	28	0.95
0.121951219512195	2	28	0.95
0.272727272727273	2	28	0.95
0.230769230769231	2	28	0.95
0.230769230769231	2	28	0.95
0.304347826086957	2	28	0.95
0.666666666666667	2	28	0.95
0.565217391304348	2	28	0.95
0.380952380952381	2	28	0.95
0.136363636363636	2	28	0.95
0.45	2	28	0.95
0.125	2	28	0.95
0.222222222222222	2	28	0.95
0.5	2	28	0.95
0.1	2	28	0.95
0.12	2	28	0.95
0.307692307692308	2	28	0.95
0.193548387096774	2	28	0.95
0.1875	2	28	0.95
0.411764705882353	2	28	0.95
0.157894736842105	2	28	0.95
0.2	2	28	0.95
0.411764705882353	2	28	0.95
0.545454545454545	2	28	0.95
0.5	2	28	0.95
0.375	2	28	0.95
0.103448275862069	2	28	0.95
0.2	2	28	0.95
0.0882352941176471	2	28	0.95
0.2	2	28	0.95
0.125	2	28	0.95
0.15	2	28	0.95
0.210526315789474	2	28	0.95
0.13953488372093	2	28	0.95
0.41025641025641	2	28	0.95
0.147058823529412	2	28	0.95
0.541666666666667	2	28	0.95
0.15	2	28	0.95
0.5	2	28	0.95
0.521739130434783	2	28	0.95
0.137931034482759	2	28	0.95
0.125	2	28	0.95
0.111111111111111	2	28	0.95
0.2	2	28	0.95
0.333333333333333	2	28	0.95
0.193548387096774	2	28	0.95
0.44	2	28	0.95
0.266666666666667	2	28	0.95
0.393939393939394	2	28	0.95
0.166666666666667	2	28	0.95
0.125	2	28	0.95
0.142857142857143	2	28	0.95
0.24	2	28	0.95
0.155555555555556	2	28	0.95
0.205882352941176	2	28	0.95
0.217391304347826	2	28	0.95
0.142857142857143	2	28	0.95
0.157894736842105	2	28	0.95
0.12	2	28	0.95
0.111111111111111	2	28	0.95
0.526315789473684	2	28	0.95
0.146341463414634	2	28	0.95
0.36	2	28	0.95
0.142857142857143	2	28	0.95
0.44	2	28	0.95
0.142857142857143	2	28	0.95
0.09375	2	28	0.95
0.109090909090909	2	28	0.95
0.166666666666667	2	28	0.95
0.5625	2	28	0.95
0.518518518518518	2	28	0.95
0.12	2	28	0.95
0.318181818181818	2	28	0.95
0.2	2	28	0.95
0.19047619047619	2	28	0.95
0.176470588235294	2	28	0.95
0.176470588235294	2	28	0.95
0.5	2	28	0.95
0.146341463414634	2	28	0.95
0.131578947368421	2	28	0.95
0.434782608695652	2	28	0.95
0.470588235294118	2	28	0.95
0.529411764705882	2	28	0.95
0.230769230769231	2	28	0.95
0.176470588235294	2	28	0.95
0.1	2	28	0.95
0.115384615384615	2	28	0.95
0.56	2	28	0.95
0.416666666666667	2	28	0.95
0.214285714285714	2	28	0.95
0.0909090909090909	2	28	0.95
0.176470588235294	2	28	0.95
0.214285714285714	2	28	0.95
0.7	2	28	0.95
0.517241379310345	2	28	0.95
0.108695652173913	2	28	0.95
0.129032258064516	2	28	0.95
0.1875	2	28	0.95
0.636363636363636	2	28	0.95
0.142857142857143	2	28	0.95
0.136363636363636	2	28	0.95
0.571428571428571	2	28	0.95
0.142857142857143	2	28	0.95
0.4	2	28	0.95
0.405405405405405	2	28	0.95
0.5	2	28	0.95
0.12	2	28	0.95
0.142857142857143	2	28	0.95
0.107142857142857	2	28	0.95
0.529411764705882	2	28	0.95
0.136363636363636	2	28	0.95
0.222222222222222	2	28	0.95
0.454545454545455	2	28	0.95
0.142857142857143	2	28	0.95
0.192307692307692	2	28	0.95
0.0930232558139535	2	28	0.95
0.136363636363636	2	28	0.95
0.45	2	28	0.95
0.162162162162162	2	28	0.95
0.142857142857143	2	28	0.95
0.2	2	28	0.95
0.189189189189189	2	28	0.95
0.129032258064516	2	28	0.95
0.153846153846154	2	28	0.95
0.1	2	28	0.95
0.193548387096774	2	28	0.95
0.194444444444444	2	28	0.95
0.117647058823529	2	28	0.95
0.111111111111111	2	28	0.95
0.12	2	28	0.95
0.12	2	28	0.95
0.166666666666667	2	28	0.95
0.13953488372093	2	28	0.95
0.206896551724138	2	28	0.95
0.578947368421053	2	28	0.95
0.6	2	28	0.95
0.705882352941177	2	28	0.95
0.117647058823529	2	28	0.95
0.1875	2	28	0.95
0.4	2	28	0.95
0.565217391304348	2	28	0.95
0.142857142857143	2	28	0.95
0.181818181818182	2	28	0.95
0.125	2	28	0.95
0.56	2	28	0.95
0.108695652173913	2	28	0.95
0.111111111111111	2	28	0.95
0.13953488372093	2	28	0.95
0.65	2	28	0.95
0.2	2	28	0.95
0.181818181818182	2	28	0.95
0.146341463414634	2	28	0.95
0.391304347826087	2	28	0.95
0.111111111111111	2	28	0.95
0.117647058823529	2	28	0.95
0.357142857142857	2	28	0.95
0.09375	2	28	0.95
0.5	2	28	0.95
0.0909090909090909	2	28	0.95
0.466666666666667	2	28	0.95
0.173913043478261	2	28	0.95
0.107142857142857	2	28	0.95
0.12280701754386	2	28	0.95
0.115384615384615	2	28	0.95
0.0833333333333333	2	28	0.95
0.122448979591837	2	28	0.95
0.125	2	28	0.95
0.633333333333333	2	28	0.95
0.166666666666667	2	28	0.95
0.461538461538462	2	28	0.95
0.52	2	28	0.95
0.148148148148148	2	28	0.95
0.125	2	28	0.95
0.304347826086957	2	28	0.95
0.379310344827586	2	28	0.95
0.388888888888889	2	28	0.95
0.125	2	28	0.95
0.266666666666667	2	28	0.95
0.114285714285714	2	28	0.95
0.114285714285714	2	28	0.95
0.1875	2	28	0.95
0.111111111111111	2	28	0.95
0.0833333333333333	2	28	0.95
0.0857142857142857	2	28	0.95
0.260869565217391	2	28	0.95
0.176470588235294	2	28	0.95
0.166666666666667	2	28	0.95
0.454545454545455	2	28	0.95
0.142857142857143	2	28	0.95
0.12	2	28	0.95
0.272727272727273	2	28	0.95
0.65	2	28	0.95
0.28	2	28	0.95
0.142857142857143	2	28	0.95
0.21875	2	28	0.95
0.176470588235294	2	28	0.95
0.186046511627907	2	28	0.95
0.107142857142857	2	28	0.95
0.115384615384615	2	28	0.95
0.6	2	28	0.95
0.131578947368421	2	28	0.95
0.666666666666667	2	28	0.95
0.424242424242424	2	28	0.95
0.529411764705882	2	28	0.95
0.352941176470588	2	28	0.95
0.12280701754386	2	28	0.95
0.7	2	28	0.95
0.478260869565217	2	28	0.95
0.6875	2	28	0.95
0.588235294117647	2	28	0.95
0.4	2	28	0.95
0.5	2	28	0.95
0.545454545454545	2	28	0.95
0.125	2	28	0.95
0.1875	2	28	0.95
0.192307692307692	2	28	0.95
0.4	2	28	0.95
0.103448275862069	2	28	0.95
0.133333333333333	2	28	0.95
0.115384615384615	2	28	0.95
0.157894736842105	2	28	0.95
0.666666666666667	2	28	0.95
0.555555555555556	2	28	0.95
0.130434782608696	2	28	0.95
0.294117647058824	2	28	0.95
0.103448275862069	2	28	0.95
0.545454545454545	2	28	0.95
0.461538461538462	2	28	0.95
0.108108108108108	2	28	0.95
0.128205128205128	2	28	0.95
0.194444444444444	2	28	0.95
0.136363636363636	2	28	0.95
0.115384615384615	2	28	0.95
0.333333333333333	2	28	0.95
0.125	2	28	0.95
0.142857142857143	2	28	0.95
0.411764705882353	2	28	0.95
0.260869565217391	2	28	0.95
0.6	2	28	0.95
0.15	2	28	0.95
0.4	2	28	0.95
0.0930232558139535	2	28	0.95
0.153846153846154	2	28	0.95
0.1	2	28	0.95
0.206896551724138	2	28	0.95
0.166666666666667	2	28	0.95
0.130434782608696	2	28	0.95
0.48	2	28	0.95
0.214285714285714	2	28	0.95
0.5	2	28	0.95
0.2	2	28	0.95
0.235294117647059	2	28	0.95
0.130434782608696	2	28	0.95
0.0882352941176471	2	28	0.95
0.0967741935483871	2	28	0.95
0.15	2	28	0.95
0.181818181818182	2	28	0.95
0.0857142857142857	2	28	0.95
0.153846153846154	2	28	0.95
0.3125	2	28	0.95
0.1	2	28	0.95
0.142857142857143	2	28	0.95
0.517241379310345	2	28	0.95
0.153846153846154	2	28	0.95
0.075	2	28	0.95
0.104166666666667	2	28	0.95
0.108108108108108	2	28	0.95
0.157894736842105	2	28	0.95
0.193548387096774	2	28	0.95
0.193548387096774	2	28	0.95
0.1875	2	28	0.95
0.21875	2	28	0.95
0.102040816326531	2	28	0.95
0.5	2	28	0.95
0.461538461538462	2	28	0.95
0.15625	2	28	0.95
0.09375	2	28	0.95
0.146341463414634	2	28	0.95
0.0967741935483871	2	28	0.95
0.0967741935483871	2	28	0.95
0.142857142857143	2	28	0.95
0.109090909090909	2	28	0.95
0.157894736842105	2	28	0.95
0.121212121212121	2	28	0.95
0.0789473684210526	2	28	0.95
0.13953488372093	2	28	0.95
0.285714285714286	2	28	0.95
0.106382978723404	2	28	0.95
0.125	2	28	0.95
0.125	2	28	0.95
0.3125	2	28	0.95
0.193548387096774	2	28	0.95
0.103448275862069	2	28	0.95
0.178571428571429	2	28	0.95
0.117647058823529	2	28	0.95
0.162162162162162	2	28	0.95
0.0882352941176471	2	28	0.95
0.188679245283019	2	28	0.95
0.392857142857143	2	28	0.95
0.176470588235294	2	28	0.95
0.121212121212121	2	28	0.95
0.375	2	28	0.95
0.133333333333333	2	28	0.95
0.166666666666667	2	28	0.95
0.222222222222222	2	28	0.95
0.4375	2	28	0.95
0.28125	2	28	0.95
0.210526315789474	2	28	0.95
0.1875	2	28	0.95
0.111111111111111	2	28	0.95
0.136363636363636	2	28	0.95
0.189189189189189	2	28	0.95
0.116279069767442	2	28	0.95
0.666666666666667	2	28	0.95
0.117647058823529	2	28	0.95
0.1875	2	28	0.95
0.269230769230769	2	28	0.95
0.111111111111111	2	28	0.95
0.107142857142857	2	28	0.95
0.2	2	28	0.95
0.545454545454545	2	28	0.95
0.135135135135135	2	28	0.95
0.2	2	28	0.95
0.159090909090909	2	28	0.95
0.857142857142857	2	28	0.95
0.857142857142857	2	28	0.95
0.514285714285714	2	28	0.95
0.125	2	28	0.95
0.103448275862069	2	28	0.95
0.142857142857143	2	28	0.95
0.142857142857143	2	28	0.95
0.119047619047619	2	28	0.95
0.162162162162162	2	28	0.95
0.162162162162162	2	28	0.95
0.130434782608696	2	28	0.95
0.344827586206897	2	28	0.95
0.131578947368421	2	28	0.95
0.25	2	28	0.95
0.146341463414634	2	28	0.95
0.125	2	28	0.95
0.13953488372093	2	28	0.95
0.173913043478261	2	28	0.95
0.166666666666667	2	28	0.95
0.135135135135135	2	28	0.95
0.321428571428571	2	28	0.95
0.130434782608696	2	28	0.95
0.303030303030303	2	28	0.95
0.125	2	28	0.95
0.115384615384615	2	28	0.95
0.107142857142857	2	28	0.95
0.138888888888889	2	28	0.95
0.0967741935483871	2	28	0.95
0.181818181818182	2	28	0.95
0.333333333333333	2	28	0.95
0.115384615384615	2	28	0.95
0.12	2	28	0.95
0.181818181818182	2	28	0.95
0.625	2	28	0.95
0.106382978723404	2	28	0.95
0.130434782608696	2	28	0.95
0.533333333333333	2	28	0.95
0.148148148148148	2	28	0.95
0.12	2	28	0.95
0.138888888888889	2	28	0.95
0.0833333333333333	2	28	0.95
0.121212121212121	2	28	0.95
0.0882352941176471	2	28	0.95
0.133333333333333	2	28	0.95
0.260869565217391	2	28	0.95
0.0975609756097561	2	28	0.95
0.111111111111111	2	28	0.95
0.181818181818182	2	28	0.95
0.12	2	28	0.95
0.12	2	28	0.95
0.1875	2	28	0.95
0.466666666666667	2	28	0.95
0.119047619047619	2	28	0.95
0.125	2	28	0.95
