VAF	CN	avg.depth	purity
1	1	18	1
1	1	18	1
0.892857142857143	1	18	1
1	1	18	1
0.846153846153846	1	18	1
1	1	18	1
0.181818181818182	1	18	1
1	1	18	1
1	1	18	1
0.833333333333333	1	18	1
1	1	18	1
1	1	18	1
0.7	1	18	1
1	1	18	1
0.666666666666667	1	18	1
1	1	18	1
0.952380952380952	1	18	1
0.4	2	36	1
0.409090909090909	2	36	1
0.428571428571429	2	36	1
0.206896551724138	2	36	1
0.111111111111111	2	36	1
0.538461538461538	2	36	1
0.527777777777778	2	36	1
0.483870967741935	2	36	1
0.447368421052632	2	36	1
0.636363636363636	2	36	1
0.512820512820513	2	36	1
0.421052631578947	2	36	1
0.228571428571429	2	36	1
0.34375	2	36	1
0.375	2	36	1
0.425	2	36	1
0.625	2	36	1
0.454545454545455	2	36	1
0.619047619047619	2	36	1
0.15	2	36	1
0.212121212121212	2	36	1
0.34375	2	36	1
0.4375	2	36	1
0.222222222222222	2	36	1
0.560975609756098	2	36	1
0.34375	2	36	1
0.368421052631579	2	36	1
0.409090909090909	2	36	1
0.547619047619048	2	36	1
0.137931034482759	2	36	1
0.408163265306122	2	36	1
0.444444444444444	2	36	1
0.152173913043478	2	36	1
0.454545454545455	2	36	1
0.4	2	36	1
0.478260869565217	2	36	1
0.409090909090909	2	36	1
0.666666666666667	2	36	1
0.447368421052632	2	36	1
0.434782608695652	2	36	1
0.1875	2	36	1
0.4	2	36	1
0.45	2	36	1
0.5	2	36	1
0.395833333333333	2	36	1
0.5	2	36	1
0.56	2	36	1
0.515151515151515	2	36	1
0.542857142857143	2	36	1
0.27906976744186	2	36	1
0.525	2	36	1
0.512820512820513	2	36	1
0.222222222222222	2	36	1
0.233333333333333	2	36	1
0.181818181818182	2	36	1
0.181818181818182	2	36	1
0.5	2	36	1
0.371428571428571	2	36	1
0.479166666666667	2	36	1
0.580645161290323	2	36	1
0.428571428571429	2	36	1
0.428571428571429	2	36	1
0.484848484848485	2	36	1
0.379310344827586	2	36	1
0.379310344827586	2	36	1
0.514285714285714	2	36	1
0.4375	2	36	1
0.428571428571429	2	36	1
0.55	2	36	1
0.515151515151515	2	36	1
0.388888888888889	2	36	1
0.62962962962963	2	36	1
0.37037037037037	2	36	1
0.24390243902439	2	36	1
0.484848484848485	2	36	1
0.361111111111111	2	36	1
0.518518518518518	2	36	1
0.375	2	36	1
0.375	2	36	1
0.4	2	36	1
0.461538461538462	2	36	1
0.560975609756098	2	36	1
0.233333333333333	2	36	1
0.4	2	36	1
0.375	2	36	1
0.5	2	36	1
0.157894736842105	2	36	1
0.444444444444444	2	36	1
0.518518518518518	2	36	1
0.566666666666667	2	36	1
0.104166666666667	2	36	1
0.586206896551724	2	36	1
0.518518518518518	2	36	1
0.166666666666667	2	36	1
0.185185185185185	2	36	1
0.435897435897436	2	36	1
0.533333333333333	2	36	1
0.28	2	36	1
0.4	2	36	1
0.230769230769231	2	36	1
0.482758620689655	2	36	1
0.14	2	36	1
0.117647058823529	2	36	1
0.12	2	36	1
0.294117647058824	2	36	1
0.314285714285714	2	36	1
0.333333333333333	2	36	1
0.566666666666667	2	36	1
0.978260869565217	2	36	1
0.483870967741935	2	36	1
0.206896551724138	2	36	1
0.264705882352941	2	36	1
0.241379310344828	2	36	1
0.212121212121212	2	36	1
0.952380952380952	2	36	1
0.594594594594595	2	36	1
0.25	2	36	1
0.375	2	36	1
0.192307692307692	2	36	1
0.378378378378378	2	36	1
0.586206896551724	2	36	1
0.177777777777778	2	36	1
0.483870967741935	2	36	1
0.692307692307692	2	36	1
0.488372093023256	2	36	1
0.393939393939394	2	36	1
0.425	2	36	1
0.516129032258065	2	36	1
0.173913043478261	2	36	1
0.425531914893617	2	36	1
0.564102564102564	2	36	1
0.470588235294118	2	36	1
0.108108108108108	2	36	1
0.428571428571429	2	36	1
0.378378378378378	2	36	1
0.346153846153846	2	36	1
0.447368421052632	2	36	1
0.166666666666667	2	36	1
0.51063829787234	2	36	1
0.541666666666667	2	36	1
0.516129032258065	2	36	1
0.122448979591837	2	36	1
0.170731707317073	2	36	1
0.146341463414634	2	36	1
0.125	2	36	1
0.439024390243902	2	36	1
0.41304347826087	2	36	1
0.395833333333333	2	36	1
0.538461538461538	2	36	1
0.548387096774194	2	36	1
0.581395348837209	2	36	1
0.540540540540541	2	36	1
0.395348837209302	2	36	1
0.357142857142857	2	36	1
0.357142857142857	2	36	1
0.414634146341463	2	36	1
0.446808510638298	2	36	1
0.34375	2	36	1
0.516129032258065	2	36	1
0.325581395348837	2	36	1
0.414634146341463	2	36	1
0.192307692307692	2	36	1
0.285714285714286	2	36	1
0.518518518518518	2	36	1
0.527777777777778	2	36	1
0.638888888888889	2	36	1
0.117647058823529	2	36	1
0.631578947368421	2	36	1
0.576923076923077	2	36	1
0.136363636363636	2	36	1
0.36	2	36	1
0.548387096774194	2	36	1
0.166666666666667	2	36	1
0.357142857142857	2	36	1
0.46875	2	36	1
0.185185185185185	2	36	1
0.333333333333333	2	36	1
0.514285714285714	2	36	1
0.421052631578947	2	36	1
0.529411764705882	2	36	1
0.444444444444444	2	36	1
0.530612244897959	2	36	1
0.269230769230769	2	36	1
0.461538461538462	2	36	1
0.4375	2	36	1
0.51219512195122	2	36	1
0.333333333333333	2	36	1
0.586206896551724	2	36	1
0.5	2	36	1
0.4	2	36	1
0.428571428571429	2	36	1
0.428571428571429	2	36	1
0.41025641025641	2	36	1
0.242424242424242	2	36	1
0.212121212121212	2	36	1
0.333333333333333	2	36	1
0.5	2	36	1
0.486486486486487	2	36	1
0.439024390243902	2	36	1
0.230769230769231	2	36	1
0.514285714285714	2	36	1
0.428571428571429	2	36	1
0.533333333333333	2	36	1
0.324324324324324	2	36	1
0.117647058823529	2	36	1
0.509433962264151	2	36	1
0.238095238095238	2	36	1
0.4	2	36	1
0.1	2	36	1
0.305555555555556	2	36	1
0.567567567567568	2	36	1
0.468085106382979	2	36	1
0.228571428571429	2	36	1
0.521739130434783	2	36	1
0.447368421052632	2	36	1
0.145833333333333	2	36	1
0.12	2	36	1
0.58974358974359	2	36	1
0.372881355932203	2	36	1
0.419354838709677	2	36	1
0.41025641025641	2	36	1
0.5	2	36	1
0.35	2	36	1
0.416666666666667	2	36	1
0.109375	2	36	1
0.444444444444444	2	36	1
0.482758620689655	2	36	1
0.2	2	36	1
0.5	2	36	1
0.5	2	36	1
0.511627906976744	2	36	1
0.204545454545455	2	36	1
0.35	2	36	1
0.473684210526316	2	36	1
0.230769230769231	2	36	1
0.512820512820513	2	36	1
0.565217391304348	2	36	1
0.428571428571429	2	36	1
0.222222222222222	2	36	1
0.2	2	36	1
0.318181818181818	2	36	1
0.318181818181818	2	36	1
0.318181818181818	2	36	1
0.736842105263158	2	36	1
0.242424242424242	2	36	1
0.525	2	36	1
0.476190476190476	2	36	1
0.545454545454545	2	36	1
0.3125	2	36	1
0.1875	2	36	1
0.197368421052632	2	36	1
0.482758620689655	2	36	1
0.315789473684211	2	36	1
0.423076923076923	2	36	1
0.409090909090909	2	36	1
0.511627906976744	2	36	1
0.333333333333333	2	36	1
0.538461538461538	2	36	1
0.277777777777778	2	36	1
0.454545454545455	2	36	1
0.361111111111111	2	36	1
0.395833333333333	2	36	1
0.448275862068966	2	36	1
0.462962962962963	2	36	1
0.105263157894737	2	36	1
0.424242424242424	2	36	1
0.413793103448276	2	36	1
0.4	2	36	1
0.405405405405405	2	36	1
0.526315789473684	2	36	1
0.40625	2	36	1
0.157894736842105	2	36	1
0.4375	2	36	1
0.536585365853659	2	36	1
0.666666666666667	2	36	1
0.444444444444444	2	36	1
0.378378378378378	2	36	1
0.142857142857143	2	36	1
0.452380952380952	2	36	1
0.115384615384615	2	36	1
0.4	2	36	1
1	2	36	1
0.407407407407407	2	36	1
0.2	2	36	1
0.511627906976744	2	36	1
0.586206896551724	2	36	1
0.538461538461538	2	36	1
0.545454545454545	2	36	1
0.377777777777778	2	36	1
0.4375	2	36	1
0.565217391304348	2	36	1
0.564102564102564	2	36	1
0.46875	2	36	1
0.357142857142857	2	36	1
0.416666666666667	2	36	1
0.48	2	36	1
0.5	2	36	1
0.615384615384615	2	36	1
0.46875	2	36	1
0.391304347826087	2	36	1
0.441860465116279	2	36	1
0.457142857142857	2	36	1
0.209302325581395	2	36	1
0.40625	2	36	1
0.5	2	36	1
0.204545454545455	2	36	1
0.590909090909091	2	36	1
0.354838709677419	2	36	1
0.387755102040816	2	36	1
0.428571428571429	2	36	1
0.520833333333333	2	36	1
0.444444444444444	2	36	1
0.470588235294118	2	36	1
0.521739130434783	2	36	1
0.326086956521739	2	36	1
0.41025641025641	2	36	1
0.521739130434783	2	36	1
0.578947368421053	2	36	1
0.193548387096774	2	36	1
0.555555555555556	2	36	1
0.351351351351351	2	36	1
0.342105263157895	2	36	1
0.4	2	36	1
0.488372093023256	2	36	1
0.461538461538462	2	36	1
0.347826086956522	2	36	1
0.363636363636364	2	36	1
0.333333333333333	2	36	1
0.214285714285714	2	36	1
0.137254901960784	2	36	1
0.285714285714286	2	36	1
0.592592592592593	2	36	1
0.352941176470588	2	36	1
0.153846153846154	2	36	1
0.517241379310345	2	36	1
0.107142857142857	2	36	1
0.475	2	36	1
0.230769230769231	2	36	1
0.266666666666667	2	36	1
0.4	2	36	1
0.41025641025641	2	36	1
0.4375	2	36	1
0.40625	2	36	1
0.428571428571429	2	36	1
0.409090909090909	2	36	1
0.125	2	36	1
0.58695652173913	2	36	1
0.235294117647059	2	36	1
0.65	2	36	1
0.6	2	36	1
0.7	2	36	1
0.68	2	36	1
0.733333333333333	2	36	1
0.170212765957447	2	36	1
0.16	2	36	1
0.108108108108108	2	36	1
0.166666666666667	2	36	1
0.150943396226415	2	36	1
0.488372093023256	2	36	1
0.304347826086957	2	36	1
0.6	2	36	1
0.555555555555556	2	36	1
0.790697674418605	2	36	1
0.5	2	36	1
0.395348837209302	2	36	1
0.390243902439024	2	36	1
0.382352941176471	2	36	1
0.157894736842105	2	36	1
0.457142857142857	2	36	1
0.368421052631579	2	36	1
0.558139534883721	2	36	1
0.628571428571429	2	36	1
0.631578947368421	2	36	1
0.525	2	36	1
0.424242424242424	2	36	1
0.564102564102564	2	36	1
0.466666666666667	2	36	1
0.387096774193548	2	36	1
0.655172413793103	2	36	1
0.181818181818182	2	36	1
0.457142857142857	2	36	1
0.371428571428571	2	36	1
0.472222222222222	2	36	1
0.48780487804878	2	36	1
0.482758620689655	2	36	1
0.462962962962963	2	36	1
0.305555555555556	2	36	1
0.857142857142857	2	36	1
0.55	2	36	1
0.411764705882353	2	36	1
0.428571428571429	2	36	1
0.375	2	36	1
0.384615384615385	2	36	1
0.2	2	36	1
0.470588235294118	2	36	1
0.290322580645161	2	36	1
0.160714285714286	2	36	1
0.534883720930233	2	36	1
0.511627906976744	2	36	1
0.43859649122807	2	36	1
0.41304347826087	2	36	1
0.555555555555556	2	36	1
0.473684210526316	2	36	1
0.357142857142857	2	36	1
0.355555555555556	2	36	1
0.128205128205128	2	36	1
0.41025641025641	2	36	1
0.666666666666667	2	36	1
0.516129032258065	2	36	1
0.520833333333333	2	36	1
0.543478260869565	2	36	1
0.555555555555556	2	36	1
0.382352941176471	2	36	1
0.111111111111111	2	36	1
0.454545454545455	2	36	1
0.5	2	36	1
0.595238095238095	2	36	1
0.545454545454545	2	36	1
0.318181818181818	2	36	1
0.583333333333333	2	36	1
0.159090909090909	2	36	1
0.450980392156863	2	36	1
0.414634146341463	2	36	1
0.538461538461538	2	36	1
0.51219512195122	2	36	1
0.527777777777778	2	36	1
0.633333333333333	2	36	1
0.380952380952381	2	36	1
0.354838709677419	2	36	1
0.44	2	36	1
0.303030303030303	2	36	1
0.461538461538462	2	36	1
0.108108108108108	2	36	1
0.533333333333333	2	36	1
0.425	2	36	1
0.454545454545455	2	36	1
0.473684210526316	2	36	1
0.522727272727273	2	36	1
0.477272727272727	2	36	1
0.5	2	36	1
0.519230769230769	2	36	1
0.142857142857143	2	36	1
0.352941176470588	2	36	1
0.529411764705882	2	36	1
0.28125	2	36	1
0.425	2	36	1
0.571428571428571	2	36	1
0.522727272727273	2	36	1
0.428571428571429	2	36	1
0.408163265306122	2	36	1
0.55	2	36	1
0.471698113207547	2	36	1
0.361111111111111	2	36	1
0.511627906976744	2	36	1
0.352941176470588	2	36	1
0.344827586206897	2	36	1
0.354838709677419	2	36	1
0.67741935483871	2	36	1
0.450980392156863	2	36	1
0.514285714285714	2	36	1
0.583333333333333	2	36	1
0.6	2	36	1
0.184210526315789	2	36	1
0.976744186046512	2	36	1
0.4	2	36	1
0.333333333333333	2	36	1
0.488372093023256	2	36	1
0.379310344827586	2	36	1
0.142857142857143	2	36	1
0.205128205128205	2	36	1
0.676470588235294	2	36	1
0.380952380952381	2	36	1
0.48780487804878	2	36	1
0.5625	2	36	1
0.161290322580645	2	36	1
0.433333333333333	2	36	1
0.195121951219512	2	36	1
0.183673469387755	2	36	1
0.419354838709677	2	36	1
0.395348837209302	2	36	1
0.255813953488372	2	36	1
0.463414634146341	2	36	1
0.5	2	36	1
0.102564102564103	2	36	1
0.533333333333333	2	36	1
0.358974358974359	2	36	1
0.5	2	36	1
0.259259259259259	2	36	1
0.233333333333333	2	36	1
0.142857142857143	2	36	1
0.444444444444444	2	36	1
0.459459459459459	2	36	1
0.571428571428571	2	36	1
0.411764705882353	2	36	1
0.170731707317073	2	36	1
0.166666666666667	2	36	1
0.5	2	36	1
0.323529411764706	2	36	1
0.488372093023256	2	36	1
0.461538461538462	2	36	1
0.527777777777778	2	36	1
0.525	2	36	1
0.5	2	36	1
0.13953488372093	2	36	1
0.451612903225806	2	36	1
0.457142857142857	2	36	1
0.548387096774194	2	36	1
0.371428571428571	2	36	1
0.5	2	36	1
0.560975609756098	2	36	1
0.464285714285714	2	36	1
0.472222222222222	2	36	1
0.323529411764706	2	36	1
0.233333333333333	2	36	1
0.516129032258065	2	36	1
0.307692307692308	2	36	1
0.307692307692308	2	36	1
0.307692307692308	2	36	1
0.424242424242424	2	36	1
0.428571428571429	2	36	1
0.5	2	36	1
0.5	2	36	1
0.529411764705882	2	36	1
0.2	2	36	1
0.434782608695652	2	36	1
0.534883720930233	2	36	1
0.514285714285714	2	36	1
0.171428571428571	2	36	1
0.162162162162162	2	36	1
0.153846153846154	2	36	1
0.166666666666667	2	36	1
0.470588235294118	2	36	1
0.372093023255814	2	36	1
0.41025641025641	2	36	1
0.5	2	36	1
0.470588235294118	2	36	1
0.470588235294118	2	36	1
0.333333333333333	2	36	1
0.421052631578947	2	36	1
0.184210526315789	2	36	1
0.413793103448276	2	36	1
0.272727272727273	2	36	1
0.5	2	36	1
0.5625	2	36	1
0.152173913043478	3	51	1
0.188679245283019	3	51	1
0.45	3	51	1
0.647058823529412	3	51	1
0.137254901960784	3	51	1
0.621621621621622	3	51	1
0.666666666666667	3	51	1
0.125	3	51	1
0.263157894736842	3	51	1
0.285714285714286	3	51	1
0.395348837209302	3	51	1
0.571428571428571	3	51	1
0.289473684210526	3	51	1
0.209677419354839	3	51	1
0.409836065573771	3	51	1
0.340425531914894	3	51	1
0.304347826086957	3	51	1
0.2	3	51	1
0.25	3	51	1
0.215686274509804	3	51	1
0.4	3	51	1
0.365853658536585	3	51	1
0.673469387755102	3	51	1
0.113207547169811	3	51	1
0.117647058823529	3	51	1
0.315789473684211	3	51	1
0.35	3	51	1
0.170731707317073	3	51	1
0.630769230769231	3	51	1
0.271428571428571	3	51	1
0.641025641025641	3	51	1
0.571428571428571	3	51	1
0.222222222222222	3	51	1
0.377358490566038	3	51	1
0.372881355932203	3	51	1
0.688888888888889	3	51	1
0.0714285714285714	3	51	1
0.0961538461538462	3	51	1
0.15625	3	51	1
0.147540983606557	3	51	1
0.285714285714286	3	51	1
0.146341463414634	3	51	1
0.225352112676056	3	51	1
0.285714285714286	3	51	1
0.260869565217391	3	51	1
0.238095238095238	3	51	1
0.21875	3	51	1
0.4	3	51	1
0.283018867924528	3	51	1
0.333333333333333	3	51	1
0.387755102040816	3	51	1
0.253731343283582	3	51	1
0.203125	3	51	1
0.285714285714286	3	51	1
0.277777777777778	3	51	1
0.211538461538462	3	51	1
0.078125	3	51	1
0.257142857142857	3	51	1
0.3	3	51	1
0.262295081967213	3	51	1
0.285714285714286	3	51	1
0.333333333333333	3	51	1
0.257142857142857	3	51	1
0.304347826086957	3	51	1
0.3	3	51	1
0.292682926829268	3	51	1
0.323076923076923	3	51	1
0.368421052631579	3	51	1
0.294871794871795	3	51	1
0.307692307692308	3	51	1
0.157894736842105	3	51	1
0.283018867924528	3	51	1
0.688888888888889	3	51	1
0.723404255319149	3	51	1
0.222222222222222	3	51	1
0.234042553191489	3	51	1
0.25531914893617	3	51	1
0.25531914893617	3	51	1
0.224489795918367	3	51	1
0.30952380952381	3	51	1
0.117647058823529	3	51	1
0.490196078431373	3	51	1
0.127659574468085	3	51	1
0.380952380952381	3	51	1
0.230769230769231	3	51	1
0.363636363636364	3	51	1
0.2	3	51	1
0.333333333333333	3	51	1
0.25531914893617	3	51	1
0.418604651162791	3	51	1
0.0821917808219178	4	65	1
0.761904761904762	4	65	1
0.82089552238806	4	65	1
0.170731707317073	4	65	1
0.193548387096774	4	65	1
0.164556962025316	4	65	1
0.129032258064516	4	65	1
0.247058823529412	4	65	1
0.0804597701149425	4	65	1
0.25609756097561	4	65	1
0.362637362637363	4	65	1
0.263888888888889	4	65	1
0.146341463414634	4	65	1
0.741573033707865	4	65	1
0.104477611940299	4	65	1
0.181818181818182	4	65	1
0.368421052631579	4	65	1
0.75	4	65	1
0.4375	4	65	1
0.213483146067416	4	65	1
0.129032258064516	4	65	1
0.25	4	65	1
0.368421052631579	4	65	1
0.214285714285714	4	65	1
0.0882352941176471	4	65	1
0.09375	4	65	1
0.145833333333333	4	65	1
0.208333333333333	4	65	1
