VAF	CN	avg.depth	purity
0.294117647058824	1	17	0.919862934573666
0.12	2	39	0.919862934573666
0.319148936170213	2	39	0.919862934573666
0.2	2	39	0.919862934573666
0.4375	2	39	0.919862934573666
0.171428571428571	2	39	0.919862934573666
0.545454545454545	2	39	0.919862934573666
0.545454545454545	2	39	0.919862934573666
0.166666666666667	2	39	0.919862934573666
0.113636363636364	2	39	0.919862934573666
0.24	2	39	0.919862934573666
0.117647058823529	2	39	0.919862934573666
0.193548387096774	2	39	0.919862934573666
0.214285714285714	2	39	0.919862934573666
0.263157894736842	2	39	0.919862934573666
0.257142857142857	2	39	0.919862934573666
0.220338983050847	2	39	0.919862934573666
0.157894736842105	2	39	0.919862934573666
0.122448979591837	2	39	0.919862934573666
0.3125	2	39	0.919862934573666
0.269230769230769	2	39	0.919862934573666
0.355555555555556	2	39	0.919862934573666
0.188679245283019	2	39	0.919862934573666
0.264150943396226	2	39	0.919862934573666
0.125	2	39	0.919862934573666
0.371428571428571	2	39	0.919862934573666
0.227272727272727	2	39	0.919862934573666
0.393939393939394	2	39	0.919862934573666
0.242424242424242	2	39	0.919862934573666
0.444444444444444	2	39	0.919862934573666
0.181818181818182	2	39	0.919862934573666
0.185185185185185	2	39	0.919862934573666
0.289473684210526	2	39	0.919862934573666
0.137931034482759	2	39	0.919862934573666
0.208333333333333	2	39	0.919862934573666
0.3	2	39	0.919862934573666
0.481481481481481	2	39	0.919862934573666
0.216216216216216	2	39	0.919862934573666
0.189655172413793	2	39	0.919862934573666
0.28125	2	39	0.919862934573666
0.283018867924528	2	39	0.919862934573666
0.238095238095238	2	39	0.919862934573666
0.142857142857143	2	39	0.919862934573666
0.129032258064516	2	39	0.919862934573666
0.256410256410256	2	39	0.919862934573666
0.285714285714286	2	39	0.919862934573666
0.275	2	39	0.919862934573666
0.179487179487179	2	39	0.919862934573666
0.217391304347826	2	39	0.919862934573666
0.375	2	39	0.919862934573666
0.310344827586207	2	39	0.919862934573666
0.288888888888889	2	39	0.919862934573666
0.157894736842105	2	39	0.919862934573666
0.361111111111111	2	39	0.919862934573666
0.234042553191489	2	39	0.919862934573666
0.315789473684211	2	39	0.919862934573666
0.104166666666667	2	39	0.919862934573666
0.388888888888889	2	39	0.919862934573666
0.162790697674419	2	39	0.919862934573666
0.181818181818182	2	39	0.919862934573666
0.571428571428571	2	39	0.919862934573666
0.295454545454545	2	39	0.919862934573666
0.219512195121951	2	39	0.919862934573666
0.175	2	39	0.919862934573666
0.34375	2	39	0.919862934573666
0.170731707317073	2	39	0.919862934573666
0.4	2	39	0.919862934573666
0.173076923076923	2	39	0.919862934573666
0.137931034482759	2	39	0.919862934573666
0.121212121212121	2	39	0.919862934573666
0.122448979591837	2	39	0.919862934573666
0.382978723404255	2	39	0.919862934573666
0.155555555555556	2	39	0.919862934573666
0.233333333333333	2	39	0.919862934573666
0.3	2	39	0.919862934573666
0.416666666666667	2	39	0.919862934573666
0.6	2	39	0.919862934573666
0.264705882352941	2	39	0.919862934573666
0.130434782608696	2	39	0.919862934573666
0.4	2	39	0.919862934573666
0.375	2	39	0.919862934573666
0.434782608695652	2	39	0.919862934573666
0.375	2	39	0.919862934573666
0.363636363636364	2	39	0.919862934573666
0.171428571428571	2	39	0.919862934573666
0.25531914893617	2	39	0.919862934573666
0.276595744680851	2	39	0.919862934573666
0.326923076923077	2	39	0.919862934573666
0.161290322580645	2	39	0.919862934573666
0.222222222222222	2	39	0.919862934573666
0.269230769230769	2	39	0.919862934573666
0.409090909090909	2	39	0.919862934573666
0.263157894736842	2	39	0.919862934573666
0.261904761904762	2	39	0.919862934573666
0.151515151515152	2	39	0.919862934573666
0.3125	2	39	0.919862934573666
0.245283018867925	2	39	0.919862934573666
0.230769230769231	2	39	0.919862934573666
0.2	2	39	0.919862934573666
0.244897959183673	2	39	0.919862934573666
0.325	2	39	0.919862934573666
0.26	2	39	0.919862934573666
0.296296296296296	2	39	0.919862934573666
0.266666666666667	2	39	0.919862934573666
0.444444444444444	2	39	0.919862934573666
0.25	2	39	0.919862934573666
0.155555555555556	2	39	0.919862934573666
0.176470588235294	2	39	0.919862934573666
0.375	2	39	0.919862934573666
0.290322580645161	2	39	0.919862934573666
0.28125	2	39	0.919862934573666
0.428571428571429	2	39	0.919862934573666
0.204545454545455	2	39	0.919862934573666
0.333333333333333	2	39	0.919862934573666
0.25	2	39	0.919862934573666
0.378378378378378	2	39	0.919862934573666
0.3	2	39	0.919862934573666
0.19047619047619	2	39	0.919862934573666
0.333333333333333	2	39	0.919862934573666
0.16	2	39	0.919862934573666
0.222222222222222	2	39	0.919862934573666
0.13953488372093	2	39	0.919862934573666
0.203703703703704	2	39	0.919862934573666
0.161290322580645	2	39	0.919862934573666
0.358974358974359	2	39	0.919862934573666
0.358490566037736	2	39	0.919862934573666
0.272727272727273	2	39	0.919862934573666
0.32258064516129	2	39	0.919862934573666
0.153846153846154	2	39	0.919862934573666
0.394736842105263	2	39	0.919862934573666
0.4	2	39	0.919862934573666
0.216216216216216	2	39	0.919862934573666
0.303571428571429	2	39	0.919862934573666
0.288888888888889	2	39	0.919862934573666
0.25	2	39	0.919862934573666
0.102040816326531	2	39	0.919862934573666
0.5	2	39	0.919862934573666
0.166666666666667	2	39	0.919862934573666
0.142857142857143	2	39	0.919862934573666
0.305555555555556	2	39	0.919862934573666
0.25	2	39	0.919862934573666
0.175	2	39	0.919862934573666
0.103448275862069	2	39	0.919862934573666
0.241379310344828	2	39	0.919862934573666
0.181818181818182	2	39	0.919862934573666
0.326530612244898	2	39	0.919862934573666
0.119047619047619	2	39	0.919862934573666
0.382352941176471	2	39	0.919862934573666
0.269230769230769	2	39	0.919862934573666
0.310344827586207	2	39	0.919862934573666
0.341463414634146	2	39	0.919862934573666
0.193548387096774	2	39	0.919862934573666
0.2	2	39	0.919862934573666
0.122448979591837	2	39	0.919862934573666
0.18	2	39	0.919862934573666
0.133333333333333	2	39	0.919862934573666
0.454545454545455	2	39	0.919862934573666
0.116279069767442	2	39	0.919862934573666
0.428571428571429	2	39	0.919862934573666
0.326923076923077	2	39	0.919862934573666
0.324324324324324	2	39	0.919862934573666
0.4	2	39	0.919862934573666
0.285714285714286	2	39	0.919862934573666
0.387096774193548	2	39	0.919862934573666
0.288461538461538	2	39	0.919862934573666
0.155555555555556	2	39	0.919862934573666
0.431818181818182	2	39	0.919862934573666
0.102040816326531	2	39	0.919862934573666
0.130434782608696	2	39	0.919862934573666
0.153846153846154	2	39	0.919862934573666
0.444444444444444	2	39	0.919862934573666
0.396825396825397	2	39	0.919862934573666
0.431818181818182	2	39	0.919862934573666
0.189189189189189	2	39	0.919862934573666
0.205128205128205	2	39	0.919862934573666
0.146341463414634	2	39	0.919862934573666
0.412698412698413	2	39	0.919862934573666
0.384615384615385	2	39	0.919862934573666
0.233333333333333	2	39	0.919862934573666
0.3	2	39	0.919862934573666
0.25	2	39	0.919862934573666
0.236842105263158	2	39	0.919862934573666
0.26530612244898	2	39	0.919862934573666
0.303030303030303	2	39	0.919862934573666
0.193548387096774	2	39	0.919862934573666
0.282608695652174	2	39	0.919862934573666
0.137254901960784	2	39	0.919862934573666
0.140350877192982	2	39	0.919862934573666
0.448979591836735	2	39	0.919862934573666
0.193548387096774	2	39	0.919862934573666
0.416666666666667	2	39	0.919862934573666
0.294117647058824	2	39	0.919862934573666
0.342105263157895	2	39	0.919862934573666
0.294117647058824	2	39	0.919862934573666
0.25	2	39	0.919862934573666
0.285714285714286	2	39	0.919862934573666
0.133333333333333	2	39	0.919862934573666
0.127659574468085	2	39	0.919862934573666
0.387755102040816	2	39	0.919862934573666
0.128205128205128	2	39	0.919862934573666
0.318181818181818	2	39	0.919862934573666
0.5	2	39	0.919862934573666
0.151515151515152	2	39	0.919862934573666
0.263157894736842	2	39	0.919862934573666
0.313725490196078	2	39	0.919862934573666
0.204081632653061	2	39	0.919862934573666
0.270833333333333	2	39	0.919862934573666
0.148148148148148	2	39	0.919862934573666
0.363636363636364	2	39	0.919862934573666
0.395348837209302	2	39	0.919862934573666
0.282051282051282	2	39	0.919862934573666
0.352941176470588	2	39	0.919862934573666
0.361111111111111	2	39	0.919862934573666
0.4	2	39	0.919862934573666
0.428571428571429	2	39	0.919862934573666
0.432432432432432	2	39	0.919862934573666
0.315789473684211	2	39	0.919862934573666
0.35	2	39	0.919862934573666
0.162790697674419	2	39	0.919862934573666
0.266666666666667	2	39	0.919862934573666
0.162790697674419	2	39	0.919862934573666
0.162790697674419	2	39	0.919862934573666
0.270833333333333	2	39	0.919862934573666
0.155555555555556	2	39	0.919862934573666
0.282608695652174	2	39	0.919862934573666
0.41304347826087	2	39	0.919862934573666
0.205882352941176	2	39	0.919862934573666
0.2	2	39	0.919862934573666
0.151515151515152	2	39	0.919862934573666
0.404761904761905	2	39	0.919862934573666
0.25	2	39	0.919862934573666
0.358490566037736	2	39	0.919862934573666
0.157894736842105	2	39	0.919862934573666
0.135135135135135	2	39	0.919862934573666
0.3	2	39	0.919862934573666
0.305555555555556	2	39	0.919862934573666
0.289473684210526	2	39	0.919862934573666
0.298245614035088	2	39	0.919862934573666
0.379310344827586	2	39	0.919862934573666
0.21875	2	39	0.919862934573666
0.26	2	39	0.919862934573666
0.368421052631579	2	39	0.919862934573666
0.3	2	39	0.919862934573666
0.285714285714286	2	39	0.919862934573666
0.341463414634146	2	39	0.919862934573666
0.171428571428571	2	39	0.919862934573666
0.162162162162162	2	39	0.919862934573666
0.176470588235294	2	39	0.919862934573666
0.148148148148148	2	39	0.919862934573666
0.2	2	39	0.919862934573666
0.25	2	39	0.919862934573666
0.0857142857142857	2	39	0.919862934573666
0.302325581395349	2	39	0.919862934573666
0.225	2	39	0.919862934573666
0.0819672131147541	2	39	0.919862934573666
0.333333333333333	2	39	0.919862934573666
0.159090909090909	2	39	0.919862934573666
0.313725490196078	2	39	0.919862934573666
0.393939393939394	2	39	0.919862934573666
0.204081632653061	2	39	0.919862934573666
0.34	2	39	0.919862934573666
0.272727272727273	2	39	0.919862934573666
0.2	2	39	0.919862934573666
0.13953488372093	2	39	0.919862934573666
0.0980392156862745	2	39	0.919862934573666
0.324324324324324	2	39	0.919862934573666
0.380952380952381	2	39	0.919862934573666
0.140350877192982	2	39	0.919862934573666
0.1875	2	39	0.919862934573666
0.234042553191489	2	39	0.919862934573666
0.28125	2	39	0.919862934573666
0.11864406779661	2	39	0.919862934573666
0.13953488372093	2	39	0.919862934573666
0.130434782608696	2	39	0.919862934573666
0.133333333333333	2	39	0.919862934573666
0.15	2	39	0.919862934573666
0.142857142857143	2	39	0.919862934573666
0.434782608695652	2	39	0.919862934573666
0.392857142857143	2	39	0.919862934573666
0.407407407407407	2	39	0.919862934573666
0.407407407407407	2	39	0.919862934573666
0.423076923076923	2	39	0.919862934573666
0.37037037037037	2	39	0.919862934573666
0.2	2	39	0.919862934573666
0.148148148148148	2	39	0.919862934573666
0.152173913043478	2	39	0.919862934573666
0.254237288135593	2	39	0.919862934573666
0.166666666666667	2	39	0.919862934573666
0.0769230769230769	2	39	0.919862934573666
0.267605633802817	2	39	0.919862934573666
0.222222222222222	2	39	0.919862934573666
0.153846153846154	2	39	0.919862934573666
0.148936170212766	2	39	0.919862934573666
0.340909090909091	2	39	0.919862934573666
0.156862745098039	2	39	0.919862934573666
0.307692307692308	2	39	0.919862934573666
0.35	2	39	0.919862934573666
0.156862745098039	2	39	0.919862934573666
0.217391304347826	2	39	0.919862934573666
0.239130434782609	2	39	0.919862934573666
0.263157894736842	2	39	0.919862934573666
0.125	2	39	0.919862934573666
0.212765957446809	2	39	0.919862934573666
0.291666666666667	2	39	0.919862934573666
0.34375	2	39	0.919862934573666
0.142857142857143	2	39	0.919862934573666
0.222222222222222	2	39	0.919862934573666
0.142857142857143	2	39	0.919862934573666
0.12	2	39	0.919862934573666
0.264705882352941	2	39	0.919862934573666
0.1	2	39	0.919862934573666
0.4	2	39	0.919862934573666
0.157894736842105	2	39	0.919862934573666
0.36734693877551	2	39	0.919862934573666
0.425531914893617	2	39	0.919862934573666
0.153846153846154	2	39	0.919862934573666
0.130434782608696	2	39	0.919862934573666
0.297297297297297	2	39	0.919862934573666
0.365853658536585	2	39	0.919862934573666
0.347826086956522	2	39	0.919862934573666
0.314285714285714	2	39	0.919862934573666
0.27906976744186	2	39	0.919862934573666
0.324324324324324	2	39	0.919862934573666
0.157894736842105	2	39	0.919862934573666
0.509803921568627	2	39	0.919862934573666
0.297297297297297	2	39	0.919862934573666
0.113636363636364	2	39	0.919862934573666
0.382352941176471	2	39	0.919862934573666
0.25	2	39	0.919862934573666
0.333333333333333	2	39	0.919862934573666
0.28125	2	39	0.919862934573666
0.109090909090909	2	39	0.919862934573666
0.431372549019608	2	39	0.919862934573666
0.256410256410256	2	39	0.919862934573666
0.137254901960784	2	39	0.919862934573666
0.548387096774194	2	39	0.919862934573666
0.234042553191489	2	39	0.919862934573666
0.285714285714286	2	39	0.919862934573666
0.388888888888889	2	39	0.919862934573666
0.37037037037037	2	39	0.919862934573666
0.344827586206897	2	39	0.919862934573666
0.405405405405405	2	39	0.919862934573666
0.24390243902439	2	39	0.919862934573666
0.371428571428571	2	39	0.919862934573666
0.166666666666667	2	39	0.919862934573666
0.148936170212766	2	39	0.919862934573666
0.333333333333333	2	39	0.919862934573666
0.181818181818182	2	39	0.919862934573666
0.117647058823529	2	39	0.919862934573666
0.135135135135135	2	39	0.919862934573666
0.222222222222222	2	39	0.919862934573666
0.380952380952381	2	39	0.919862934573666
0.452380952380952	2	39	0.919862934573666
0.368421052631579	2	39	0.919862934573666
0.451612903225806	2	39	0.919862934573666
0.404761904761905	2	39	0.919862934573666
0.255813953488372	2	39	0.919862934573666
0.314285714285714	2	39	0.919862934573666
0.4	2	39	0.919862934573666
0.378378378378378	2	39	0.919862934573666
0.117647058823529	2	39	0.919862934573666
0.545454545454545	2	39	0.919862934573666
0.405405405405405	2	39	0.919862934573666
0.340425531914894	2	39	0.919862934573666
0.290322580645161	2	39	0.919862934573666
0.260869565217391	2	39	0.919862934573666
0.319148936170213	2	39	0.919862934573666
0.236842105263158	2	39	0.919862934573666
0.478260869565217	2	39	0.919862934573666
0.162162162162162	2	39	0.919862934573666
0.282608695652174	2	39	0.919862934573666
0.195121951219512	2	39	0.919862934573666
0.421052631578947	2	39	0.919862934573666
0.205882352941176	2	39	0.919862934573666
0.333333333333333	2	39	0.919862934573666
0.24	2	39	0.919862934573666
0.28	2	39	0.919862934573666
0.425531914893617	2	39	0.919862934573666
0.222222222222222	2	39	0.919862934573666
0.215686274509804	2	39	0.919862934573666
0.536585365853659	2	39	0.919862934573666
0.25	2	39	0.919862934573666
0.5	2	39	0.919862934573666
0.3	2	39	0.919862934573666
0.205128205128205	2	39	0.919862934573666
0.38	2	39	0.919862934573666
0.333333333333333	2	39	0.919862934573666
0.189189189189189	2	39	0.919862934573666
0.175	2	39	0.919862934573666
0.206896551724138	2	39	0.919862934573666
0.102040816326531	2	39	0.919862934573666
0.166666666666667	2	39	0.919862934573666
0.233333333333333	2	39	0.919862934573666
0.230769230769231	2	39	0.919862934573666
0.137931034482759	2	39	0.919862934573666
0.325	2	39	0.919862934573666
0.291666666666667	2	39	0.919862934573666
0.266666666666667	2	39	0.919862934573666
0.382978723404255	2	39	0.919862934573666
0.470588235294118	2	39	0.919862934573666
0.230769230769231	2	39	0.919862934573666
0.161290322580645	2	39	0.919862934573666
0.104166666666667	2	39	0.919862934573666
0.358974358974359	2	39	0.919862934573666
0.297297297297297	2	39	0.919862934573666
0.2	2	39	0.919862934573666
0.235294117647059	2	39	0.919862934573666
0.216216216216216	2	39	0.919862934573666
0.282608695652174	2	39	0.919862934573666
0.325	2	39	0.919862934573666
0.127272727272727	2	39	0.919862934573666
0.395348837209302	2	39	0.919862934573666
0.375	2	39	0.919862934573666
0.305555555555556	2	39	0.919862934573666
0.239130434782609	2	39	0.919862934573666
0.181818181818182	2	39	0.919862934573666
0.418604651162791	2	39	0.919862934573666
1	2	39	0.919862934573666
1	2	39	0.919862934573666
1	2	39	0.919862934573666
0.363636363636364	2	39	0.919862934573666
0.65	2	39	0.919862934573666
0.241379310344828	2	39	0.919862934573666
0.104166666666667	2	39	0.919862934573666
0.130434782608696	2	39	0.919862934573666
0.617647058823529	2	39	0.919862934573666
0.296296296296296	2	39	0.919862934573666
0.241379310344828	2	39	0.919862934573666
0.214285714285714	2	39	0.919862934573666
0.395348837209302	2	39	0.919862934573666
0.314285714285714	2	39	0.919862934573666
0.346153846153846	2	39	0.919862934573666
0.288888888888889	2	39	0.919862934573666
0.324324324324324	2	39	0.919862934573666
0.3125	2	39	0.919862934573666
0.25	2	39	0.919862934573666
0.184210526315789	2	39	0.919862934573666
0.111111111111111	2	39	0.919862934573666
0.19047619047619	2	39	0.919862934573666
0.24390243902439	2	39	0.919862934573666
0.270833333333333	2	39	0.919862934573666
0.285714285714286	2	39	0.919862934573666
0.189189189189189	2	39	0.919862934573666
0.468085106382979	2	39	0.919862934573666
0.304347826086957	2	39	0.919862934573666
0.151515151515152	2	39	0.919862934573666
0.294117647058824	2	39	0.919862934573666
0.3	2	39	0.919862934573666
0.294117647058824	2	39	0.919862934573666
0.136363636363636	2	39	0.919862934573666
0.236842105263158	2	39	0.919862934573666
0.375	2	39	0.919862934573666
0.136363636363636	2	39	0.919862934573666
0.320754716981132	2	39	0.919862934573666
0.288888888888889	2	39	0.919862934573666
0.4	2	39	0.919862934573666
0.30952380952381	2	39	0.919862934573666
0.545454545454545	2	39	0.919862934573666
0.219512195121951	2	39	0.919862934573666
0.133333333333333	2	39	0.919862934573666
0.171428571428571	2	39	0.919862934573666
0.255813953488372	2	39	0.919862934573666
0.109090909090909	2	39	0.919862934573666
0.27906976744186	2	39	0.919862934573666
0.339622641509434	2	39	0.919862934573666
0.444444444444444	2	39	0.919862934573666
0.213114754098361	2	39	0.919862934573666
0.428571428571429	2	39	0.919862934573666
0.431818181818182	2	39	0.919862934573666
0.369565217391304	2	39	0.919862934573666
0.15	2	39	0.919862934573666
0.319148936170213	2	39	0.919862934573666
0.346153846153846	2	39	0.919862934573666
0.285714285714286	2	39	0.919862934573666
0.27906976744186	2	39	0.919862934573666
0.333333333333333	2	39	0.919862934573666
0.351351351351351	2	39	0.919862934573666
0.106382978723404	2	39	0.919862934573666
0.380952380952381	2	39	0.919862934573666
0.5	2	39	0.919862934573666
0.297872340425532	2	39	0.919862934573666
0.388888888888889	2	39	0.919862934573666
0.37037037037037	2	39	0.919862934573666
0.206896551724138	2	39	0.919862934573666
0.3	2	39	0.919862934573666
0.365853658536585	2	39	0.919862934573666
0.378378378378378	2	39	0.919862934573666
0.135593220338983	2	39	0.919862934573666
0.102040816326531	2	39	0.919862934573666
0.173913043478261	2	39	0.919862934573666
0.236842105263158	2	39	0.919862934573666
0.19047619047619	2	39	0.919862934573666
0.127659574468085	2	39	0.919862934573666
0.183673469387755	2	39	0.919862934573666
0.346153846153846	2	39	0.919862934573666
0.424242424242424	2	39	0.919862934573666
0.311111111111111	2	39	0.919862934573666
0.157894736842105	2	39	0.919862934573666
0.222222222222222	2	39	0.919862934573666
0.266666666666667	2	39	0.919862934573666
0.35	2	39	0.919862934573666
0.314285714285714	2	39	0.919862934573666
0.136363636363636	2	39	0.919862934573666
0.285714285714286	2	39	0.919862934573666
0.21875	2	39	0.919862934573666
0.34375	2	39	0.919862934573666
0.25	2	39	0.919862934573666
0.272727272727273	2	39	0.919862934573666
0.105263157894737	2	39	0.919862934573666
0.35	2	39	0.919862934573666
0.333333333333333	2	39	0.919862934573666
0.117647058823529	2	39	0.919862934573666
0.387096774193548	2	39	0.919862934573666
0.245283018867925	2	39	0.919862934573666
0.133333333333333	2	39	0.919862934573666
0.354838709677419	2	39	0.919862934573666
0.152542372881356	2	39	0.919862934573666
0.333333333333333	2	39	0.919862934573666
0.377777777777778	2	39	0.919862934573666
0.375	2	39	0.919862934573666
0.257142857142857	2	39	0.919862934573666
0.52	2	39	0.919862934573666
0.290322580645161	2	39	0.919862934573666
0.324324324324324	2	39	0.919862934573666
0.133333333333333	2	39	0.919862934573666
0.333333333333333	2	39	0.919862934573666
0.363636363636364	2	39	0.919862934573666
0.166666666666667	2	39	0.919862934573666
0.255813953488372	2	39	0.919862934573666
0.170731707317073	2	39	0.919862934573666
0.136363636363636	2	39	0.919862934573666
0.222222222222222	2	39	0.919862934573666
0.166666666666667	2	39	0.919862934573666
0.235294117647059	2	39	0.919862934573666
0.151515151515152	2	39	0.919862934573666
0.25	2	39	0.919862934573666
0.166666666666667	2	39	0.919862934573666
0.45	2	39	0.919862934573666
0.333333333333333	2	39	0.919862934573666
0.230769230769231	2	39	0.919862934573666
0.333333333333333	2	39	0.919862934573666
0.153846153846154	2	39	0.919862934573666
0.352941176470588	2	39	0.919862934573666
0.104166666666667	2	39	0.919862934573666
0.351851851851852	2	39	0.919862934573666
0.28	2	39	0.919862934573666
0.285714285714286	2	39	0.919862934573666
0.372093023255814	2	39	0.919862934573666
0.32	2	39	0.919862934573666
0.3125	2	39	0.919862934573666
0.277777777777778	2	39	0.919862934573666
0.490909090909091	2	39	0.919862934573666
0.388888888888889	2	39	0.919862934573666
0.478260869565217	2	39	0.919862934573666
0.117647058823529	2	39	0.919862934573666
0.416666666666667	2	39	0.919862934573666
0.388888888888889	2	39	0.919862934573666
0.113636363636364	2	39	0.919862934573666
0.351351351351351	2	39	0.919862934573666
0.346938775510204	2	39	0.919862934573666
0.392857142857143	2	39	0.919862934573666
0.314285714285714	2	39	0.919862934573666
0.55	2	39	0.919862934573666
0.15625	2	39	0.919862934573666
0.25	2	39	0.919862934573666
0.136363636363636	2	39	0.919862934573666
0.21875	2	39	0.919862934573666
0.3125	2	39	0.919862934573666
0.15	2	39	0.919862934573666
0.274509803921569	2	39	0.919862934573666
0.30952380952381	2	39	0.919862934573666
0.306122448979592	2	39	0.919862934573666
0.305555555555556	2	39	0.919862934573666
0.315789473684211	2	39	0.919862934573666
0.25	2	39	0.919862934573666
0.209302325581395	2	39	0.919862934573666
0.113207547169811	2	39	0.919862934573666
0.245614035087719	2	39	0.919862934573666
0.392857142857143	2	39	0.919862934573666
0.121951219512195	2	39	0.919862934573666
0.266666666666667	2	39	0.919862934573666
0.433333333333333	2	39	0.919862934573666
0.176470588235294	2	39	0.919862934573666
0.272727272727273	2	39	0.919862934573666
0.0806451612903226	2	39	0.919862934573666
0.41304347826087	2	39	0.919862934573666
0.311475409836066	2	39	0.919862934573666
0.314814814814815	2	39	0.919862934573666
0.290909090909091	2	39	0.919862934573666
0.377777777777778	2	39	0.919862934573666
0.362068965517241	2	39	0.919862934573666
0.25531914893617	2	39	0.919862934573666
0.341463414634146	2	39	0.919862934573666
0.269230769230769	2	39	0.919862934573666
0.131147540983607	2	39	0.919862934573666
0.140625	2	39	0.919862934573666
0.181818181818182	2	39	0.919862934573666
0.184210526315789	2	39	0.919862934573666
0.261904761904762	2	39	0.919862934573666
0.266666666666667	2	39	0.919862934573666
0.205882352941176	2	39	0.919862934573666
0.235294117647059	2	39	0.919862934573666
0.2	2	39	0.919862934573666
0.857142857142857	2	39	0.919862934573666
0.428571428571429	2	39	0.919862934573666
0.36	2	39	0.919862934573666
0.303030303030303	2	39	0.919862934573666
0.318181818181818	2	39	0.919862934573666
0.333333333333333	2	39	0.919862934573666
0.428571428571429	2	39	0.919862934573666
0.4375	2	39	0.919862934573666
0.342105263157895	2	39	0.919862934573666
0.272727272727273	2	39	0.919862934573666
0.222222222222222	2	39	0.919862934573666
0.428571428571429	2	39	0.919862934573666
0.321428571428571	2	39	0.919862934573666
0.288888888888889	2	39	0.919862934573666
0.148148148148148	2	39	0.919862934573666
0.272727272727273	2	39	0.919862934573666
0.140350877192982	2	39	0.919862934573666
0.266666666666667	2	39	0.919862934573666
0.25	2	39	0.919862934573666
0.134615384615385	2	39	0.919862934573666
0.134615384615385	2	39	0.919862934573666
0.44	2	39	0.919862934573666
0.212765957446809	2	39	0.919862934573666
0.232558139534884	2	39	0.919862934573666
0.348837209302326	2	39	0.919862934573666
0.157894736842105	2	39	0.919862934573666
0.208333333333333	2	39	0.919862934573666
0.432432432432432	2	39	0.919862934573666
0.14	2	39	0.919862934573666
0.424242424242424	2	39	0.919862934573666
0.3	2	39	0.919862934573666
0.157894736842105	2	39	0.919862934573666
0.304347826086957	2	39	0.919862934573666
0.318181818181818	2	39	0.919862934573666
0.304347826086957	2	39	0.919862934573666
0.35	2	39	0.919862934573666
0.615384615384615	2	39	0.919862934573666
0.642857142857143	2	39	0.919862934573666
0.342857142857143	2	39	0.919862934573666
0.259259259259259	2	39	0.919862934573666
0.292682926829268	2	39	0.919862934573666
0.333333333333333	2	39	0.919862934573666
0.244897959183673	3	55	0.919862934573666
0.283018867924528	3	55	0.919862934573666
0.254237288135593	3	55	0.919862934573666
0.220338983050847	3	55	0.919862934573666
0.115384615384615	3	55	0.919862934573666
0.384615384615385	3	55	0.919862934573666
0.258064516129032	3	55	0.919862934573666
0.127272727272727	3	55	0.919862934573666
0.181818181818182	3	55	0.919862934573666
0.314814814814815	3	55	0.919862934573666
0.205479452054795	3	55	0.919862934573666
0.166666666666667	3	55	0.919862934573666
0.123076923076923	3	55	0.919862934573666
0.333333333333333	3	55	0.919862934573666
0.112903225806452	3	55	0.919862934573666
0.224137931034483	3	55	0.919862934573666
0.163934426229508	3	55	0.919862934573666
0.142857142857143	3	55	0.919862934573666
0.0909090909090909	3	55	0.919862934573666
0.191176470588235	3	55	0.919862934573666
0.211267605633803	3	55	0.919862934573666
0.106060606060606	3	55	0.919862934573666
0.25	3	55	0.919862934573666
0.136363636363636	3	55	0.919862934573666
0.204545454545455	3	55	0.919862934573666
0.138461538461538	3	55	0.919862934573666
0.1875	3	55	0.919862934573666
0.101694915254237	3	55	0.919862934573666
0.0985915492957746	3	55	0.919862934573666
0.257142857142857	3	55	0.919862934573666
0.104477611940299	3	55	0.919862934573666
0.260869565217391	3	55	0.919862934573666
0.193548387096774	3	55	0.919862934573666
0.15	3	55	0.919862934573666
0.172839506172839	3	55	0.919862934573666
0.146341463414634	3	55	0.919862934573666
0.194029850746269	3	55	0.919862934573666
0.0549450549450549	3	55	0.919862934573666
0.072463768115942	3	55	0.919862934573666
0.144736842105263	3	55	0.919862934573666
0.1	3	55	0.919862934573666
0.144578313253012	3	55	0.919862934573666
0.176470588235294	3	55	0.919862934573666
0.194029850746269	3	55	0.919862934573666
0.197530864197531	3	55	0.919862934573666
0.318181818181818	3	55	0.919862934573666
0.225806451612903	3	55	0.919862934573666
0.131578947368421	3	55	0.919862934573666
0.157894736842105	3	55	0.919862934573666
0.0925925925925926	3	55	0.919862934573666
0.306122448979592	3	55	0.919862934573666
0.125	3	55	0.919862934573666
0.3125	3	55	0.919862934573666
0.0845070422535211	3	55	0.919862934573666
0.175	3	55	0.919862934573666
0.210526315789474	3	55	0.919862934573666
0.113636363636364	3	55	0.919862934573666
0.305084745762712	3	55	0.919862934573666
0.157142857142857	3	55	0.919862934573666
0.233333333333333	3	55	0.919862934573666
0.181818181818182	3	55	0.919862934573666
0.2	3	55	0.919862934573666
0.0694444444444444	3	55	0.919862934573666
0.087719298245614	3	55	0.919862934573666
0.2	3	55	0.919862934573666
0.130434782608696	3	55	0.919862934573666
0.363636363636364	3	55	0.919862934573666
0.192982456140351	3	55	0.919862934573666
0.181818181818182	3	55	0.919862934573666
0.2	3	55	0.919862934573666
0.126984126984127	3	55	0.919862934573666
0.178571428571429	3	55	0.919862934573666
0.285714285714286	3	55	0.919862934573666
0.3	3	55	0.919862934573666
0.315789473684211	3	55	0.919862934573666
0.318181818181818	3	55	0.919862934573666
0.15625	3	55	0.919862934573666
0.15	3	55	0.919862934573666
0.104651162790698	3	55	0.919862934573666
0.228070175438596	3	55	0.919862934573666
0.169230769230769	3	55	0.919862934573666
0.0909090909090909	3	55	0.919862934573666
0.244897959183673	3	55	0.919862934573666
0.157894736842105	3	55	0.919862934573666
0.125	3	55	0.919862934573666
0.234042553191489	3	55	0.919862934573666
0.129032258064516	3	55	0.919862934573666
0.253968253968254	3	55	0.919862934573666
0.072463768115942	3	55	0.919862934573666
0.294117647058824	3	55	0.919862934573666
0.205882352941176	3	55	0.919862934573666
0.109090909090909	3	55	0.919862934573666
0.173913043478261	3	55	0.919862934573666
0.3	3	55	0.919862934573666
0.184210526315789	3	55	0.919862934573666
0.246153846153846	3	55	0.919862934573666
0.277777777777778	3	55	0.919862934573666
0.225806451612903	3	55	0.919862934573666
0.206896551724138	3	55	0.919862934573666
0.142857142857143	3	55	0.919862934573666
0.285714285714286	3	55	0.919862934573666
0.265625	3	55	0.919862934573666
0.117647058823529	3	55	0.919862934573666
0.275862068965517	3	55	0.919862934573666
0.189655172413793	3	55	0.919862934573666
0.222222222222222	3	55	0.919862934573666
0.142857142857143	3	55	0.919862934573666
0.150943396226415	3	55	0.919862934573666
0.175675675675676	3	55	0.919862934573666
0.144444444444444	3	55	0.919862934573666
0.24	3	55	0.919862934573666
0.161290322580645	3	55	0.919862934573666
0.366666666666667	3	55	0.919862934573666
0.181818181818182	3	55	0.919862934573666
0.193548387096774	3	55	0.919862934573666
0.226666666666667	3	55	0.919862934573666
0.178571428571429	3	55	0.919862934573666
0.111111111111111	3	55	0.919862934573666
0.125	3	55	0.919862934573666
0.183673469387755	3	55	0.919862934573666
0.258620689655172	3	55	0.919862934573666
0.173913043478261	3	55	0.919862934573666
0.193548387096774	3	55	0.919862934573666
0.2	3	55	0.919862934573666
0.58974358974359	3	55	0.919862934573666
0.111111111111111	3	55	0.919862934573666
0.2	3	55	0.919862934573666
0.134328358208955	3	55	0.919862934573666
0.170212765957447	3	55	0.919862934573666
0.344827586206897	3	55	0.919862934573666
0.224137931034483	3	55	0.919862934573666
0.333333333333333	3	55	0.919862934573666
0.173913043478261	3	55	0.919862934573666
