VAF	CN	avg.depth	purity
0.307692307692308	1	17	1
0.869565217391304	1	17	1
0.909090909090909	1	17	1
0.909090909090909	1	17	1
0.909090909090909	1	17	1
0.909090909090909	1	17	1
0.833333333333333	1	17	1
0.88	1	17	1
0.16	1	17	1
0.894736842105263	1	17	1
0.235294117647059	1	17	1
0.176470588235294	2	36	1
0.354838709677419	2	36	1
0.212121212121212	2	36	1
0.225	2	36	1
0.36	2	36	1
0.19047619047619	2	36	1
0.185185185185185	2	36	1
0.384615384615385	2	36	1
0.170731707317073	2	36	1
0.25531914893617	2	36	1
0.55	2	36	1
0.558823529411765	2	36	1
0.363636363636364	2	36	1
0.214285714285714	2	36	1
0.127659574468085	2	36	1
0.145833333333333	2	36	1
0.628571428571429	2	36	1
0.547619047619048	2	36	1
0.5	2	36	1
0.446808510638298	2	36	1
0.176470588235294	2	36	1
0.392857142857143	2	36	1
0.1	2	36	1
0.28125	2	36	1
0.244444444444444	2	36	1
0.375	2	36	1
0.555555555555556	2	36	1
0.15	2	36	1
0.48	2	36	1
0.529411764705882	2	36	1
0.205882352941176	2	36	1
0.305555555555556	2	36	1
0.628571428571429	2	36	1
0.315789473684211	2	36	1
0.297297297297297	2	36	1
0.25	2	36	1
0.379310344827586	2	36	1
0.121212121212121	2	36	1
0.260869565217391	2	36	1
0.205128205128205	2	36	1
0.52	2	36	1
0.2	2	36	1
0.583333333333333	2	36	1
0.454545454545455	2	36	1
0.155555555555556	2	36	1
0.117647058823529	2	36	1
0.321428571428571	2	36	1
0.567567567567568	2	36	1
0.51219512195122	2	36	1
0.555555555555556	2	36	1
0.447368421052632	2	36	1
0.148148148148148	2	36	1
0.456521739130435	2	36	1
0.6	2	36	1
0.363636363636364	2	36	1
0.175	2	36	1
0.447368421052632	2	36	1
0.361111111111111	2	36	1
0.566666666666667	2	36	1
0.346153846153846	2	36	1
0.529411764705882	2	36	1
0.444444444444444	2	36	1
0.121951219512195	2	36	1
0.533333333333333	2	36	1
0.194444444444444	2	36	1
0.555555555555556	2	36	1
0.119047619047619	2	36	1
0.416666666666667	2	36	1
0.484848484848485	2	36	1
0.583333333333333	2	36	1
0.5	2	36	1
0.451612903225806	2	36	1
0.125	2	36	1
0.117647058823529	2	36	1
0.476190476190476	2	36	1
0.162162162162162	2	36	1
0.530612244897959	2	36	1
0.148936170212766	2	36	1
0.222222222222222	2	36	1
0.378378378378378	2	36	1
0.434782608695652	2	36	1
0.555555555555556	2	36	1
0.291666666666667	2	36	1
0.447368421052632	2	36	1
0.466666666666667	2	36	1
0.523809523809524	2	36	1
0.142857142857143	2	36	1
0.433962264150943	2	36	1
0.444444444444444	2	36	1
0.564102564102564	2	36	1
0.327272727272727	2	36	1
0.277777777777778	2	36	1
0.2	2	36	1
0.454545454545455	2	36	1
0.347826086956522	2	36	1
0.428571428571429	2	36	1
0.483870967741935	2	36	1
0.446808510638298	2	36	1
0.37037037037037	2	36	1
0.27906976744186	2	36	1
0.230769230769231	2	36	1
0.425	2	36	1
0.171428571428571	2	36	1
0.575	2	36	1
0.0925925925925926	2	36	1
0.518518518518518	2	36	1
0.175	2	36	1
0.170731707317073	2	36	1
0.441860465116279	2	36	1
0.21875	2	36	1
0.170731707317073	2	36	1
0.5	2	36	1
0.538461538461538	2	36	1
0.447368421052632	2	36	1
0.458333333333333	2	36	1
0.454545454545455	2	36	1
0.382978723404255	2	36	1
0.136363636363636	2	36	1
0.419354838709677	2	36	1
0.204545454545455	2	36	1
0.59375	2	36	1
0.222222222222222	2	36	1
0.285714285714286	2	36	1
0.433962264150943	2	36	1
0.673913043478261	2	36	1
0.121951219512195	2	36	1
0.314285714285714	2	36	1
0.48780487804878	2	36	1
0.5	2	36	1
0.111111111111111	2	36	1
0.2	2	36	1
0.567567567567568	2	36	1
0.384615384615385	2	36	1
0.568627450980392	2	36	1
0.347826086956522	2	36	1
0.157894736842105	2	36	1
0.5	2	36	1
0.553191489361702	2	36	1
0.275	2	36	1
0.522727272727273	2	36	1
0.432432432432432	2	36	1
0.541666666666667	2	36	1
0.24390243902439	2	36	1
0.630434782608696	2	36	1
0.407407407407407	2	36	1
0.34375	2	36	1
0.538461538461538	2	36	1
0.205882352941176	2	36	1
0.466666666666667	2	36	1
0.48780487804878	2	36	1
0.25531914893617	2	36	1
0.184210526315789	2	36	1
0.121951219512195	2	36	1
0.425	2	36	1
0.526315789473684	2	36	1
0.59375	2	36	1
0.363636363636364	2	36	1
0.461538461538462	2	36	1
0.414634146341463	2	36	1
0.476190476190476	2	36	1
0.358974358974359	2	36	1
0.666666666666667	2	36	1
0.416666666666667	2	36	1
0.342105263157895	2	36	1
0.407407407407407	2	36	1
0.377777777777778	2	36	1
0.204545454545455	2	36	1
0.209302325581395	2	36	1
0.146341463414634	2	36	1
0.380952380952381	2	36	1
0.441176470588235	2	36	1
0.244897959183673	2	36	1
0.142857142857143	2	36	1
0.166666666666667	2	36	1
0.45	2	36	1
0.32	2	36	1
0.425	2	36	1
0.354838709677419	2	36	1
0.4	2	36	1
0.434782608695652	2	36	1
0.193548387096774	2	36	1
0.212121212121212	2	36	1
0.170212765957447	2	36	1
0.428571428571429	2	36	1
0.148148148148148	2	36	1
0.260869565217391	2	36	1
0.517241379310345	2	36	1
0.25	2	36	1
0.395348837209302	2	36	1
0.486486486486487	2	36	1
0.171428571428571	2	36	1
0.566037735849057	2	36	1
0.512820512820513	2	36	1
0.151515151515152	2	36	1
0.333333333333333	2	36	1
0.233333333333333	2	36	1
0.12	2	36	1
0.285714285714286	2	36	1
0.357142857142857	2	36	1
0.413793103448276	2	36	1
0.375	2	36	1
0.315789473684211	2	36	1
0.512820512820513	2	36	1
0.413793103448276	2	36	1
0.166666666666667	2	36	1
0.1875	2	36	1
0.615384615384615	2	36	1
0.305555555555556	2	36	1
0.285714285714286	2	36	1
0.189189189189189	2	36	1
0.354166666666667	2	36	1
0.116279069767442	2	36	1
0.162790697674419	2	36	1
0.153846153846154	2	36	1
0.25	2	36	1
0.163265306122449	2	36	1
0.463414634146341	2	36	1
0.268292682926829	2	36	1
0.194444444444444	2	36	1
0.19047619047619	2	36	1
0.553191489361702	2	36	1
0.5	2	36	1
0.472222222222222	2	36	1
0.216216216216216	2	36	1
0.588235294117647	2	36	1
0.195121951219512	2	36	1
0.512820512820513	2	36	1
0.304347826086957	2	36	1
0.19047619047619	2	36	1
0.166666666666667	2	36	1
0.542857142857143	2	36	1
0.411764705882353	2	36	1
0.395348837209302	2	36	1
0.363636363636364	2	36	1
0.36734693877551	2	36	1
0.418604651162791	2	36	1
0.133333333333333	2	36	1
0.392857142857143	2	36	1
0.372093023255814	2	36	1
0.128205128205128	2	36	1
0.205882352941176	2	36	1
0.2	2	36	1
0.484848484848485	2	36	1
0.428571428571429	2	36	1
0.181818181818182	2	36	1
0.484848484848485	2	36	1
0.5	2	36	1
0.37037037037037	2	36	1
0.12	2	36	1
0.551724137931034	2	36	1
0.515151515151515	2	36	1
0.333333333333333	2	36	1
0.405405405405405	2	36	1
0.416666666666667	2	36	1
0.272727272727273	2	36	1
0.260869565217391	2	36	1
0.483870967741935	2	36	1
0.372549019607843	2	36	1
0.411764705882353	2	36	1
0.325581395348837	2	36	1
0.459459459459459	2	36	1
0.411764705882353	2	36	1
0.488372093023256	2	36	1
0.675675675675676	2	36	1
0.6	2	36	1
0.111111111111111	2	36	1
0.125	2	36	1
0.183673469387755	2	36	1
0.604651162790698	2	36	1
0.104166666666667	2	36	1
0.447368421052632	2	36	1
0.363636363636364	2	36	1
0.465116279069767	2	36	1
0.465116279069767	2	36	1
0.266666666666667	2	36	1
0.333333333333333	2	36	1
0.166666666666667	2	36	1
0.173913043478261	2	36	1
0.486486486486487	2	36	1
0.206896551724138	2	36	1
0.325	2	36	1
0.181818181818182	2	36	1
0.363636363636364	2	36	1
0.5	2	36	1
0.390243902439024	2	36	1
0.567567567567568	2	36	1
0.51219512195122	2	36	1
0.470588235294118	2	36	1
0.307692307692308	2	36	1
0.536585365853659	2	36	1
0.153846153846154	2	36	1
0.378378378378378	2	36	1
0.173913043478261	2	36	1
0.255813953488372	2	36	1
0.318181818181818	2	36	1
0.260869565217391	2	36	1
0.13953488372093	2	36	1
0.175	2	36	1
0.153846153846154	2	36	1
0.714285714285714	2	36	1
0.44	2	36	1
0.485714285714286	2	36	1
0.170731707317073	2	36	1
0.407407407407407	2	36	1
0.236363636363636	2	36	1
0.323529411764706	2	36	1
0.527777777777778	2	36	1
0.65625	2	36	1
0.307692307692308	2	36	1
0.38	2	36	1
0.625	2	36	1
0.564102564102564	2	36	1
0.363636363636364	2	36	1
0.454545454545455	2	36	1
0.4	2	36	1
0.466666666666667	2	36	1
0.459459459459459	2	36	1
0.529411764705882	2	36	1
0.193548387096774	2	36	1
0.441176470588235	2	36	1
0.155555555555556	2	36	1
0.517241379310345	2	36	1
0.285714285714286	2	36	1
0.148936170212766	2	36	1
0.346153846153846	2	36	1
0.411764705882353	2	36	1
0.170731707317073	2	36	1
0.272727272727273	2	36	1
0.653846153846154	2	36	1
0.369565217391304	2	36	1
0.486486486486487	2	36	1
0.186046511627907	2	36	1
0.518518518518518	2	36	1
0.181818181818182	2	36	1
0.148936170212766	2	36	1
0.545454545454545	2	36	1
0.478260869565217	2	36	1
0.189189189189189	2	36	1
0.264705882352941	2	36	1
0.212765957446809	2	36	1
0.457142857142857	2	36	1
0.225	2	36	1
0.117647058823529	2	36	1
0.157894736842105	2	36	1
0.333333333333333	2	36	1
0.28	2	36	1
0.435897435897436	2	36	1
0.53125	2	36	1
0.161290322580645	2	36	1
0.333333333333333	2	36	1
0.264705882352941	2	36	1
0.479166666666667	2	36	1
0.244444444444444	2	36	1
0.4	2	36	1
0.413793103448276	2	36	1
0.487179487179487	2	36	1
0.441176470588235	2	36	1
0.404761904761905	2	36	1
0.529411764705882	2	36	1
0.463414634146341	2	36	1
0.363636363636364	2	36	1
0.170212765957447	2	36	1
0.380952380952381	2	36	1
0.5	2	36	1
0.128205128205128	2	36	1
0.375	2	36	1
0.567567567567568	2	36	1
0.304347826086957	2	36	1
0.409090909090909	2	36	1
0.344827586206897	2	36	1
0.451612903225806	2	36	1
0.173076923076923	2	36	1
0.428571428571429	2	36	1
0.441860465116279	2	36	1
0.15	2	36	1
0.15	2	36	1
0.210526315789474	2	36	1
0.205128205128205	2	36	1
0.486486486486487	2	36	1
0.181818181818182	2	36	1
0.45	2	36	1
0.175	2	36	1
0.483870967741935	2	36	1
0.211538461538462	2	36	1
0.533333333333333	2	36	1
0.176470588235294	2	36	1
0.162790697674419	2	36	1
0.347826086956522	2	36	1
0.48	2	36	1
0.411764705882353	2	36	1
0.266666666666667	2	36	1
0.185185185185185	2	36	1
0.431818181818182	2	36	1
0.214285714285714	2	36	1
0.114285714285714	2	36	1
0.157894736842105	2	36	1
0.48936170212766	2	36	1
0.463414634146341	2	36	1
0.2	2	36	1
0.176470588235294	2	36	1
0.176470588235294	2	36	1
0.529411764705882	2	36	1
0.162790697674419	2	36	1
0.177777777777778	2	36	1
0.142857142857143	2	36	1
0.333333333333333	2	36	1
0.675	2	36	1
0.527777777777778	2	36	1
0.315789473684211	2	36	1
0.195652173913043	2	36	1
0.394736842105263	2	36	1
0.448275862068966	2	36	1
0.148148148148148	2	36	1
0.384615384615385	2	36	1
0.225	2	36	1
0.175	2	36	1
0.395348837209302	2	36	1
0.260869565217391	2	36	1
0.193548387096774	2	36	1
0.470588235294118	2	36	1
0.333333333333333	2	36	1
0.242424242424242	2	36	1
0.583333333333333	2	36	1
0.390243902439024	2	36	1
0.363636363636364	2	36	1
0.27027027027027	2	36	1
0.222222222222222	2	36	1
0.535714285714286	2	36	1
0.162162162162162	2	36	1
0.5	2	36	1
0.439024390243902	2	36	1
0.414634146341463	2	36	1
0.421052631578947	2	36	1
0.2	2	36	1
0.259259259259259	2	36	1
0.347826086956522	2	36	1
0.358974358974359	2	36	1
0.416666666666667	2	36	1
0.222222222222222	2	36	1
0.4	2	36	1
0.184210526315789	2	36	1
0.117647058823529	2	36	1
0.159090909090909	2	36	1
0.13953488372093	2	36	1
0.414634146341463	2	36	1
0.5	2	36	1
0.346153846153846	2	36	1
0.642857142857143	2	36	1
0.622222222222222	2	36	1
0.549019607843137	2	36	1
0.428571428571429	2	36	1
0.310344827586207	2	36	1
0.125	2	36	1
0.379310344827586	2	36	1
0.452380952380952	2	36	1
0.193548387096774	2	36	1
0.142857142857143	2	36	1
0.652173913043478	2	36	1
0.225806451612903	2	36	1
0.405405405405405	2	36	1
0.365853658536585	2	36	1
0.428571428571429	2	36	1
0.342857142857143	2	36	1
0.5	2	36	1
0.469387755102041	2	36	1
0.444444444444444	2	36	1
0.514285714285714	2	36	1
0.416666666666667	2	36	1
0.133333333333333	2	36	1
0.431818181818182	2	36	1
0.2	2	36	1
0.195121951219512	2	36	1
0.269230769230769	2	36	1
0.241379310344828	2	36	1
0.157894736842105	2	36	1
0.204545454545455	2	36	1
0.2	2	36	1
0.34375	2	36	1
0.136363636363636	2	36	1
0.558823529411765	2	36	1
0.333333333333333	2	36	1
0.342857142857143	2	36	1
0.111111111111111	2	36	1
0.581395348837209	2	36	1
0.157894736842105	2	36	1
0.675675675675676	2	36	1
0.608695652173913	2	36	1
0.42	2	36	1
0.166666666666667	2	36	1
0.439024390243902	2	36	1
0.451612903225806	2	36	1
0.363636363636364	2	36	1
0.432432432432432	2	36	1
0.194444444444444	2	36	1
0.6	2	36	1
0.3125	2	36	1
0.419354838709677	2	36	1
0.166666666666667	2	36	1
0.454545454545455	2	36	1
0.25	2	36	1
0.5	2	36	1
0.173913043478261	2	36	1
0.434782608695652	2	36	1
0.184210526315789	2	36	1
0.153846153846154	2	36	1
0.379310344827586	2	36	1
0.288135593220339	2	36	1
0.5	2	36	1
0.480769230769231	2	36	1
0.285714285714286	2	36	1
0.203703703703704	2	36	1
0.363636363636364	2	36	1
0.272727272727273	2	36	1
0.32258064516129	2	36	1
0.204545454545455	2	36	1
0.4	2	36	1
0.162162162162162	2	36	1
0.178571428571429	2	36	1
0.413793103448276	2	36	1
0.351351351351351	2	36	1
0.378378378378378	2	36	1
0.459459459459459	2	36	1
0.435897435897436	2	36	1
0.551724137931034	2	36	1
0.289473684210526	2	36	1
0.216216216216216	2	36	1
0.482758620689655	2	36	1
0.146341463414634	2	36	1
0.181818181818182	2	36	1
0.242424242424242	2	36	1
0.5	2	36	1
0.48936170212766	2	36	1
0.375	2	36	1
0.466666666666667	2	36	1
0.260869565217391	2	36	1
0.214285714285714	2	36	1
0.4	2	36	1
0.433333333333333	2	36	1
0.466666666666667	2	36	1
0.189189189189189	2	36	1
0.15	2	36	1
0.264705882352941	2	36	1
1	2	36	1
0.9	2	36	1
1	2	36	1
0.391304347826087	2	36	1
0.560975609756098	2	36	1
0.395348837209302	2	36	1
0.27906976744186	2	36	1
0.416666666666667	2	36	1
0.263157894736842	2	36	1
0.142857142857143	2	36	1
0.606060606060606	2	36	1
0.228571428571429	2	36	1
0.310344827586207	2	36	1
0.176470588235294	2	36	1
0.310344827586207	2	36	1
0.595238095238095	2	36	1
0.379310344827586	2	36	1
0.263157894736842	2	36	1
0.135135135135135	2	36	1
0.5	2	36	1
0.145833333333333	2	36	1
0.468085106382979	2	36	1
0.40625	2	36	1
0.563636363636364	2	36	1
0.162790697674419	2	36	1
0.244444444444444	2	36	1
0.533333333333333	2	36	1
0.413793103448276	2	36	1
0.323529411764706	2	36	1
0.228571428571429	2	36	1
0.5	2	36	1
0.225806451612903	2	36	1
0.472222222222222	2	36	1
0.166666666666667	2	36	1
0.395833333333333	2	36	1
0.515151515151515	2	36	1
0.147058823529412	2	36	1
0.380952380952381	2	36	1
0.380952380952381	2	36	1
0.518518518518518	2	36	1
0.448275862068966	2	36	1
0.228571428571429	2	36	1
0.25	2	36	1
0.477272727272727	2	36	1
0.125	2	36	1
0.405405405405405	2	36	1
0.518518518518518	2	36	1
0.388888888888889	2	36	1
0.321428571428571	2	36	1
0.672727272727273	3	52	1
0.186440677966102	3	52	1
0.132075471698113	3	52	1
0.103448275862069	3	52	1
0.111111111111111	3	52	1
0.19047619047619	3	52	1
0.243589743589744	3	52	1
0.25	3	52	1
0.115384615384615	3	52	1
0.0793650793650794	3	52	1
0.574074074074074	3	52	1
0.142857142857143	3	52	1
0.291666666666667	3	52	1
0.65	3	52	1
0.169811320754717	3	52	1
0.258064516129032	3	52	1
0.23728813559322	3	52	1
0.230769230769231	3	52	1
0.169491525423729	3	52	1
0.155555555555556	3	52	1
0.714285714285714	3	52	1
0.146341463414634	3	52	1
0.146341463414634	3	52	1
0.25	3	52	1
0.0769230769230769	3	52	1
0.321428571428571	3	52	1
0.105263157894737	3	52	1
0.296296296296296	3	52	1
0.479166666666667	3	52	1
0.2	3	52	1
0.614035087719298	3	52	1
0.641509433962264	3	52	1
0.103448275862069	3	52	1
0.127272727272727	3	52	1
0.388888888888889	3	52	1
0.612903225806452	3	52	1
0.293103448275862	3	52	1
0.172413793103448	3	52	1
0.270833333333333	3	52	1
0.15625	3	52	1
0.241935483870968	3	52	1
0.173913043478261	3	52	1
0.104166666666667	3	52	1
0.157894736842105	3	52	1
0.283333333333333	3	52	1
0.258064516129032	3	52	1
0.285714285714286	3	52	1
0.164179104477612	3	52	1
0.145833333333333	3	52	1
0.180327868852459	3	52	1
0.209677419354839	3	52	1
0.428571428571429	3	52	1
0.225806451612903	3	52	1
0.377777777777778	3	52	1
0.277777777777778	3	52	1
0.120689655172414	3	52	1
0.28	3	52	1
0.274509803921569	3	52	1
0.130434782608696	3	52	1
0.228070175438596	3	52	1
0.653846153846154	3	52	1
0.586666666666667	3	52	1
0.214285714285714	3	52	1
0.117647058823529	3	52	1
0.155555555555556	3	52	1
0.156862745098039	3	52	1
0.36	3	52	1
0.160714285714286	3	52	1
0.25	3	52	1
0.36231884057971	3	52	1
0.362068965517241	3	52	1
0.293103448275862	3	52	1
0.106666666666667	3	52	1
0.440677966101695	3	52	1
0.4	3	52	1
0.288135593220339	3	52	1
0.145454545454545	3	52	1
0.0862068965517241	3	52	1
0.306451612903226	3	52	1
0.136363636363636	3	52	1
0.410714285714286	3	52	1
0.0980392156862745	3	52	1
0.262295081967213	3	52	1
0.115384615384615	3	52	1
0.162162162162162	3	52	1
0.315789473684211	3	52	1
0.156862745098039	3	52	1
0.333333333333333	3	52	1
0.130434782608696	3	52	1
0.120689655172414	3	52	1
0.244444444444444	3	52	1
0.323529411764706	3	52	1
0.21875	3	52	1
0.3	3	52	1
0.904761904761905	3	52	1
0.262295081967213	3	52	1
0.0923076923076923	3	52	1
0.189655172413793	3	52	1
0.0746268656716418	3	52	1
0.180327868852459	3	52	1
0.116279069767442	3	52	1
0.1	3	52	1
0.104477611940299	3	52	1
0.152173913043478	3	52	1
0.0694444444444444	3	52	1
0.103448275862069	3	52	1
0.134615384615385	3	52	1
0.152173913043478	3	52	1
0.305555555555556	3	52	1
0.150943396226415	3	52	1
0.5	3	52	1
0.2	3	52	1
0.113207547169811	3	52	1
0.153846153846154	3	52	1
0.142857142857143	3	52	1
0.313432835820896	3	52	1
0.352941176470588	3	52	1
0.366666666666667	3	52	1
0.309090909090909	3	52	1
0.0909090909090909	3	52	1
0.227272727272727	3	52	1
0.28	3	52	1
0.157894736842105	3	52	1
