VAF	CN	avg.depth	purity
0.916666666666667	2	15	1
1	2	15	1
1	2	15	1
0.923076923076923	2	15	1
0.928571428571429	2	15	1
1	2	15	1
1	2	15	1
0.923076923076923	2	15	1
1	2	15	1
0.96	2	15	1
1	2	15	1
1	2	15	1
0.9	2	15	1
0.916666666666667	2	15	1
1	2	15	1
0.888888888888889	2	15	1
1	2	15	1
0.692307692307692	2	15	1
0.916666666666667	2	15	1
0.928571428571429	2	15	1
0.947368421052632	2	15	1
0.9	2	15	1
0.909090909090909	2	15	1
0.894736842105263	2	15	1
0.833333333333333	2	15	1
1	2	15	1
0.833333333333333	2	15	1
0.909090909090909	2	15	1
0.888888888888889	2	15	1
1	2	15	1
0.923076923076923	2	15	1
1	2	15	1
0.933333333333333	2	15	1
1	2	15	1
0.272727272727273	2	15	1
0.428571428571429	2	15	1
0.833333333333333	2	15	1
1	2	15	1
0.769230769230769	2	15	1
1	2	15	1
0.933333333333333	2	15	1
1	2	15	1
0.933333333333333	2	15	1
1	2	15	1
1	2	15	1
1	2	15	1
0.916666666666667	2	15	1
0.428571428571429	2	15	1
0.933333333333333	2	15	1
1	2	15	1
1	2	15	1
0.577777777777778	2	15	1
0.947368421052632	2	15	1
0.833333333333333	2	15	1
1	2	15	1
0.944444444444444	2	15	1
0.947368421052632	2	15	1
1	2	15	1
1	2	15	1
1	2	15	1
0.931034482758621	2	15	1
0.923076923076923	2	15	1
1	2	15	1
1	2	15	1
0.85	2	15	1
0.9	2	15	1
0.882352941176471	2	15	1
1	2	15	1
1	2	15	1
1	2	15	1
1	2	15	1
1	2	15	1
1	2	15	1
0.947368421052632	2	15	1
0.481481481481481	2	15	1
1	2	15	1
1	2	15	1
0.176470588235294	2	15	1
0.909090909090909	2	15	1
0.909090909090909	2	15	1
0.533333333333333	2	15	1
0.928571428571429	2	15	1
0.954545454545455	2	15	1
1	2	15	1
0.947368421052632	2	15	1
1	2	15	1
1	2	15	1
0.846153846153846	2	15	1
0.916666666666667	2	15	1
0.857142857142857	2	15	1
0.947368421052632	2	15	1
1	2	15	1
1	2	15	1
1	2	15	1
0.91304347826087	2	15	1
0.818181818181818	2	15	1
0.933333333333333	2	15	1
0.916666666666667	2	15	1
0.923076923076923	2	15	1
1	2	15	1
0.615384615384615	2	15	1
0.954545454545455	2	15	1
0.75	2	15	1
0.95	2	15	1
0.9375	2	15	1
1	2	15	1
0.944444444444444	2	15	1
0.538461538461538	2	15	1
0.785714285714286	2	15	1
0.888888888888889	2	15	1
0.944444444444444	2	15	1
0.947368421052632	2	15	1
0.923076923076923	2	15	1
0.888888888888889	2	15	1
1	2	15	1
0.952380952380952	2	15	1
1	2	15	1
0.818181818181818	2	15	1
0.818181818181818	2	15	1
1	2	15	1
0.733333333333333	2	15	1
1	2	15	1
0.96	2	15	1
1	2	15	1
0.9375	2	15	1
0.944444444444444	2	15	1
0.888888888888889	2	15	1
0.75	2	15	1
1	2	15	1
1	2	15	1
0.96	2	15	1
0.956521739130435	2	15	1
1	2	15	1
0.833333333333333	2	15	1
0.833333333333333	2	15	1
0.8	2	15	1
0.785714285714286	2	15	1
0.833333333333333	2	15	1
0.823529411764706	2	15	1
1	2	15	1
0.75	2	15	1
0.875	2	15	1
0.727272727272727	2	15	1
0.888888888888889	2	15	1
0.882352941176471	2	15	1
0.9375	2	15	1
0.941176470588235	2	15	1
0.904761904761905	2	15	1
1	2	15	1
1	2	15	1
0.92	2	15	1
1	2	15	1
0.9	2	15	1
1	2	15	1
0.947368421052632	2	15	1
0.958333333333333	2	15	1
1	2	15	1
0.866666666666667	2	15	1
1	2	15	1
0.947368421052632	2	15	1
1	2	15	1
0.705882352941177	2	15	1
0.869565217391304	2	15	1
1	2	15	1
1	2	15	1
1	2	15	1
0.7	2	15	1
0.954545454545455	2	15	1
0.935483870967742	2	15	1
0.888888888888889	2	15	1
0.521739130434783	2	15	1
0.888888888888889	2	15	1
0.388888888888889	2	15	1
1	2	15	1
1	2	15	1
0.888888888888889	2	15	1
1	2	15	1
1	2	15	1
0.961538461538462	2	15	1
0.9375	2	15	1
0.857142857142857	2	15	1
1	2	15	1
1	2	15	1
1	2	15	1
1	2	15	1
0.846153846153846	2	15	1
1	2	15	1
1	2	15	1
0.666666666666667	2	15	1
0.9375	2	15	1
0.888888888888889	2	15	1
0.538461538461538	2	15	1
0.833333333333333	2	15	1
0.333333333333333	3	31	1
0.464285714285714	3	31	1
0.578947368421053	3	31	1
0.482758620689655	3	31	1
0.515151515151515	3	31	1
0.333333333333333	3	31	1
0.565217391304348	3	31	1
0.466666666666667	3	31	1
0.517241379310345	3	31	1
0.413793103448276	3	31	1
0.647058823529412	3	31	1
0.346938775510204	3	31	1
0.466666666666667	3	31	1
0.457142857142857	3	31	1
0.258064516129032	3	31	1
0.434782608695652	3	31	1
0.333333333333333	3	31	1
0.41025641025641	3	31	1
0.586206896551724	3	31	1
0.578947368421053	3	31	1
0.422222222222222	3	31	1
0.363636363636364	3	31	1
0.28	3	31	1
0.368421052631579	3	31	1
0.117647058823529	3	31	1
0.515151515151515	3	31	1
0.393939393939394	3	31	1
0.235294117647059	3	31	1
0.484848484848485	3	31	1
0.516129032258065	3	31	1
0.52	3	31	1
0.484848484848485	3	31	1
0.542857142857143	3	31	1
0.551020408163265	3	31	1
0.526315789473684	3	31	1
0.253731343283582	3	31	1
0.333333333333333	3	31	1
0.0895522388059701	3	31	1
0.538461538461538	3	31	1
0.365853658536585	4	26	1
0.340425531914894	4	26	1
0.452830188679245	4	26	1
0.488888888888889	4	26	1
0.5	4	26	1
0.52	4	26	1
0.4	4	26	1
0.465116279069767	4	26	1
0.41025641025641	4	26	1
0.461538461538462	4	26	1
0.476190476190476	4	26	1
0.515151515151515	4	26	1
0.441860465116279	4	26	1
0.576923076923077	4	26	1
0.542857142857143	4	26	1
0.481481481481481	4	26	1
0.642857142857143	4	26	1
0.366666666666667	4	26	1
0.304347826086957	4	26	1
0.444444444444444	4	26	1
0.382978723404255	4	26	1
0.46875	4	26	1
0.418604651162791	4	26	1
0.535714285714286	4	26	1
0.413793103448276	4	26	1
0.424242424242424	4	26	1
0.52	4	26	1
0.4	4	26	1
0.48780487804878	4	26	1
0.321428571428571	4	26	1
0.521739130434783	4	26	1
0.567567567567568	4	26	1
0.548387096774194	4	26	1
0.6	4	26	1
0.323529411764706	4	26	1
0.555555555555556	4	26	1
0.310344827586207	4	26	1
0.5	4	26	1
0.416666666666667	4	26	1
0.5	4	26	1
0.515151515151515	4	26	1
0.428571428571429	4	26	1
0.37037037037037	4	26	1
0.5	4	26	1
0.451612903225806	4	26	1
0.565217391304348	4	26	1
0.352941176470588	4	26	1
0.580645161290323	4	26	1
0.32	4	26	1
0.407407407407407	4	26	1
0.446808510638298	4	26	1
0.527777777777778	4	26	1
0.290322580645161	4	26	1
0.555555555555556	4	26	1
0.477272727272727	4	26	1
0.268292682926829	4	26	1
0.483870967741935	4	26	1
0.461538461538462	4	26	1
0.454545454545455	4	26	1
0.444444444444444	4	26	1
0.428571428571429	4	26	1
0.275862068965517	4	26	1
0.647058823529412	4	26	1
0.125	4	26	1
0.473684210526316	4	26	1
0.64	4	26	1
0.241379310344828	4	26	1
0.606060606060606	4	26	1
0.411764705882353	4	26	1
0.4	4	26	1
0.384615384615385	4	26	1
0.481481481481481	4	26	1
0.523809523809524	4	26	1
0.428571428571429	4	26	1
0.391304347826087	4	26	1
0.428571428571429	4	26	1
0.346153846153846	4	26	1
0.258064516129032	4	26	1
0.548387096774194	4	26	1
0.555555555555556	4	26	1
0.4375	4	26	1
0.451612903225806	4	26	1
0.357142857142857	4	26	1
0.666666666666667	4	26	1
0.368421052631579	4	26	1
0.25	4	26	1
0.5	4	26	1
0.518518518518518	4	26	1
0.5625	4	26	1
0.636363636363636	4	26	1
0.740740740740741	4	26	1
0.634146341463415	4	26	1
0.5	4	26	1
0.566666666666667	4	26	1
0.62962962962963	4	26	1
0.555555555555556	4	26	1
0.464285714285714	4	26	1
0.4	4	26	1
0.5	4	26	1
0.53125	4	26	1
0.421052631578947	4	26	1
0.454545454545455	4	26	1
0.5	4	26	1
0.5	4	26	1
0.4	4	26	1
0.390243902439024	4	26	1
0.521739130434783	4	26	1
0.473684210526316	4	26	1
0.5625	4	26	1
0.458333333333333	4	26	1
0.485714285714286	4	26	1
0.32	4	26	1
0.611111111111111	4	26	1
0.391304347826087	4	26	1
0.612903225806452	4	26	1
0.384615384615385	4	26	1
0.48	4	26	1
0.4	4	26	1
0.391304347826087	4	26	1
0.428571428571429	4	26	1
0.366666666666667	4	26	1
0.521739130434783	4	26	1
0.2	4	26	1
0.3125	4	26	1
0.375	4	26	1
0.4	4	26	1
0.5	4	26	1
0.464285714285714	4	26	1
0.41304347826087	4	26	1
0.24	4	26	1
0.333333333333333	4	26	1
0.695652173913043	4	26	1
0.619047619047619	4	26	1
0.407407407407407	4	26	1
0.419354838709677	4	26	1
0.607142857142857	4	26	1
0.37037037037037	4	26	1
0.48	4	26	1
0.4	4	26	1
0.342857142857143	4	26	1
0.6	4	26	1
0.48	4	26	1
0.375	4	26	1
0.529411764705882	4	26	1
0.447368421052632	4	26	1
0.4	4	26	1
0.473684210526316	4	26	1
0.5	4	26	1
0.511111111111111	4	26	1
0.4	4	26	1
0.42	4	26	1
0.307692307692308	4	26	1
0.346153846153846	4	26	1
0.32	4	26	1
0.5	4	26	1
0.222222222222222	4	26	1
0.52	4	26	1
0.285714285714286	4	26	1
0.375	4	26	1
0.454545454545455	4	26	1
0.59375	4	26	1
0.392857142857143	4	26	1
0.586206896551724	4	26	1
0.454545454545455	4	26	1
0.521739130434783	4	26	1
0.4	4	26	1
0.413793103448276	4	26	1
0.5	4	26	1
0.404761904761905	4	26	1
0.565217391304348	4	26	1
0.586206896551724	4	26	1
0.36	4	26	1
0.583333333333333	4	26	1
0.5	4	26	1
0.333333333333333	4	26	1
0.413793103448276	4	26	1
0.592592592592593	4	26	1
0.571428571428571	4	26	1
0.521739130434783	4	26	1
0.421052631578947	4	26	1
0.461538461538462	4	26	1
0.375	4	26	1
0.44	4	26	1
0.461538461538462	4	26	1
0.653846153846154	4	26	1
0.67741935483871	4	26	1
0.5	4	26	1
0.714285714285714	4	26	1
0.521739130434783	4	26	1
0.5	4	26	1
0.166666666666667	4	26	1
0.363636363636364	4	26	1
0.409090909090909	4	26	1
0.642857142857143	4	26	1
0.627906976744186	4	26	1
0.472222222222222	4	26	1
0.5625	4	26	1
0.35	4	26	1
0.4	4	26	1
0.473684210526316	4	26	1
0.545454545454545	4	26	1
0.466666666666667	4	26	1
0.538461538461538	4	26	1
0.636363636363636	4	26	1
0.535714285714286	4	26	1
0.769230769230769	4	26	1
0.333333333333333	4	26	1
0.586206896551724	4	26	1
0.48	4	26	1
0.538461538461538	4	26	1
0.666666666666667	4	26	1
0.448275862068966	4	26	1
0.647058823529412	4	26	1
0.35	4	26	1
0.666666666666667	4	26	1
0.416666666666667	4	26	1
0.5	4	26	1
0.590909090909091	4	26	1
0.423076923076923	4	26	1
0.666666666666667	4	26	1
0.666666666666667	4	26	1
0.45	4	26	1
0.588235294117647	4	26	1
0.555555555555556	4	26	1
0.357142857142857	4	26	1
0.619047619047619	4	26	1
0.565217391304348	4	26	1
0.6	4	26	1
0.6	4	26	1
0.6	4	26	1
0.484848484848485	4	26	1
0.65	4	26	1
0.321428571428571	4	26	1
0.375	4	26	1
0.5	4	26	1
0.363636363636364	4	26	1
0.433333333333333	4	26	1
0.2	4	26	1
0.34375	4	26	1
0.578947368421053	4	26	1
0.575757575757576	4	26	1
0.481481481481481	4	26	1
0.407407407407407	4	26	1
0.487179487179487	4	26	1
0.521739130434783	4	26	1
0.46875	4	26	1
0.53125	4	26	1
0.483870967741935	4	26	1
0.5	4	26	1
0.409090909090909	4	26	1
0.647058823529412	4	26	1
0.555555555555556	4	26	1
0.666666666666667	4	26	1
0.444444444444444	4	26	1
0.444444444444444	4	26	1
0.434782608695652	4	26	1
0.5	4	26	1
0.481481481481481	4	26	1
0.413793103448276	4	26	1
0.44	4	26	1
0.366666666666667	4	26	1
0.705882352941177	4	26	1
0.272727272727273	4	26	1
0.333333333333333	4	26	1
0.391304347826087	4	26	1
0.419354838709677	4	26	1
0.357142857142857	4	26	1
0.586206896551724	4	26	1
0.538461538461538	4	26	1
0.28	4	26	1
0.230769230769231	4	26	1
0.435897435897436	4	26	1
0.384615384615385	4	26	1
0.472222222222222	4	26	1
0.321428571428571	4	26	1
0.387096774193548	4	26	1
0.594594594594595	4	26	1
0.628571428571429	4	26	1
0.391304347826087	4	26	1
0.466666666666667	4	26	1
0.548387096774194	4	26	1
0.434782608695652	4	26	1
0.647058823529412	4	26	1
0.5	4	26	1
0.4	4	26	1
0.571428571428571	4	26	1
0.363636363636364	4	26	1
0.7	4	26	1
0.416666666666667	4	26	1
0.647058823529412	4	26	1
0.307692307692308	4	26	1
0.545454545454545	4	26	1
0.25	4	26	1
0.448275862068966	4	26	1
0.444444444444444	4	26	1
0.435897435897436	4	26	1
0.259259259259259	4	26	1
0.615384615384615	4	26	1
0.413793103448276	4	26	1
0.458333333333333	4	26	1
0.421052631578947	4	26	1
0.484848484848485	4	26	1
0.24	4	26	1
0.535714285714286	4	26	1
0.122448979591837	4	26	1
0.464285714285714	4	26	1
0.447368421052632	4	26	1
0.347826086956522	4	26	1
0.448275862068966	4	26	1
0.592592592592593	4	26	1
0.451612903225806	4	26	1
0.416666666666667	4	26	1
0.521739130434783	4	26	1
0.521739130434783	4	26	1
0.516129032258065	4	26	1
0.514285714285714	4	26	1
0.470588235294118	4	26	1
0.303030303030303	4	26	1
0.606060606060606	4	26	1
0.4375	4	26	1
0.631578947368421	4	26	1
0.466666666666667	4	26	1
0.333333333333333	4	26	1
0.466666666666667	4	26	1
0.466666666666667	4	26	1
0.451612903225806	4	26	1
0.423076923076923	4	26	1
0.347826086956522	4	26	1
0.642857142857143	4	26	1
0.545454545454545	4	26	1
0.346153846153846	4	26	1
0.291666666666667	4	26	1
0.5	4	26	1
0.464285714285714	4	26	1
0.451612903225806	4	26	1
0.461538461538462	4	26	1
0.285714285714286	4	26	1
0.194444444444444	4	26	1
0.482758620689655	4	26	1
0.390243902439024	4	26	1
0.454545454545455	4	26	1
0.384615384615385	4	26	1
0.522727272727273	4	26	1
0.583333333333333	4	26	1
0.5	4	26	1
0.19047619047619	4	26	1
0.488888888888889	4	26	1
0.4	4	26	1
0.5	4	26	1
0.717948717948718	4	26	1
0.56	4	26	1
0.551724137931034	4	26	1
0.4	4	26	1
0.315789473684211	4	26	1
0.65	4	26	1
0.379310344827586	4	26	1
0.5	4	26	1
0.318181818181818	4	26	1
0.333333333333333	4	26	1
0.588235294117647	4	26	1
0.5	4	26	1
0.630434782608696	4	26	1
0.333333333333333	4	26	1
0.285714285714286	4	26	1
0.48	4	26	1
0.5	4	26	1
0.4375	4	26	1
0.459459459459459	4	26	1
0.459459459459459	4	26	1
0.444444444444444	4	26	1
0.318181818181818	4	26	1
0.451612903225806	4	26	1
0.451612903225806	4	26	1
0.566666666666667	4	26	1
0.482758620689655	4	26	1
0.171428571428571	4	26	1
0.317073170731707	4	26	1
0.375	4	26	1
0.428571428571429	4	26	1
0.55	4	26	1
0.476190476190476	4	26	1
0.170731707317073	4	26	1
0.409090909090909	4	26	1
0.238095238095238	4	26	1
0.379310344827586	4	26	1
0.454545454545455	4	26	1
0.407407407407407	4	26	1
0.421052631578947	4	26	1
0.433333333333333	4	26	1
0.428571428571429	4	26	1
0.533333333333333	4	26	1
0.457142857142857	4	26	1
0.384615384615385	4	26	1
0.633333333333333	4	26	1
0.547619047619048	4	26	1
0.823529411764706	4	26	1
0.578947368421053	4	26	1
0.421052631578947	4	26	1
0.486486486486487	4	26	1
0.5	4	26	1
0.304347826086957	4	26	1
0.516129032258065	4	26	1
0.444444444444444	4	26	1
0.444444444444444	4	26	1
0.325	4	26	1
0.5	4	26	1
0.393939393939394	4	26	1
0.3	4	26	1
0.379310344827586	4	26	1
0.565217391304348	4	26	1
0.571428571428571	4	26	1
0.5	4	26	1
0.5	4	26	1
0.357142857142857	4	26	1
0.611111111111111	4	26	1
0.45	4	26	1
0.352941176470588	4	26	1
0.4	4	26	1
0.4	4	26	1
0.48	4	26	1
0.55	4	26	1
0.435897435897436	4	26	1
0.653846153846154	4	26	1
0.615384615384615	4	26	1
0.413793103448276	4	26	1
0.285714285714286	4	26	1
0.454545454545455	4	26	1
0.444444444444444	4	26	1
0.315789473684211	4	26	1
0.5	4	26	1
0.454545454545455	4	26	1
0.541666666666667	4	26	1
0.512820512820513	4	26	1
0.379310344827586	4	26	1
0.481481481481481	4	26	1
0.393939393939394	4	26	1
0.409090909090909	4	26	1
0.5	4	26	1
0.681818181818182	4	26	1
0.523809523809524	4	26	1
0.307692307692308	4	26	1
0.565217391304348	4	26	1
0.538461538461538	4	26	1
0.409090909090909	4	26	1
0.583333333333333	4	26	1
0.526315789473684	4	26	1
0.64	4	26	1
0.411764705882353	4	26	1
0.517241379310345	4	26	1
0.4	4	26	1
0.52	4	26	1
0.64	4	26	1
0.666666666666667	4	26	1
0.310344827586207	4	26	1
0.347826086956522	4	26	1
0.361111111111111	4	26	1
0.3	4	26	1
0.536585365853659	4	26	1
0.525	4	26	1
0.564102564102564	4	26	1
0.483870967741935	4	26	1
0.606060606060606	4	26	1
0.333333333333333	4	26	1
0.457627118644068	4	26	1
0.52	4	26	1
0.354166666666667	4	26	1
0.394736842105263	4	26	1
0.428571428571429	4	26	1
0.583333333333333	4	26	1
0.461538461538462	4	26	1
0.269230769230769	4	26	1
0.4375	4	26	1
0.466666666666667	4	26	1
0.615384615384615	4	26	1
0.517241379310345	4	26	1
0.5	4	26	1
0.517241379310345	4	26	1
0.571428571428571	4	26	1
0.363636363636364	4	26	1
0.588235294117647	4	26	1
0.37037037037037	4	26	1
0.565217391304348	4	26	1
0.516129032258065	4	26	1
0.421052631578947	4	26	1
0.473684210526316	4	26	1
0.461538461538462	4	26	1
0.444444444444444	4	26	1
0.466666666666667	4	26	1
0.473684210526316	4	26	1
0.454545454545455	4	26	1
0.434782608695652	4	26	1
0.428571428571429	4	26	1
0.5	4	26	1
0.269230769230769	4	26	1
0.375	4	26	1
0.333333333333333	4	26	1
0.428571428571429	4	26	1
0.594594594594595	4	26	1
0.5	4	26	1
0.5	4	26	1
0.666666666666667	4	26	1
0.409090909090909	4	26	1
0.576923076923077	4	26	1
0.681818181818182	4	26	1
0.513513513513513	4	26	1
0.607142857142857	4	26	1
0.619047619047619	4	26	1
0.333333333333333	4	26	1
0.393939393939394	4	26	1
0.5	4	26	1
0.52	4	26	1
0.3	4	26	1
0.272727272727273	4	26	1
0.357142857142857	4	26	1
0.458333333333333	4	26	1
0.4	4	26	1
0.4	4	26	1
0.606060606060606	4	26	1
0.625	4	26	1
0.666666666666667	4	26	1
0.526315789473684	4	26	1
0.411764705882353	4	26	1
0.25	4	26	1
0.407407407407407	4	26	1
0.5625	4	26	1
0.541666666666667	4	26	1
0.857142857142857	4	26	1
0.565217391304348	4	26	1
0.4	4	26	1
0.380952380952381	4	26	1
0.48	4	26	1
0.473684210526316	4	26	1
0.571428571428571	4	26	1
0.483870967741935	4	26	1
0.428571428571429	4	26	1
0.6	4	26	1
0.478260869565217	4	26	1
0.416666666666667	4	26	1
0.517241379310345	4	26	1
0.566666666666667	4	26	1
0.526315789473684	4	26	1
0.466666666666667	4	26	1
0.642857142857143	4	26	1
0.388888888888889	4	26	1
0.333333333333333	4	26	1
0.56	4	26	1
0.352941176470588	4	26	1
0.352941176470588	4	26	1
0.21875	4	26	1
0.365853658536585	4	26	1
0.416666666666667	4	26	1
0.6875	4	26	1
0.346153846153846	4	26	1
0.5	4	26	1
0.363636363636364	4	26	1
0.409090909090909	4	26	1
0.391304347826087	4	26	1
0.296296296296296	4	26	1
0.5	4	26	1
0.555555555555556	4	26	1
0.535714285714286	4	26	1
0.413793103448276	4	26	1
0.75	4	26	1
0.5	4	26	1
0.428571428571429	4	26	1
0.227272727272727	4	26	1
0.416666666666667	4	26	1
0.5625	4	26	1
0.470588235294118	4	26	1
0.470588235294118	4	26	1
0.5625	4	26	1
0.444444444444444	4	26	1
0.571428571428571	4	26	1
0.388888888888889	4	26	1
0.416666666666667	4	26	1
0.454545454545455	4	26	1
0.588235294117647	4	26	1
0.466666666666667	4	26	1
0.4	4	26	1
0.4	4	26	1
0.555555555555556	4	26	1
0.45	4	26	1
0.391304347826087	4	26	1
0.4	4	26	1
0.517241379310345	4	26	1
0.307692307692308	4	26	1
0.458333333333333	4	26	1
0.391304347826087	4	26	1
0.476190476190476	4	26	1
0.5	4	26	1
0.68	4	26	1
0.5	4	26	1
0.439024390243902	4	26	1
0.633333333333333	4	26	1
0.5	4	26	1
0.235294117647059	4	26	1
0.354838709677419	4	26	1
0.741935483870968	4	26	1
0.434782608695652	4	26	1
0.5	4	26	1
0.357142857142857	4	26	1
0.571428571428571	4	26	1
0.533333333333333	4	26	1
0.4	4	26	1
0.421052631578947	4	26	1
0.631578947368421	4	26	1
0.413793103448276	4	26	1
0.555555555555556	4	26	1
0.6	4	26	1
0.5625	4	26	1
0.631578947368421	4	26	1
0.555555555555556	4	26	1
0.678571428571429	4	26	1
0.441176470588235	4	26	1
0.323529411764706	4	26	1
0.56	4	26	1
0.5	4	26	1
0.333333333333333	4	26	1
0.393939393939394	4	26	1
0.5	4	26	1
0.380952380952381	4	26	1
0.5	4	26	1
0.59375	4	26	1
0.526315789473684	4	26	1
0.55	4	26	1
0.476190476190476	4	26	1
0.588235294117647	4	26	1
0.354838709677419	4	26	1
0.458333333333333	4	26	1
0.5	4	26	1
0.34375	4	26	1
0.434782608695652	4	26	1
0.371428571428571	4	26	1
0.454545454545455	4	26	1
0.521739130434783	4	26	1
0.4	4	26	1
0.555555555555556	4	26	1
0.526315789473684	4	26	1
0.5	4	26	1
0.4	4	26	1
0.371428571428571	4	26	1
0.285714285714286	4	26	1
0.315789473684211	4	26	1
0.46875	4	26	1
0.538461538461538	4	26	1
0.461538461538462	4	26	1
0.647058823529412	4	26	1
0.428571428571429	4	26	1
0.533333333333333	4	26	1
0.5	4	26	1
0.375	4	26	1
0.631578947368421	4	26	1
0.5	4	26	1
0.5	4	26	1
0.6	4	26	1
0.371428571428571	4	26	1
0.294117647058824	4	26	1
0.619047619047619	4	26	1
0.44	4	26	1
0.444444444444444	4	26	1
0.526315789473684	4	26	1
0.478260869565217	4	26	1
0.527777777777778	4	26	1
0.5	4	26	1
0.714285714285714	4	26	1
0.611111111111111	4	26	1
0.434782608695652	4	26	1
0.266666666666667	4	26	1
0.4375	4	26	1
0.529411764705882	4	26	1
0.454545454545455	4	26	1
0.375	4	26	1
0.428571428571429	4	26	1
0.545454545454545	4	26	1
0.666666666666667	4	26	1
0.555555555555556	4	26	1
0.375	4	26	1
0.578947368421053	4	26	1
0.357142857142857	4	26	1
0.473684210526316	4	26	1
0.647058823529412	4	26	1
0.52	4	26	1
0.25	4	26	1
0.4	4	26	1
0.551724137931034	4	26	1
0.636363636363636	4	26	1
0.277777777777778	4	26	1
0.352941176470588	4	26	1
0.551724137931034	4	26	1
0.46875	4	26	1
0.333333333333333	4	26	1
0.578947368421053	4	26	1
0.621621621621622	4	26	1
0.527777777777778	4	26	1
0.666666666666667	4	26	1
0.138888888888889	4	26	1
0.5	4	26	1
0.571428571428571	4	26	1
0.458333333333333	4	26	1
0.434782608695652	4	26	1
0.407407407407407	4	26	1
0.5625	4	26	1
0.368421052631579	4	26	1
0.428571428571429	4	26	1
0.444444444444444	4	26	1
0.416666666666667	4	26	1
0.523809523809524	4	26	1
0.428571428571429	4	26	1
0.28125	4	26	1
0.533333333333333	4	26	1
0.375	4	26	1
0.608695652173913	4	26	1
0.464285714285714	4	26	1
0.5	4	26	1
0.444444444444444	4	26	1
0.379310344827586	4	26	1
0.444444444444444	4	26	1
0.2	4	26	1
0.545454545454545	4	26	1
0.375	4	26	1
0.5	4	26	1
0.565217391304348	4	26	1
0.448275862068966	4	26	1
0.5	4	26	1
0.633333333333333	4	26	1
0.6	4	26	1
0.714285714285714	4	26	1
0.5	4	26	1
0.380952380952381	4	26	1
0.481481481481481	4	26	1
0.428571428571429	4	26	1
0.473684210526316	4	26	1
0.454545454545455	4	26	1
0.481481481481481	4	26	1
0.5	4	26	1
0.4375	4	26	1
0.521739130434783	4	26	1
0.486486486486487	4	26	1
0.444444444444444	4	26	1
0.476190476190476	4	26	1
0.476190476190476	4	26	1
0.368421052631579	4	26	1
0.642857142857143	4	26	1
0.5	4	26	1
0.352941176470588	4	26	1
0.470588235294118	4	26	1
0.4375	4	26	1
0.344827586206897	4	26	1
0.409090909090909	4	26	1
0.303030303030303	4	26	1
0.5	4	26	1
0.4	4	26	1
0.363636363636364	4	26	1
0.523809523809524	4	26	1
0.454545454545455	4	26	1
0.482758620689655	4	26	1
0.12	4	26	1
0.387096774193548	4	26	1
0.529411764705882	4	26	1
0.6	4	26	1
0.55	4	26	1
0.384615384615385	4	26	1
0.448275862068966	4	26	1
0.454545454545455	4	26	1
0.53125	4	26	1
0.3	4	26	1
0.684210526315789	4	26	1
0.555555555555556	4	26	1
0.692307692307692	4	26	1
0.285714285714286	4	26	1
0.380952380952381	4	26	1
0.409090909090909	4	26	1
0.592592592592593	4	26	1
0.714285714285714	4	26	1
0.521739130434783	4	26	1
0.538461538461538	4	26	1
0.416666666666667	4	26	1
0.666666666666667	4	26	1
0.615384615384615	4	26	1
0.5	4	26	1
0.444444444444444	4	26	1
0.407407407407407	4	26	1
0.564102564102564	4	26	1
0.580645161290323	4	26	1
0.461538461538462	4	26	1
0.4	4	26	1
0.444444444444444	4	26	1
0.37037037037037	4	26	1
0.387096774193548	4	26	1
0.25	4	26	1
0.6	4	26	1
0.386363636363636	4	26	1
0.529411764705882	4	26	1
0.425	4	26	1
0.479166666666667	4	26	1
0.468085106382979	4	26	1
0.466666666666667	4	26	1
0.542857142857143	4	26	1
0.405405405405405	4	26	1
0.578947368421053	4	26	1
0.379310344827586	4	26	1
0.558823529411765	4	26	1
0.4	4	26	1
0.473684210526316	4	26	1
0.645161290322581	4	26	1
0.416666666666667	4	26	1
0.32	4	26	1
0.424242424242424	4	26	1
0.421052631578947	4	26	1
0.44	4	26	1
0.5	4	26	1
0.6	4	26	1
0.444444444444444	4	26	1
0.4	4	26	1
0.548387096774194	4	26	1
0.341463414634146	4	26	1
0.424242424242424	4	26	1
0.59375	4	26	1
0.285714285714286	4	26	1
0.565217391304348	4	26	1
0.411764705882353	4	26	1
0.552631578947368	4	26	1
0.458333333333333	4	26	1
0.433333333333333	4	26	1
0.65	4	26	1
0.391304347826087	4	26	1
0.5	4	26	1
0.3	4	26	1
0.481481481481481	4	26	1
0.428571428571429	4	26	1
0.478260869565217	4	26	1
0.583333333333333	4	26	1
0.5	4	26	1
0.384615384615385	4	26	1
0.5	4	26	1
0.555555555555556	4	26	1
0.533333333333333	4	26	1
0.458333333333333	4	26	1
0.64	4	26	1
0.380952380952381	4	26	1
0.5625	4	26	1
0.34375	4	26	1
0.565217391304348	4	26	1
0.5	4	26	1
0.411764705882353	4	26	1
0.5	4	26	1
0.435897435897436	4	26	1
0.357142857142857	4	26	1
0.347826086956522	4	26	1
0.611111111111111	4	26	1
0.428571428571429	4	26	1
0.5	4	26	1
0.571428571428571	4	26	1
0.595238095238095	4	26	1
0.333333333333333	4	26	1
0.608695652173913	4	26	1
0.5	4	26	1
0.424242424242424	4	26	1
0.6875	4	26	1
0.428571428571429	4	26	1
0.478260869565217	4	26	1
0.615384615384615	4	26	1
0.333333333333333	4	26	1
0.333333333333333	4	26	1
0.433333333333333	4	26	1
0.368421052631579	4	26	1
0.444444444444444	4	26	1
0.5	4	26	1
0.636363636363636	4	26	1
0.5	4	26	1
0.352941176470588	4	26	1
0.517241379310345	4	26	1
0.5	4	26	1
0.5	4	26	1
0.478260869565217	4	26	1
0.636363636363636	4	26	1
0.8125	4	26	1
0.375	4	26	1
0.714285714285714	4	26	1
0.321428571428571	4	26	1
0.6	4	26	1
0.526315789473684	4	26	1
0.481481481481481	4	26	1
0.473684210526316	4	26	1
0.518518518518518	4	26	1
0.4375	4	26	1
0.571428571428571	4	26	1
0.545454545454545	4	26	1
0.571428571428571	4	26	1
0.444444444444444	4	26	1
0.464285714285714	4	26	1
0.428571428571429	4	26	1
0.681818181818182	4	26	1
0.615384615384615	4	26	1
0.5	4	26	1
0.44	4	26	1
0.36	4	26	1
0.529411764705882	4	26	1
0.428571428571429	4	26	1
0.448275862068966	4	26	1
0.4	4	26	1
0.304347826086957	4	26	1
0.533333333333333	4	26	1
0.555555555555556	4	26	1
0.423076923076923	4	26	1
0.444444444444444	4	26	1
0.478260869565217	4	26	1
0.52	4	26	1
0.272727272727273	4	26	1
0.392857142857143	4	26	1
0.214285714285714	4	26	1
0.516129032258065	4	26	1
0.392857142857143	4	26	1
0.222222222222222	4	26	1
0.451612903225806	4	26	1
0.375	4	26	1
0.65625	4	26	1
0.702702702702703	4	26	1
0.625	4	26	1
0.59375	4	26	1
0.379310344827586	4	26	1
0.394736842105263	4	26	1
0.444444444444444	4	26	1
0.419354838709677	4	26	1
0.538461538461538	4	26	1
0.739130434782609	4	26	1
0.416666666666667	4	26	1
0.730769230769231	4	26	1
0.4375	4	26	1
0.933333333333333	4	26	1
0.5	4	26	1
0.409090909090909	4	26	1
0.421052631578947	4	26	1
0.545454545454545	4	26	1
0.444444444444444	4	26	1
0.541666666666667	4	26	1
0.318181818181818	4	26	1
0.62962962962963	4	26	1
0.384615384615385	4	26	1
0.538461538461538	4	26	1
0.5	4	26	1
0.551724137931034	4	26	1
0.25	4	26	1
0.277777777777778	4	26	1
0.388888888888889	4	26	1
0.4	4	26	1
0.631578947368421	4	26	1
0.378378378378378	4	26	1
0.476190476190476	4	26	1
0.46875	4	26	1
0.444444444444444	4	26	1
0.318181818181818	4	26	1
0.515151515151515	4	26	1
0.655172413793103	4	26	1
0.555555555555556	4	26	1
0.52	4	26	1
0.666666666666667	4	26	1
0.294117647058824	4	26	1
0.458333333333333	4	26	1
0.487179487179487	4	26	1
0.347826086956522	4	26	1
0.571428571428571	4	26	1
0.444444444444444	4	26	1
0.5	4	26	1
0.433333333333333	4	26	1
0.333333333333333	4	26	1
0.448275862068966	4	26	1
0.444444444444444	4	26	1
0.555555555555556	4	26	1
0.346153846153846	4	26	1
0.59375	4	26	1
0.631578947368421	4	26	1
0.529411764705882	4	26	1
0.523809523809524	4	26	1
0.714285714285714	4	26	1
0.555555555555556	4	26	1
0.653846153846154	4	26	1
0.272727272727273	4	26	1
0.421052631578947	4	26	1
0.37037037037037	4	26	1
0.380952380952381	4	26	1
0.382352941176471	4	26	1
0.305555555555556	4	26	1
0.333333333333333	4	26	1
0.454545454545455	4	26	1
0.392857142857143	4	26	1
0.5	4	26	1
0.444444444444444	4	26	1
0.416666666666667	4	26	1
0.548387096774194	4	26	1
0.5	4	26	1
0.625	4	26	1
0.533333333333333	4	26	1
0.333333333333333	4	26	1
0.533333333333333	4	26	1
0.461538461538462	4	26	1
0.3	4	26	1
0.428571428571429	4	26	1
0.314285714285714	4	26	1
0.321428571428571	4	26	1
0.583333333333333	4	26	1
0.5	4	26	1
0.384615384615385	4	26	1
0.340909090909091	4	26	1
0.4	4	26	1
0.6	4	26	1
0.5	4	26	1
0.545454545454545	4	26	1
0.3	4	26	1
0.545454545454545	4	26	1
0.272727272727273	4	26	1
0.347826086956522	4	26	1
0.4375	4	26	1
0.461538461538462	4	26	1
0.575757575757576	4	26	1
0.333333333333333	4	26	1
0.46875	4	26	1
0.333333333333333	4	26	1
0.444444444444444	4	26	1
0.5	4	26	1
0.540540540540541	4	26	1
0.515151515151515	4	26	1
0.517241379310345	4	26	1
0.380952380952381	4	26	1
0.40625	4	26	1
0.461538461538462	4	26	1
0.291666666666667	4	26	1
0.315789473684211	4	26	1
0.560975609756098	4	26	1
0.476190476190476	4	26	1
0.44	4	26	1
0.340909090909091	4	26	1
0.421052631578947	4	26	1
0.529411764705882	4	26	1
0.48780487804878	4	26	1
0.461538461538462	4	26	1
0.6	4	26	1
0.433333333333333	4	26	1
0.6	4	26	1
0.533333333333333	4	26	1
0.333333333333333	4	26	1
0.184210526315789	4	26	1
0.347826086956522	4	26	1
0.458333333333333	4	26	1
0.611111111111111	4	26	1
0.315789473684211	4	26	1
0.551724137931034	4	26	1
0.235294117647059	4	26	1
0.333333333333333	4	26	1
0.4375	4	26	1
0.538461538461538	4	26	1
0.458333333333333	4	26	1
0.388888888888889	4	26	1
0.454545454545455	4	26	1
0.32258064516129	4	26	1
0.37037037037037	4	26	1
0.466666666666667	4	26	1
0.513513513513513	4	26	1
0.4	4	26	1
0.304347826086957	4	26	1
0.333333333333333	4	26	1
0.3125	4	26	1
0.75	4	26	1
0.354838709677419	4	26	1
0.414634146341463	4	26	1
0.482758620689655	4	26	1
0.416666666666667	4	26	1
0.365384615384615	4	26	1
0.552631578947368	4	26	1
0.485714285714286	4	26	1
0.5	4	26	1
0.333333333333333	4	26	1
0.428571428571429	4	26	1
0.48	4	26	1
0.488888888888889	4	26	1
0.421052631578947	4	26	1
0.333333333333333	4	26	1
0.56	4	26	1
0.523809523809524	4	26	1
0.4375	4	26	1
0.391304347826087	4	26	1
0.375	4	26	1
0.451612903225806	4	26	1
0.5	4	26	1
0.4	4	26	1
0.387096774193548	4	26	1
0.62962962962963	4	26	1
0.5	4	26	1
0.387096774193548	4	26	1
0.425531914893617	4	26	1
0.32	4	26	1
0.5	4	26	1
0.576923076923077	4	26	1
0.64	4	26	1
0.34375	4	26	1
0.266666666666667	4	26	1
0.516129032258065	4	26	1
0.375	4	26	1
0.473684210526316	4	26	1
0.352941176470588	4	26	1
0.464285714285714	4	26	1
0.620689655172414	4	26	1
0.481481481481481	4	26	1
0.296296296296296	4	26	1
0.333333333333333	4	26	1
0.545454545454545	4	26	1
0.4	4	26	1
0.305555555555556	4	26	1
0.428571428571429	4	26	1
0.285714285714286	4	26	1
0.323529411764706	4	26	1
0.433333333333333	4	26	1
0.181818181818182	4	26	1
0.588235294117647	4	26	1
0.481481481481481	4	26	1
0.411764705882353	4	26	1
0.375	4	26	1
0.5	4	26	1
0.476190476190476	4	26	1
0.515151515151515	4	26	1
0.625	4	26	1
0.6	4	26	1
0.4375	4	26	1
0.3	4	26	1
0.260869565217391	4	26	1
0.147058823529412	4	26	1
0.645161290322581	4	26	1
0.5	4	26	1
0.527777777777778	4	26	1
0.432432432432432	4	26	1
0.529411764705882	4	26	1
0.378378378378378	4	26	1
0.521739130434783	4	26	1
0.5	4	26	1
0.352941176470588	4	26	1
0.487179487179487	4	26	1
0.433333333333333	4	26	1
0.393939393939394	4	26	1
0.378378378378378	4	26	1
0.545454545454545	4	26	1
0.586206896551724	4	26	1
0.6	4	26	1
0.393939393939394	4	26	1
0.555555555555556	4	26	1
0.387096774193548	4	26	1
0.535714285714286	4	26	1
0.379310344827586	4	26	1
0.75	4	26	1
0.55	4	26	1
0.714285714285714	4	26	1
0.25	4	26	1
0.416666666666667	4	26	1
0.352941176470588	4	26	1
0.548387096774194	4	26	1
0.266666666666667	4	26	1
0.444444444444444	4	26	1
0.555555555555556	4	26	1
0.55	4	26	1
0.482758620689655	4	26	1
0.307692307692308	4	26	1
0.333333333333333	4	26	1
0.476190476190476	4	26	1
0.535714285714286	4	26	1
0.52	4	26	1
0.615384615384615	4	26	1
0.3125	4	26	1
0.419354838709677	4	26	1
0.636363636363636	4	26	1
0.518518518518518	4	26	1
0.421052631578947	4	26	1
0.538461538461538	4	26	1
0.521739130434783	4	26	1
0.434782608695652	4	26	1
0.521739130434783	4	26	1
0.45	4	26	1
0.45	4	26	1
0.6	4	26	1
0.416666666666667	4	26	1
0.458333333333333	4	26	1
0.4	4	26	1
0.517241379310345	4	26	1
0.485714285714286	4	26	1
0.344827586206897	4	26	1
0.411764705882353	4	26	1
0.5	4	26	1
0.523809523809524	4	26	1
0.428571428571429	4	26	1
0.428571428571429	4	26	1
0.428571428571429	4	26	1
0.428571428571429	4	26	1
0.5	4	26	1
0.4	4	26	1
0.592592592592593	4	26	1
0.421052631578947	4	26	1
0.5	4	26	1
0.333333333333333	4	26	1
0.45	4	26	1
0.4	4	26	1
0.394736842105263	4	26	1
0.333333333333333	4	26	1
0.6	4	26	1
0.307692307692308	4	26	1
0.619047619047619	4	26	1
0.590909090909091	4	26	1
0.533333333333333	4	26	1
0.457142857142857	4	26	1
0.586206896551724	4	26	1
0.421052631578947	4	26	1
0.541666666666667	4	26	1
0.578947368421053	4	26	1
0.625	4	26	1
0.263157894736842	4	26	1
0.5	4	26	1
0.4	4	26	1
0.472222222222222	4	26	1
0.375	4	26	1
0.517241379310345	4	26	1
0.444444444444444	4	26	1
0.615384615384615	4	26	1
0.4	4	26	1
0.529411764705882	4	26	1
0.5	4	26	1
0.5	4	26	1
0.615384615384615	4	26	1
0.5625	4	26	1
0.272727272727273	4	26	1
0.6	4	26	1
0.521739130434783	4	26	1
0.3	4	26	1
0.5	4	26	1
0.48	4	26	1
0.21875	4	26	1
0.448275862068966	4	26	1
0.617647058823529	4	26	1
0.4	4	26	1
0.37037037037037	4	26	1
0.444444444444444	4	26	1
0.533333333333333	4	26	1
0.571428571428571	4	26	1
0.62962962962963	4	26	1
0.428571428571429	4	26	1
0.583333333333333	4	26	1
0.523809523809524	4	26	1
0.448275862068966	4	26	1
0.409090909090909	4	26	1
0.323529411764706	4	26	1
0.304347826086957	4	26	1
0.6	4	26	1
0.576923076923077	4	26	1
0.476190476190476	4	26	1
0.346153846153846	4	26	1
0.6875	4	26	1
0.333333333333333	4	26	1
0.515151515151515	4	26	1
0.433333333333333	4	26	1
0.615384615384615	4	26	1
0.318181818181818	4	26	1
0.529411764705882	4	26	1
0.527777777777778	4	26	1
0.619047619047619	4	26	1
0.6	4	26	1
0.347826086956522	4	26	1
0.5	4	26	1
0.459459459459459	4	26	1
0.592592592592593	4	26	1
0.28	4	26	1
0.409090909090909	4	26	1
0.578947368421053	4	26	1
0.409090909090909	4	26	1
0.357142857142857	4	26	1
0.379310344827586	4	26	1
0.416666666666667	4	26	1
0.631578947368421	4	26	1
0.555555555555556	4	26	1
0.4	4	26	1
0.318181818181818	4	26	1
0.411764705882353	4	26	1
0.3	4	26	1
0.516129032258065	4	26	1
0.260869565217391	4	26	1
0.428571428571429	4	26	1
0.382352941176471	4	26	1
0.444444444444444	4	26	1
0.392857142857143	4	26	1
0.307692307692308	4	26	1
0.4	4	26	1
0.636363636363636	4	26	1
0.538461538461538	4	26	1
0.454545454545455	4	26	1
0.470588235294118	4	26	1
0.580645161290323	4	26	1
0.666666666666667	4	26	1
0.523809523809524	4	26	1
0.541666666666667	4	26	1
0.695652173913043	4	26	1
0.4375	4	26	1
0.347826086956522	4	26	1
0.411764705882353	4	26	1
0.454545454545455	4	26	1
0.5	4	26	1
0.294117647058824	4	26	1
0.590909090909091	4	26	1
0.424242424242424	4	26	1
0.478260869565217	4	26	1
0.612903225806452	4	26	1
0.5	4	26	1
0.4	4	26	1
0.387096774193548	4	26	1
0.5625	4	26	1
0.4	4	26	1
0.540540540540541	4	26	1
0.53125	4	26	1
0.526315789473684	4	26	1
0.466666666666667	4	26	1
0.666666666666667	4	26	1
0.478260869565217	4	26	1
0.565217391304348	4	26	1
0.368421052631579	4	26	1
0.368421052631579	4	26	1
0.647058823529412	4	26	1
0.653846153846154	4	26	1
0.291666666666667	4	26	1
0.705882352941177	4	26	1
0.380952380952381	4	26	1
0.578947368421053	4	26	1
0.606060606060606	4	26	1
0.477272727272727	4	26	1
0.387096774193548	4	26	1
0.5	4	26	1
0.514285714285714	4	26	1
0.5625	4	26	1
0.448275862068966	4	26	1
0.535714285714286	4	26	1
0.5	4	26	1
0.285714285714286	4	26	1
0.44	4	26	1
0.538461538461538	4	26	1
0.473684210526316	4	26	1
0.4	4	26	1
0.421052631578947	4	26	1
0.222222222222222	4	26	1
0.375	4	26	1
0.390625	4	26	1
0.48780487804878	4	26	1
0.444444444444444	4	26	1
0.421052631578947	4	26	1
0.947368421052632	4	26	1
0.473684210526316	4	26	1
0.388888888888889	4	26	1
0.55	4	26	1
0.3	4	26	1
0.5	4	26	1
0.478260869565217	4	26	1
0.4	4	26	1
0.44	4	26	1
0.375	4	26	1
0.473684210526316	4	26	1
0.392857142857143	4	26	1
0.571428571428571	4	26	1
0.5	4	26	1
0.384615384615385	4	26	1
0.521739130434783	4	26	1
0.565217391304348	4	26	1
0.315789473684211	4	26	1
0.454545454545455	4	26	1
0.444444444444444	4	26	1
0.414634146341463	4	26	1
0.454545454545455	4	26	1
0.5	4	26	1
0.305555555555556	4	26	1
0.48	4	26	1
0.575757575757576	4	26	1
0.538461538461538	4	26	1
0.4	4	26	1
0.405405405405405	4	26	1
0.388888888888889	4	26	1
0.527777777777778	4	26	1
0.333333333333333	4	26	1
0.166666666666667	4	26	1
0.6	4	26	1
0.342857142857143	4	26	1
0.452380952380952	4	26	1
0.357142857142857	4	26	1
0.451612903225806	4	26	1
0.5625	4	26	1
0.333333333333333	4	26	1
0.392857142857143	4	26	1
0.68	4	26	1
0.388888888888889	4	26	1
0.333333333333333	4	26	1
0.392857142857143	4	26	1
0.578947368421053	4	26	1
0.545454545454545	4	26	1
0.545454545454545	4	26	1
0.581395348837209	4	26	1
0.384615384615385	4	26	1
0.5	4	26	1
0.666666666666667	4	26	1
0.444444444444444	4	26	1
0.4	4	26	1
0.580645161290323	4	26	1
0.482758620689655	4	26	1
0.65625	4	26	1
0.578947368421053	4	26	1
0.318181818181818	4	26	1
0.517241379310345	4	26	1
0.4	4	26	1
0.3	4	26	1
0.578947368421053	4	26	1
0.5	4	26	1
0.444444444444444	4	26	1
0.6	4	26	1
0.5	4	26	1
0.482758620689655	4	26	1
0.448275862068966	4	26	1
0.64	4	26	1
0.473684210526316	4	26	1
0.555555555555556	4	26	1
0.5	4	26	1
0.526315789473684	4	26	1
0.6	4	26	1
0.566666666666667	4	26	1
0.4	4	26	1
0.6	4	26	1
0.555555555555556	4	26	1
0.529411764705882	4	26	1
0.5	4	26	1
0.45	4	26	1
0.526315789473684	4	26	1
0.538461538461538	4	26	1
0.375	4	26	1
0.375	4	26	1
0.535714285714286	4	26	1
0.625	4	26	1
0.588235294117647	4	26	1
0.228571428571429	4	26	1
0.344827586206897	4	26	1
0.481481481481481	4	26	1
0.44	4	26	1
0.7	4	26	1
0.666666666666667	4	26	1
0.352941176470588	4	26	1
0.692307692307692	4	26	1
0.428571428571429	4	26	1
0.692307692307692	4	26	1
0.6875	4	26	1
0.52	4	26	1
0.454545454545455	4	26	1
0.5625	4	26	1
0.433333333333333	4	26	1
0.294117647058824	4	26	1
0.457142857142857	4	26	1
0.366666666666667	4	26	1
0.6	4	26	1
0.583333333333333	4	26	1
0.566666666666667	4	26	1
0.676470588235294	4	26	1
0.542857142857143	4	26	1
0.473684210526316	4	26	1
0.388888888888889	4	26	1
0.5	4	26	1
0.5	4	26	1
0.346153846153846	4	26	1
0.567567567567568	4	26	1
0.567567567567568	4	26	1
0.414634146341463	4	26	1
0.552631578947368	4	26	1
0.519230769230769	4	26	1
0.368421052631579	4	26	1
0.428571428571429	4	26	1
0.5	4	26	1
0.3	4	26	1
0.457142857142857	4	26	1
0.565217391304348	4	26	1
0.285714285714286	4	26	1
0.354838709677419	4	26	1
0.5	4	26	1
0.260869565217391	4	26	1
0.578947368421053	4	26	1
0.375	4	26	1
0.52	4	26	1
0.470588235294118	4	26	1
0.705882352941177	4	26	1
0.222222222222222	4	26	1
0.291666666666667	4	26	1
0.333333333333333	4	26	1
0.5	4	26	1
0.517241379310345	4	26	1
0.529411764705882	4	26	1
0.538461538461538	4	26	1
0.631578947368421	4	26	1
0.48	4	26	1
0.529411764705882	4	26	1
0.444444444444444	4	26	1
0.535714285714286	4	26	1
0.8	4	26	1
0.588235294117647	4	26	1
0.5	4	26	1
0.5	4	26	1
0.411764705882353	4	26	1
0.523809523809524	4	26	1
0.6875	4	26	1
0.625	4	26	1
0.323529411764706	4	26	1
0.315789473684211	4	26	1
0.344827586206897	4	26	1
0.352941176470588	4	26	1
0.5625	4	26	1
0.714285714285714	4	26	1
0.461538461538462	4	26	1
0.4	4	26	1
0.290322580645161	4	26	1
0.527777777777778	4	26	1
0.6	4	26	1
0.588235294117647	4	26	1
0.4	4	26	1
0.714285714285714	4	26	1
0.52	4	26	1
0.451612903225806	4	26	1
0.419354838709677	4	26	1
0.393939393939394	4	26	1
0.444444444444444	4	26	1
0.4	4	26	1
0.6	4	26	1
0.535714285714286	4	26	1
0.48780487804878	4	26	1
0.470588235294118	4	26	1
0.55	4	26	1
0.444444444444444	4	26	1
0.315789473684211	4	26	1
0.538461538461538	4	26	1
0.277777777777778	4	26	1
0.32	4	26	1
0.411764705882353	4	26	1
0.631578947368421	4	26	1
0.9	4	26	1
0.545454545454545	4	26	1
0.15	4	26	1
0.407407407407407	4	26	1
0.44	4	26	1
0.423076923076923	4	26	1
0.176470588235294	4	26	1
0.619047619047619	4	26	1
0.923076923076923	4	26	1
0.315789473684211	4	26	1
0.439024390243902	4	26	1
0.727272727272727	4	26	1
0.521739130434783	4	26	1
0.181818181818182	4	26	1
0.387096774193548	4	26	1
0.6	4	26	1
0.454545454545455	4	26	1
0.333333333333333	4	26	1
0.526315789473684	4	26	1
0.46875	4	26	1
0.65	4	26	1
0.464285714285714	4	26	1
0.447368421052632	4	26	1
0.605263157894737	4	26	1
0.476190476190476	4	26	1
0.5	4	26	1
0.4	4	26	1
0.4375	4	26	1
0.457142857142857	4	26	1
0.5	4	26	1
0.4	4	26	1
0.260869565217391	4	26	1
0.666666666666667	4	26	1
0.478260869565217	4	26	1
0.428571428571429	4	26	1
0.414634146341463	4	26	1
0.5	4	26	1
0.368421052631579	4	26	1
0.666666666666667	4	26	1
0.608695652173913	4	26	1
0.461538461538462	4	26	1
0.423076923076923	4	26	1
0.40625	4	26	1
0.388888888888889	4	26	1
0.424242424242424	4	26	1
0.111111111111111	4	26	1
0.476190476190476	4	26	1
0.405405405405405	4	26	1
0.411764705882353	4	26	1
0.476190476190476	4	26	1
0.466666666666667	4	26	1
0.473684210526316	4	26	1
0.388888888888889	4	26	1
0.631578947368421	4	26	1
0.458333333333333	4	26	1
0.647058823529412	4	26	1
0.538461538461538	4	26	1
0.352941176470588	4	26	1
0.481481481481481	4	26	1
0.25	4	26	1
0.56	4	26	1
0.4	4	26	1
0.535714285714286	4	26	1
0.277777777777778	4	26	1
0.75	4	26	1
0.588235294117647	4	26	1
0.625	4	26	1
0.470588235294118	4	26	1
0.407407407407407	4	26	1
0.392857142857143	4	26	1
0.5	4	26	1
0.482758620689655	4	26	1
0.423076923076923	4	26	1
0.545454545454545	4	26	1
0.34375	4	26	1
0.5625	4	26	1
0.384615384615385	4	26	1
0.416666666666667	4	26	1
0.652173913043478	4	26	1
0.428571428571429	4	26	1
0.409090909090909	4	26	1
0.4	4	26	1
0.4	4	26	1
0.210526315789474	4	26	1
0.473684210526316	4	26	1
0.565217391304348	4	26	1
0.451612903225806	4	26	1
0.481481481481481	4	26	1
0.545454545454545	4	26	1
0.454545454545455	4	26	1
0.296296296296296	4	26	1
0.238095238095238	4	26	1
0.542857142857143	4	26	1
0.6	4	26	1
0.52	4	26	1
0.411764705882353	4	26	1
0.333333333333333	4	26	1
0.444444444444444	4	26	1
0.444444444444444	4	26	1
0.45	4	26	1
0.424242424242424	4	26	1
0.608695652173913	4	26	1
0.5	4	26	1
0.692307692307692	4	26	1
0.5	4	26	1
0.428571428571429	4	26	1
0.631578947368421	4	26	1
0.5	4	26	1
0.411764705882353	4	26	1
0.428571428571429	4	26	1
0.4	4	26	1
0.392857142857143	4	26	1
0.351351351351351	4	26	1
0.411764705882353	4	26	1
0.5	4	26	1
0.34375	4	26	1
0.521739130434783	4	26	1
0.48	4	26	1
0.526315789473684	4	26	1
0.526315789473684	4	26	1
0.4	4	26	1
0.517241379310345	4	26	1
0.3125	4	26	1
0.266666666666667	4	26	1
0.466666666666667	4	26	1
0.636363636363636	4	26	1
0.25	4	26	1
0.464285714285714	4	26	1
0.571428571428571	4	26	1
0.625	4	26	1
0.484848484848485	4	26	1
0.555555555555556	4	26	1
0.444444444444444	4	26	1
0.5	4	26	1
0.421052631578947	4	26	1
0.545454545454545	4	26	1
0.571428571428571	4	26	1
0.296296296296296	4	26	1
0.527777777777778	4	26	1
0.575	4	26	1
0.363636363636364	4	26	1
0.391304347826087	4	26	1
0.4	4	26	1
0.543478260869565	4	26	1
0.142857142857143	4	26	1
0.434782608695652	4	26	1
0.636363636363636	4	26	1
0.458333333333333	4	26	1
0.485714285714286	4	26	1
0.461538461538462	4	26	1
0.481481481481481	4	26	1
0.5	4	26	1
0.5	4	26	1
0.56	4	26	1
0.2	4	26	1
0.516129032258065	4	26	1
0.58	4	26	1
0.3125	4	26	1
0.464285714285714	4	26	1
0.592592592592593	4	26	1
0.5	4	26	1
0.444444444444444	4	26	1
0.416666666666667	4	26	1
0.5	4	26	1
0.272727272727273	4	26	1
0.52	4	26	1
0.35	4	26	1
0.473684210526316	4	26	1
0.529411764705882	4	26	1
0.533333333333333	4	26	1
0.470588235294118	4	26	1
0.6	4	26	1
0.541666666666667	4	26	1
0.294117647058824	4	26	1
0.4375	4	26	1
0.368421052631579	4	26	1
0.36	4	26	1
0.636363636363636	4	26	1
0.225806451612903	4	26	1
0.260869565217391	4	26	1
0.424242424242424	4	26	1
0.314285714285714	4	26	1
0.636363636363636	4	26	1
0.5	4	26	1
0.5	4	26	1
0.483870967741935	4	26	1
0.444444444444444	4	26	1
0.444444444444444	4	26	1
0.428571428571429	4	26	1
0.428571428571429	4	26	1
0.366666666666667	4	26	1
0.48	4	26	1
0.55	4	26	1
0.4	4	26	1
0.461538461538462	4	26	1
0.45	4	26	1
0.380952380952381	4	26	1
0.363636363636364	4	26	1
0.428571428571429	4	26	1
0.416666666666667	4	26	1
0.392857142857143	4	26	1
0.4	4	26	1
0.571428571428571	4	26	1
0.461538461538462	4	26	1
0.448275862068966	4	26	1
0.3125	4	26	1
0.428571428571429	4	26	1
0.488372093023256	4	26	1
0.444444444444444	4	26	1
0.483870967741935	4	26	1
0.407407407407407	4	26	1
0.4	4	26	1
0.538461538461538	4	26	1
0.481481481481481	4	26	1
0.428571428571429	4	26	1
0.34375	4	26	1
0.441176470588235	4	26	1
0.380952380952381	4	26	1
0.35	4	26	1
0.448275862068966	4	26	1
0.28	4	26	1
0.416666666666667	4	26	1
0.666666666666667	4	26	1
0.518518518518518	4	26	1
0.392857142857143	4	26	1
0.4	4	26	1
0.541666666666667	4	26	1
0.555555555555556	4	26	1
0.391304347826087	4	26	1
0.571428571428571	4	26	1
0.586206896551724	4	26	1
0.454545454545455	4	26	1
0.5	4	26	1
0.512820512820513	4	26	1
0.333333333333333	4	26	1
0.6	4	26	1
0.423076923076923	4	26	1
0.435897435897436	4	26	1
0.523809523809524	4	26	1
0.421052631578947	4	26	1
0.6	4	26	1
0.525	4	26	1
0.315789473684211	4	26	1
0.555555555555556	4	26	1
0.365853658536585	4	26	1
0.5	4	26	1
0.605263157894737	4	26	1
0.441176470588235	4	26	1
0.533333333333333	4	26	1
0.555555555555556	4	26	1
0.375	4	26	1
0.45	4	26	1
0.448275862068966	4	26	1
0.571428571428571	4	26	1
0.416666666666667	4	26	1
0.448275862068966	4	26	1
0.534883720930233	4	26	1
0.612903225806452	4	26	1
0.540540540540541	4	26	1
0.512820512820513	4	26	1
0.405405405405405	4	26	1
0.347826086956522	4	26	1
0.441860465116279	4	26	1
0.52	4	26	1
0.41025641025641	4	26	1
0.318181818181818	4	26	1
0.411764705882353	4	26	1
0.547619047619048	4	26	1
0.454545454545455	4	26	1
0.463414634146341	4	26	1
0.421052631578947	4	26	1
0.568181818181818	4	26	1
0.377358490566038	4	26	1
0.360655737704918	4	26	1
0.543478260869565	4	26	1
0.466666666666667	4	26	1
0.481481481481481	4	26	1
0.441860465116279	4	26	1
0.461538461538462	4	26	1
0.393939393939394	4	26	1
0.56	4	26	1
0.457142857142857	4	26	1
0.346153846153846	4	26	1
0.285714285714286	4	26	1
0.318181818181818	4	26	1
0.52	4	26	1
0.32258064516129	4	26	1
0.488888888888889	4	26	1
0.583333333333333	4	26	1
0.379310344827586	4	26	1
0.423076923076923	4	26	1
0.5	4	26	1
0.589285714285714	4	26	1
0.424242424242424	4	26	1
0.551724137931034	4	26	1
0.483870967741935	4	26	1
0.25	4	26	1
0.5625	4	26	1
0.5	4	26	1
0.6	4	26	1
0.541666666666667	4	26	1
0.555555555555556	4	26	1
0.384615384615385	4	26	1
0.393939393939394	4	26	1
0.517241379310345	4	26	1
0.384615384615385	4	26	1
0.481481481481481	4	26	1
0.606060606060606	4	26	1
0.583333333333333	4	26	1
0.555555555555556	4	26	1
0.541666666666667	4	26	1
0.461538461538462	4	26	1
0.5	4	26	1
0.473684210526316	4	26	1
0.181818181818182	4	26	1
0.48	4	26	1
0.458333333333333	4	26	1
0.259259259259259	4	26	1
0.583333333333333	4	26	1
0.68	4	26	1
0.625	4	26	1
0.5	4	26	1
0.35	4	26	1
0.517241379310345	4	26	1
0.35	4	26	1
0.578947368421053	4	26	1
0.627906976744186	4	26	1
0.518518518518518	4	26	1
0.555555555555556	4	26	1
0.333333333333333	4	26	1
0.5	4	26	1
0.472222222222222	4	26	1
0.481481481481481	4	26	1
0.545454545454545	4	26	1
0.52	4	26	1
0.352941176470588	4	26	1
0.62962962962963	4	26	1
0.571428571428571	4	26	1
0.425	4	26	1
0.46875	4	26	1
0.48	4	26	1
0.46875	4	26	1
0.352941176470588	4	26	1
0.346153846153846	4	26	1
0.318181818181818	4	26	1
0.516129032258065	4	26	1
0.444444444444444	4	26	1
0.489795918367347	4	26	1
0.468085106382979	4	26	1
0.34375	4	26	1
0.384615384615385	4	26	1
0.409090909090909	4	26	1
0.566666666666667	4	26	1
0.256410256410256	4	26	1
0.5	4	26	1
0.5	4	26	1
0.476190476190476	4	26	1
0.388888888888889	4	26	1
0.631578947368421	4	26	1
0.549019607843137	4	26	1
0.6875	4	26	1
0.8	4	26	1
0.666666666666667	4	26	1
0.4	4	26	1
0.4375	4	26	1
0.512820512820513	4	26	1
0.522727272727273	4	26	1
0.351351351351351	4	26	1
0.5	4	26	1
0.56	4	26	1
0.433333333333333	4	26	1
0.230769230769231	4	26	1
0.242424242424242	4	26	1
0.458333333333333	4	26	1
0.371428571428571	4	26	1
0.387096774193548	4	26	1
0.45	4	26	1
0.5625	4	26	1
0.466666666666667	4	26	1
0.6	4	26	1
0.461538461538462	4	26	1
0.619047619047619	4	26	1
0.523809523809524	4	26	1
0.464285714285714	4	26	1
0.48	4	26	1
0.4	4	26	1
0.344827586206897	4	26	1
0.444444444444444	4	26	1
0.418604651162791	4	26	1
0.310344827586207	4	26	1
0.458333333333333	4	26	1
0.541666666666667	4	26	1
0.384615384615385	4	26	1
0.478260869565217	4	26	1
0.363636363636364	4	26	1
0.541666666666667	4	26	1
0.518518518518518	4	26	1
0.379310344827586	4	26	1
0.285714285714286	4	26	1
0.34375	4	26	1
0.517241379310345	4	26	1
0.40625	4	26	1
0.371428571428571	4	26	1
0.733333333333333	4	26	1
0.315789473684211	4	26	1
0.4	4	26	1
0.482758620689655	4	26	1
0.392857142857143	4	26	1
0.4	4	26	1
0.357142857142857	4	26	1
0.5	4	26	1
0.541666666666667	4	26	1
0.458333333333333	4	26	1
0.466666666666667	4	26	1
0.444444444444444	4	26	1
0.230769230769231	4	26	1
0.483870967741935	4	26	1
0.551724137931034	4	26	1
0.387096774193548	4	26	1
0.526315789473684	4	26	1
0.461538461538462	4	26	1
0.44	4	26	1
0.44	4	26	1
0.583333333333333	4	26	1
0.727272727272727	4	26	1
0.3125	4	26	1
0.380952380952381	4	26	1
0.833333333333333	4	26	1
0.478260869565217	4	26	1
0.304347826086957	4	26	1
0.394736842105263	4	26	1
0.485714285714286	4	26	1
0.434782608695652	4	26	1
0.43859649122807	4	26	1
0.313725490196078	4	26	1
0.483870967741935	4	26	1
0.571428571428571	4	26	1
0.529411764705882	4	26	1
0.222222222222222	4	26	1
0.25	4	26	1
0.5	4	26	1
0.4	4	26	1
0.529411764705882	4	26	1
0.4	4	26	1
0.391304347826087	4	26	1
0.333333333333333	4	26	1
0.409090909090909	4	26	1
0.666666666666667	4	26	1
0.590909090909091	4	26	1
0.272727272727273	4	26	1
0.6	4	26	1
0.583333333333333	4	26	1
0.655172413793103	4	26	1
0.5	4	26	1
0.486486486486487	4	26	1
0.5	4	26	1
0.44	4	26	1
0.333333333333333	4	26	1
0.375	4	26	1
0.5625	4	26	1
0.363636363636364	4	26	1
0.333333333333333	4	26	1
0.166666666666667	4	26	1
0.428571428571429	4	26	1
0.176470588235294	4	26	1
0.4375	4	26	1
0.481481481481481	4	26	1
0.5	4	26	1
0.318181818181818	4	26	1
0.523809523809524	4	26	1
0.666666666666667	4	26	1
0.56	4	26	1
0.411764705882353	4	26	1
0.55	4	26	1
0.363636363636364	4	26	1
0.53125	4	26	1
0.305555555555556	4	26	1
0.333333333333333	4	26	1
0.583333333333333	4	26	1
0.4	4	26	1
0.478260869565217	4	26	1
0.5	4	26	1
0.478260869565217	4	26	1
0.414634146341463	4	26	1
0.4	4	26	1
0.5	4	26	1
0.545454545454545	4	26	1
0.636363636363636	4	26	1
0.526315789473684	4	26	1
0.5	4	26	1
0.535714285714286	4	26	1
0.46875	4	26	1
0.5	4	26	1
0.555555555555556	4	26	1
0.421052631578947	4	26	1
0.428571428571429	4	26	1
0.64	4	26	1
0.666666666666667	4	26	1
0.407407407407407	4	26	1
0.428571428571429	4	26	1
0.4	4	26	1
0.45	4	26	1
0.65	4	26	1
0.461538461538462	4	26	1
0.481481481481481	4	26	1
0.444444444444444	4	26	1
0.37037037037037	4	26	1
0.5	4	26	1
0.222222222222222	4	26	1
0.416666666666667	4	26	1
0.580645161290323	4	26	1
0.454545454545455	4	26	1
0.676470588235294	4	26	1
0.5	4	26	1
0.46875	4	26	1
0.40625	4	26	1
0.375	4	26	1
0.391304347826087	4	26	1
0.588235294117647	4	26	1
0.458333333333333	4	26	1
0.379310344827586	4	26	1
0.470588235294118	4	26	1
0.705882352941177	4	26	1
0.318181818181818	4	26	1
0.461538461538462	4	26	1
0.363636363636364	4	26	1
0.416666666666667	4	26	1
0.333333333333333	4	26	1
0.407407407407407	4	26	1
0.416666666666667	4	26	1
0.45	4	26	1
0.419354838709677	4	26	1
0.4	4	26	1
0.483870967741935	4	26	1
0.428571428571429	4	26	1
0.542857142857143	4	26	1
0.538461538461538	4	26	1
0.476190476190476	4	26	1
0.512820512820513	4	26	1
0.666666666666667	4	26	1
0.533333333333333	4	26	1
0.5	4	26	1
0.461538461538462	4	26	1
0.485714285714286	4	26	1
0.5	4	26	1
0.461538461538462	4	26	1
0.461538461538462	4	26	1
0.392857142857143	4	26	1
0.421052631578947	4	26	1
0.5	4	26	1
0.448275862068966	4	26	1
0.666666666666667	4	26	1
0.586206896551724	4	26	1
0.56	4	26	1
0.5	4	26	1
0.631578947368421	4	26	1
0.333333333333333	4	26	1
0.461538461538462	4	26	1
0.357142857142857	4	26	1
0.538461538461538	4	26	1
0.451612903225806	4	26	1
0.411764705882353	4	26	1
0.45	4	26	1
0.555555555555556	4	26	1
0.380952380952381	4	26	1
0.5	4	26	1
0.433333333333333	4	26	1
0.580645161290323	4	26	1
0.315789473684211	4	26	1
0.380952380952381	4	26	1
0.444444444444444	4	26	1
0.55	4	26	1
0.352941176470588	4	26	1
0.428571428571429	4	26	1
0.448275862068966	4	26	1
0.476190476190476	4	26	1
0.444444444444444	4	26	1
0.315789473684211	4	26	1
0.473684210526316	4	26	1
0.4	4	26	1
0.259259259259259	4	26	1
0.481481481481481	4	26	1
0.461538461538462	4	26	1
0.590909090909091	4	26	1
0.541666666666667	4	26	1
0.6	4	26	1
0.595744680851064	4	26	1
0.652173913043478	4	26	1
0.432432432432432	4	26	1
0.583333333333333	4	26	1
0.542857142857143	4	26	1
0.333333333333333	4	26	1
0.384615384615385	4	26	1
0.416666666666667	4	26	1
0.458333333333333	4	26	1
0.382978723404255	4	26	1
0.352941176470588	4	26	1
0.333333333333333	4	26	1
0.608695652173913	4	26	1
0.6	4	26	1
0.633333333333333	4	26	1
0.56	4	26	1
0.482758620689655	4	26	1
0.53125	4	26	1
0.4	4	26	1
0.333333333333333	4	26	1
0.523809523809524	4	26	1
0.315789473684211	4	26	1
0.448275862068966	4	26	1
0.466666666666667	4	26	1
0.56	4	26	1
0.641025641025641	4	26	1
0.444444444444444	4	26	1
0.41025641025641	4	26	1
0.454545454545455	4	26	1
0.354838709677419	4	26	1
0.324324324324324	4	26	1
0.5	4	26	1
0.423076923076923	4	26	1
0.375	4	26	1
0.625	4	26	1
0.6	4	26	1
0.413793103448276	4	26	1
0.5	4	26	1
0.538461538461538	4	26	1
0.375	4	26	1
0.470588235294118	4	26	1
0.566666666666667	4	26	1
0.521739130434783	4	26	1
0.434782608695652	4	26	1
0.375	4	26	1
0.352941176470588	4	26	1
0.51063829787234	4	26	1
0.423076923076923	4	26	1
0.39622641509434	4	26	1
0.40625	4	26	1
0.521739130434783	4	26	1
0.481481481481481	4	26	1
0.409090909090909	4	26	1
0.594594594594595	4	26	1
0.571428571428571	4	26	1
0.416666666666667	4	26	1
0.434782608695652	4	26	1
0.454545454545455	4	26	1
0.4	4	26	1
0.387096774193548	4	26	1
0.818181818181818	4	26	1
0.428571428571429	4	26	1
0.583333333333333	4	26	1
0.275862068965517	4	26	1
0.478260869565217	4	26	1
0.375	4	26	1
0.541666666666667	4	26	1
0.461538461538462	4	26	1
0.482758620689655	4	26	1
0.45	4	26	1
0.45	4	26	1
0.473684210526316	4	26	1
0.5	4	26	1
0.5	4	26	1
0.307692307692308	4	26	1
0.384615384615385	4	26	1
0.555555555555556	4	26	1
0.565217391304348	4	26	1
0.5	4	26	1
0.521739130434783	4	26	1
0.379310344827586	4	26	1
0.473684210526316	4	26	1
0.473684210526316	4	26	1
0.5	4	26	1
0.409090909090909	4	26	1
0.347826086956522	4	26	1
0.428571428571429	4	26	1
0.473684210526316	4	26	1
0.423076923076923	4	26	1
0.439024390243902	4	26	1
0.5	4	26	1
0.318181818181818	4	26	1
0.191489361702128	4	26	1
0.155555555555556	4	26	1
0.380952380952381	4	26	1
0.375	4	26	1
0.466666666666667	4	26	1
0.514285714285714	4	26	1
0.545454545454545	4	26	1
0.548387096774194	4	26	1
0.473684210526316	4	26	1
0.5	4	26	1
0.32258064516129	4	26	1
0.461538461538462	4	26	1
0.363636363636364	4	26	1
0.555555555555556	4	26	1
0.692307692307692	4	26	1
0.542857142857143	4	26	1
0.681818181818182	4	26	1
0.387096774193548	4	26	1
0.571428571428571	4	26	1
0.619047619047619	4	26	1
0.421052631578947	4	26	1
0.552631578947368	4	26	1
0.357142857142857	4	26	1
0.478260869565217	4	26	1
0.365853658536585	4	26	1
0.44	4	26	1
0.481481481481481	4	26	1
0.431818181818182	4	26	1
0.548387096774194	4	26	1
0.333333333333333	4	26	1
0.318181818181818	4	26	1
0.526315789473684	4	26	1
0.5	4	26	1
0.379310344827586	4	26	1
0.361111111111111	4	26	1
0.423076923076923	4	26	1
0.259259259259259	4	26	1
0.5	4	26	1
0.5	4	26	1
0.411764705882353	4	26	1
0.368421052631579	4	26	1
0.5	4	26	1
0.533333333333333	4	26	1
0.5	4	26	1
0.333333333333333	4	26	1
0.5	4	26	1
0.454545454545455	4	26	1
0.625	4	26	1
0.444444444444444	4	26	1
0.739130434782609	4	26	1
0.4	4	26	1
0.65	4	26	1
0.35	4	26	1
0.583333333333333	4	26	1
0.5	4	26	1
0.466666666666667	4	26	1
0.444444444444444	4	26	1
0.684210526315789	4	26	1
0.363636363636364	4	26	1
0.333333333333333	4	26	1
0.384615384615385	4	26	1
0.578947368421053	4	26	1
0.5	4	26	1
0.566666666666667	4	26	1
0.428571428571429	4	26	1
0.636363636363636	4	26	1
0.55	4	26	1
0.36	4	26	1
0.529411764705882	4	26	1
0.5625	4	26	1
0.523809523809524	4	26	1
0.578947368421053	4	26	1
0.583333333333333	4	26	1
0.36	4	26	1
0.448275862068966	4	26	1
0.333333333333333	4	26	1
0.576923076923077	4	26	1
0.5	4	26	1
0.45	4	26	1
0.705882352941177	4	26	1
0.411764705882353	4	26	1
0.423076923076923	4	26	1
0.75	4	26	1
0.363636363636364	4	26	1
0.619047619047619	4	26	1
0.393939393939394	4	26	1
0.52	4	26	1
0.428571428571429	4	26	1
0.432432432432432	4	26	1
0.676470588235294	4	26	1
0.45	4	26	1
0.485714285714286	4	26	1
0.428571428571429	4	26	1
0.32258064516129	4	26	1
0.464285714285714	4	26	1
0.5	4	26	1
0.333333333333333	4	26	1
0.647058823529412	4	26	1
0.28125	4	26	1
0.375	4	26	1
0.478260869565217	4	26	1
0.479166666666667	4	26	1
0.558823529411765	4	26	1
0.258064516129032	4	26	1
0.333333333333333	4	26	1
0.48780487804878	4	26	1
0.4375	4	26	1
0.509433962264151	4	26	1
0.518518518518518	4	26	1
0.46	4	26	1
0.5	4	26	1
0.522727272727273	4	26	1
0.5625	4	26	1
0.321428571428571	4	26	1
0.387096774193548	4	26	1
0.25	4	26	1
0.407407407407407	4	26	1
0.515151515151515	4	26	1
0.588235294117647	4	26	1
0.55	4	26	1
0.45	4	26	1
0.458333333333333	4	26	1
0.464285714285714	4	26	1
0.538461538461538	4	26	1
0.4	4	26	1
0.4	4	26	1
0.375	4	26	1
0.351351351351351	4	26	1
0.363636363636364	4	26	1
0.461538461538462	4	26	1
0.571428571428571	4	26	1
0.555555555555556	4	26	1
0.458333333333333	4	26	1
0.611111111111111	4	26	1
0.451612903225806	4	26	1
0.7	4	26	1
0.555555555555556	4	26	1
0.4375	4	26	1
0.464285714285714	4	26	1
0.7	4	26	1
0.555555555555556	4	26	1
0.52	4	26	1
0.454545454545455	4	26	1
0.388888888888889	4	26	1
0.25	4	26	1
0.55	4	26	1
0.527777777777778	4	26	1
0.473684210526316	4	26	1
0.461538461538462	4	26	1
0.333333333333333	4	26	1
0.434782608695652	4	26	1
0.392857142857143	4	26	1
0.464285714285714	4	26	1
0.571428571428571	4	26	1
0.36	4	26	1
0.5	4	26	1
0.55	4	26	1
0.452380952380952	4	26	1
0.414634146341463	4	26	1
0.222222222222222	4	26	1
0.444444444444444	4	26	1
0.615384615384615	4	26	1
0.357142857142857	4	26	1
0.541666666666667	4	26	1
0.571428571428571	4	26	1
0.433333333333333	4	26	1
0.515151515151515	4	26	1
0.540540540540541	4	26	1
0.461538461538462	4	26	1
0.3	4	26	1
0.375	4	26	1
0.586206896551724	4	26	1
0.416666666666667	4	26	1
0.527777777777778	4	26	1
0.380952380952381	4	26	1
0.413793103448276	4	26	1
0.541666666666667	4	26	1
0.545454545454545	4	26	1
0.565217391304348	4	26	1
0.5	4	26	1
0.65	4	26	1
0.3125	4	26	1
0.44	4	26	1
0.5625	4	26	1
0.6	4	26	1
0.529411764705882	4	26	1
0.5	4	26	1
0.5	4	26	1
0.4	4	26	1
0.636363636363636	4	26	1
0.263157894736842	4	26	1
0.3	4	26	1
0.344827586206897	4	26	1
0.555555555555556	4	26	1
0.625	4	26	1
0.32	4	26	1
0.416666666666667	4	26	1
0.407407407407407	4	26	1
0.571428571428571	4	26	1
0.476190476190476	4	26	1
0.44	4	26	1
0.409090909090909	4	26	1
0.5	4	26	1
0.372093023255814	4	26	1
0.5	4	26	1
0.357142857142857	4	26	1
0.636363636363636	4	26	1
0.297297297297297	4	26	1
0.5	4	26	1
0.421052631578947	4	26	1
0.388888888888889	4	26	1
0.4375	4	26	1
0.5625	4	26	1
0.25	4	26	1
0.409090909090909	4	26	1
0.407407407407407	4	26	1
0.482758620689655	4	26	1
0.421052631578947	4	26	1
0.533333333333333	4	26	1
0.611111111111111	4	26	1
0.470588235294118	4	26	1
0.46875	4	26	1
0.5	4	26	1
0.470588235294118	4	26	1
0.375	4	26	1
0.285714285714286	4	26	1
0.272727272727273	4	26	1
0.46875	4	26	1
0.470588235294118	4	26	1
0.461538461538462	4	26	1
0.238095238095238	4	26	1
0.285714285714286	4	26	1
0.333333333333333	4	26	1
0.666666666666667	4	26	1
0.272727272727273	4	26	1
0.238095238095238	4	26	1
0.232558139534884	4	26	1
0.6	4	26	1
0.315789473684211	4	26	1
0.392857142857143	4	26	1
0.393939393939394	4	26	1
0.52	4	26	1
0.333333333333333	4	26	1
0.476190476190476	4	26	1
0.516129032258065	4	26	1
0.8	4	26	1
0.4	4	26	1
0.368421052631579	4	26	1
0.428571428571429	4	26	1
0.692307692307692	4	26	1
0.433333333333333	4	26	1
0.538461538461538	4	26	1
0.6	4	26	1
0.333333333333333	4	26	1
0.566666666666667	4	26	1
0.307692307692308	4	26	1
0.4375	4	26	1
0.5	4	26	1
0.578947368421053	4	26	1
0.517241379310345	4	26	1
0.333333333333333	4	26	1
0.583333333333333	4	26	1
0.533333333333333	4	26	1
0.346153846153846	4	26	1
0.611111111111111	4	26	1
0.769230769230769	4	26	1
0.5	4	26	1
0.428571428571429	4	26	1
0.615384615384615	4	26	1
0.344827586206897	4	26	1
0.478260869565217	4	26	1
0.5	4	26	1
0.647058823529412	4	26	1
0.4	4	26	1
0.576923076923077	4	26	1
0.555555555555556	4	26	1
0.545454545454545	4	26	1
0.5	4	26	1
0.454545454545455	4	26	1
0.416666666666667	4	26	1
0.628571428571429	4	26	1
0.458333333333333	4	26	1
0.705882352941177	4	26	1
0.307692307692308	4	26	1
0.576923076923077	4	26	1
0.352941176470588	4	26	1
0.45	4	26	1
0.423076923076923	4	26	1
0.434782608695652	4	26	1
0.476190476190476	4	26	1
0.428571428571429	4	26	1
0.368421052631579	4	26	1
0.578947368421053	4	26	1
0.538461538461538	4	26	1
0.45	4	26	1
0.5	4	26	1
0.526315789473684	4	26	1
0.62962962962963	4	26	1
0.454545454545455	4	26	1
0.727272727272727	4	26	1
0.590909090909091	4	26	1
0.590909090909091	4	26	1
0.478260869565217	4	26	1
0.526315789473684	4	26	1
0.478260869565217	4	26	1
0.333333333333333	4	26	1
0.466666666666667	4	26	1
0.428571428571429	4	26	1
0.5	4	26	1
0.461538461538462	4	26	1
0.333333333333333	4	26	1
0.413793103448276	4	26	1
0.6	4	26	1
0.411764705882353	4	26	1
0.384615384615385	4	26	1
0.4	4	26	1
0.447368421052632	4	26	1
0.465116279069767	4	26	1
0.382352941176471	4	26	1
0.454545454545455	4	26	1
0.529411764705882	4	26	1
0.483870967741935	4	26	1
0.378378378378378	4	26	1
0.5	4	26	1
0.625	4	26	1
0.555555555555556	4	26	1
0.407407407407407	4	26	1
0.590909090909091	4	26	1
0.692307692307692	4	26	1
0.545454545454545	4	26	1
0.352941176470588	4	26	1
0.705882352941177	4	26	1
0.485714285714286	4	26	1
0.481481481481481	4	26	1
0.363636363636364	4	26	1
0.25	4	26	1
0.380952380952381	4	26	1
0.517241379310345	4	26	1
0.4	4	26	1
0.393939393939394	4	26	1
0.541666666666667	4	26	1
0.4	4	26	1
0.46875	4	26	1
0.653846153846154	4	26	1
0.470588235294118	4	26	1
0.5	4	26	1
0.266666666666667	4	26	1
0.620689655172414	4	26	1
0.272727272727273	4	26	1
0.586206896551724	4	26	1
0.583333333333333	4	26	1
0.578947368421053	4	26	1
0.46	4	26	1
0.481481481481481	4	26	1
0.487179487179487	4	26	1
0.470588235294118	4	26	1
0.5	4	26	1
0.5	4	26	1
0.466666666666667	4	26	1
0.433333333333333	4	26	1
0.4375	4	26	1
0.541666666666667	4	26	1
0.518518518518518	4	26	1
0.392857142857143	4	26	1
0.568181818181818	4	26	1
0.333333333333333	4	26	1
0.419354838709677	4	26	1
0.423076923076923	4	26	1
0.25	4	26	1
0.5	4	26	1
0.464285714285714	4	26	1
0.32	4	26	1
0.416666666666667	4	26	1
0.458333333333333	4	26	1
0.551724137931034	4	26	1
0.428571428571429	4	26	1
0.583333333333333	4	26	1
0.785714285714286	4	26	1
0.485714285714286	4	26	1
0.566666666666667	4	26	1
0.444444444444444	4	26	1
0.461538461538462	4	26	1
0.6	4	26	1
0.384615384615385	4	26	1
0.482758620689655	4	26	1
0.136363636363636	4	26	1
0.483870967741935	4	26	1
0.521739130434783	4	26	1
0.571428571428571	4	26	1
0.186440677966102	4	26	1
0.563636363636364	4	26	1
0.454545454545455	4	26	1
0.428571428571429	4	26	1
0.545454545454545	4	26	1
0.5	4	26	1
0.454545454545455	4	26	1
0.125	4	26	1
0.285714285714286	4	26	1
0.393939393939394	4	26	1
0.379310344827586	4	26	1
0.4	4	26	1
0.459459459459459	4	26	1
0.366666666666667	4	26	1
0.366666666666667	4	26	1
0.5	4	26	1
0.391304347826087	4	26	1
0.482758620689655	4	26	1
0.35	4	26	1
0.5	4	26	1
0.382352941176471	4	26	1
0.454545454545455	4	26	1
0.452380952380952	4	26	1
0.441176470588235	4	26	1
0.5	4	26	1
0.448275862068966	4	26	1
0.242424242424242	4	26	1
0.342857142857143	4	26	1
0.52	4	26	1
0.477272727272727	4	26	1
0.565217391304348	4	26	1
0.260869565217391	4	26	1
0.44	4	26	1
0.6	4	26	1
0.305555555555556	4	26	1
0.416666666666667	4	26	1
0.464285714285714	4	26	1
0.269230769230769	4	26	1
0.383333333333333	4	26	1
0.545454545454545	4	26	1
0.468085106382979	4	26	1
0.448275862068966	4	26	1
0.428571428571429	4	26	1
0.46875	4	26	1
0.521739130434783	4	26	1
0.590909090909091	4	26	1
0.59375	4	26	1
0.512820512820513	4	26	1
0.48	4	26	1
0.62962962962963	4	26	1
0.4	4	26	1
0.538461538461538	4	26	1
0.448275862068966	4	26	1
0.472222222222222	4	26	1
0.478260869565217	4	26	1
0.341463414634146	4	26	1
0.568627450980392	4	26	1
0.612903225806452	4	26	1
0.478260869565217	4	26	1
0.5	4	26	1
0.72	4	26	1
0.75	4	26	1
0.210526315789474	4	26	1
0.461538461538462	4	26	1
0.428571428571429	4	26	1
0.541666666666667	4	26	1
0.24	4	26	1
0.846153846153846	4	26	1
0.409090909090909	4	26	1
0.4	4	26	1
0.421052631578947	4	26	1
0.5	4	26	1
0.588235294117647	4	26	1
0.314285714285714	4	26	1
0.566666666666667	4	26	1
0.444444444444444	4	26	1
0.472222222222222	4	26	1
0.6	4	26	1
0.55	4	26	1
0.153846153846154	4	26	1
0.478260869565217	4	26	1
0.25	4	26	1
0.37037037037037	4	26	1
0.476190476190476	4	26	1
0.3	4	26	1
0.424242424242424	4	26	1
0.461538461538462	4	26	1
0.5	4	26	1
0.431818181818182	4	26	1
0.55	4	26	1
0.45	4	26	1
0.558139534883721	4	26	1
0.368421052631579	4	26	1
0.625	4	26	1
0.475	4	26	1
0.535714285714286	4	26	1
0.3125	4	26	1
0.5	4	26	1
0.578947368421053	4	26	1
0.409836065573771	4	26	1
0.555555555555556	4	26	1
0.541666666666667	4	26	1
0.533333333333333	4	26	1
0.48	4	26	1
0.40625	4	26	1
0.571428571428571	4	26	1
0.37037037037037	4	26	1
0.416666666666667	4	26	1
0.538461538461538	4	26	1
0.380952380952381	4	26	1
0.205882352941176	4	26	1
0.25	4	26	1
0.25	4	26	1
0.435897435897436	4	26	1
0.392857142857143	4	26	1
0.478260869565217	4	26	1
0.368421052631579	4	26	1
0.695652173913043	4	26	1
0.294117647058824	4	26	1
0.578947368421053	4	26	1
0.481481481481481	4	26	1
0.45	4	26	1
0.5	4	26	1
0.56	4	26	1
0.5	4	26	1
0.439024390243902	4	26	1
0.377777777777778	4	26	1
0.461538461538462	4	26	1
0.36	4	26	1
0.4	4	26	1
0.518518518518518	4	26	1
0.473684210526316	4	26	1
0.423076923076923	4	26	1
0.548387096774194	4	26	1
0.388888888888889	4	26	1
0.484848484848485	4	26	1
0.434782608695652	4	26	1
0.387096774193548	4	26	1
0.4	4	26	1
0.518518518518518	4	26	1
0.16	4	26	1
0.657142857142857	4	26	1
0.485714285714286	4	26	1
0.428571428571429	4	26	1
0.458333333333333	4	26	1
0.526315789473684	4	26	1
0.5	4	26	1
0.416666666666667	4	26	1
0.733333333333333	4	26	1
0.681818181818182	4	26	1
0.285714285714286	4	26	1
0.457142857142857	4	26	1
0.25	4	26	1
0.6	4	26	1
0.421052631578947	4	26	1
0.5	4	26	1
0.529411764705882	4	26	1
0.375	4	26	1
0.444444444444444	4	26	1
0.529411764705882	4	26	1
0.625	4	26	1
0.5	4	26	1
0.357142857142857	4	26	1
0.666666666666667	4	26	1
0.463414634146341	4	26	1
0.423076923076923	4	26	1
0.466666666666667	4	26	1
0.608695652173913	4	26	1
0.45	4	26	1
0.5625	4	26	1
0.461538461538462	4	26	1
0.363636363636364	4	26	1
0.435897435897436	4	26	1
0.448275862068966	4	26	1
0.456140350877193	4	26	1
0.384615384615385	4	26	1
0.4	4	26	1
0.4375	4	26	1
0.458333333333333	4	26	1
0.592592592592593	4	26	1
0.148936170212766	4	26	1
0.416666666666667	4	26	1
0.46551724137931	4	26	1
0.444444444444444	4	26	1
0.212121212121212	4	26	1
0.333333333333333	4	26	1
0.615384615384615	4	26	1
0.777777777777778	4	26	1
0.433333333333333	4	26	1
0.653846153846154	4	26	1
0.461538461538462	4	26	1
0.375	4	26	1
0.4375	4	26	1
0.5	4	26	1
0.541666666666667	4	26	1
0.567567567567568	4	26	1
0.555555555555556	4	26	1
0.703703703703704	4	26	1
0.5	4	26	1
0.342857142857143	4	26	1
0.53125	4	26	1
0.571428571428571	4	26	1
0.333333333333333	4	26	1
0.352941176470588	4	26	1
0.5	4	26	1
0.363636363636364	4	26	1
0.227272727272727	4	26	1
0.235294117647059	4	26	1
0.607142857142857	4	26	1
0.4	4	26	1
0.516129032258065	4	26	1
0.448275862068966	4	26	1
0.192307692307692	4	26	1
0.53125	4	26	1
0.48	4	26	1
0.434782608695652	4	26	1
0.5	4	26	1
0.452380952380952	4	26	1
0.5	4	26	1
0.315789473684211	4	26	1
0.391304347826087	4	26	1
0.333333333333333	4	26	1
0.653846153846154	4	26	1
0.555555555555556	4	26	1
0.6	4	26	1
0.416666666666667	4	26	1
0.631578947368421	4	26	1
0.44	4	26	1
0.444444444444444	4	26	1
0.476190476190476	4	26	1
0.476190476190476	4	26	1
0.476190476190476	4	26	1
0.413793103448276	4	26	1
0.5	4	26	1
0.344827586206897	4	26	1
0.548387096774194	4	26	1
0.411764705882353	4	26	1
0.484848484848485	4	26	1
0.523809523809524	4	26	1
0.541666666666667	4	26	1
0.607142857142857	4	26	1
0.461538461538462	4	26	1
0.375	4	26	1
0.157894736842105	4	26	1
0.545454545454545	4	26	1
0.423076923076923	4	26	1
0.545454545454545	4	26	1
0.571428571428571	4	26	1
0.555555555555556	4	26	1
0.416666666666667	4	26	1
0.375	4	26	1
0.416666666666667	4	26	1
0.476190476190476	4	26	1
0.461538461538462	4	26	1
0.444444444444444	4	26	1
0.0819672131147541	4	26	1
0.415094339622642	4	26	1
0.40625	4	26	1
0.388888888888889	4	26	1
0.394736842105263	4	26	1
0.4375	4	26	1
0.423076923076923	4	26	1
0.490566037735849	4	26	1
0.24	4	26	1
0.487179487179487	4	26	1
0.484848484848485	4	26	1
0.470588235294118	4	26	1
0.347826086956522	4	26	1
0.444444444444444	4	26	1
0.571428571428571	4	26	1
0.703703703703704	4	26	1
0.433333333333333	4	26	1
0.526315789473684	4	26	1
0.5	4	26	1
0.448275862068966	4	26	1
0.5	4	26	1
0.478260869565217	4	26	1
0.5	4	26	1
0.6	4	26	1
0.541666666666667	4	26	1
0.409090909090909	4	26	1
0.290322580645161	4	26	1
0.55	4	26	1
0.428571428571429	4	26	1
0.454545454545455	4	26	1
0.466666666666667	4	26	1
0.512820512820513	4	26	1
0.41025641025641	4	26	1
0.468085106382979	4	26	1
0.466666666666667	4	26	1
0.533333333333333	4	26	1
0.466666666666667	4	26	1
0.428571428571429	4	26	1
0.404761904761905	4	26	1
0.622222222222222	4	26	1
0.457142857142857	4	26	1
0.457142857142857	4	26	1
0.6	4	26	1
0.533333333333333	4	26	1
0.5	4	26	1
0.292682926829268	4	26	1
0.45	4	26	1
0.325	4	26	1
0.45	4	26	1
0.5	4	26	1
0.536585365853659	4	26	1
0.428571428571429	4	26	1
0.516129032258065	4	26	1
0.65	4	26	1
0.473684210526316	4	26	1
0.555555555555556	4	26	1
0.285714285714286	4	26	1
0.583333333333333	4	26	1
0.433333333333333	4	26	1
0.478260869565217	4	26	1
0.540540540540541	4	26	1
0.371428571428571	4	26	1
0.428571428571429	4	26	1
0.5	4	26	1
0.555555555555556	4	26	1
0.378378378378378	4	26	1
0.4	4	26	1
0.689655172413793	4	26	1
0.428571428571429	4	26	1
0.56	4	26	1
0.439024390243902	4	26	1
0.441860465116279	4	26	1
0.4	4	26	1
0.428571428571429	4	26	1
0.5625	4	26	1
0.387096774193548	4	26	1
0.44	4	26	1
0.565217391304348	4	26	1
0.181818181818182	4	26	1
0.478260869565217	4	26	1
0.333333333333333	4	26	1
0.5	4	26	1
0.470588235294118	4	26	1
0.5	4	26	1
0.444444444444444	4	26	1
0.428571428571429	4	26	1
0.62962962962963	4	26	1
0.37037037037037	4	26	1
0.413793103448276	4	26	1
0.333333333333333	4	26	1
0.5	4	26	1
0.523809523809524	4	26	1
0.296296296296296	4	26	1
0.416666666666667	4	26	1
0.409090909090909	4	26	1
0.428571428571429	4	26	1
0.6	4	26	1
0.6	4	26	1
0.428571428571429	4	26	1
0.535714285714286	4	26	1
0.595238095238095	4	26	1
0.516129032258065	4	26	1
0.578947368421053	4	26	1
0.529411764705882	4	26	1
0.424242424242424	4	26	1
0.36	4	26	1
0.304347826086957	4	26	1
0.529411764705882	4	26	1
0.368421052631579	4	26	1
0.473684210526316	4	26	1
0.371428571428571	4	26	1
0.230769230769231	4	26	1
0.428571428571429	4	26	1
0.428571428571429	4	26	1
0.3	4	26	1
0.428571428571429	4	26	1
0.476190476190476	4	26	1
0.466666666666667	4	26	1
0.35	4	26	1
0.357142857142857	4	26	1
0.538461538461538	4	26	1
0.458333333333333	4	26	1
0.32	4	26	1
0.588235294117647	4	26	1
0.380952380952381	4	26	1
0.636363636363636	4	26	1
0.352941176470588	4	26	1
0.478260869565217	4	26	1
0.48	4	26	1
0.5	4	26	1
0.653846153846154	4	26	1
0.5	4	26	1
0.555555555555556	4	26	1
0.52	4	26	1
0.571428571428571	4	26	1
0.473684210526316	4	26	1
0.555555555555556	4	26	1
0.619047619047619	4	26	1
0.619047619047619	4	26	1
0.4375	4	26	1
0.424242424242424	4	26	1
0.612903225806452	4	26	1
0.414634146341463	4	26	1
0.377777777777778	4	26	1
0.457142857142857	4	26	1
0.576923076923077	4	26	1
0.566666666666667	4	26	1
0.464285714285714	4	26	1
0.428571428571429	4	26	1
0.5	4	26	1
0.431818181818182	4	26	1
0.36	4	26	1
0.875	4	26	1
0.413793103448276	4	26	1
0.457142857142857	4	26	1
0.540540540540541	4	26	1
0.333333333333333	4	26	1
0.111111111111111	4	26	1
0.530612244897959	4	26	1
0.214285714285714	4	26	1
0.444444444444444	4	26	1
0.416666666666667	4	26	1
0.545454545454545	4	26	1
0.5	4	26	1
0.620689655172414	4	26	1
0.448979591836735	4	26	1
0.538461538461538	4	26	1
0.516129032258065	4	26	1
1	4	26	1
0.5	4	26	1
0.58695652173913	4	26	1
0.846153846153846	4	26	1
0.4	4	26	1
0.615384615384615	4	26	1
0.463414634146341	4	26	1
0.416666666666667	4	26	1
0.4375	4	26	1
0.15	4	26	1
0.5	4	26	1
0.441176470588235	4	26	1
0.578947368421053	4	26	1
0.390243902439024	4	26	1
0.545454545454545	4	26	1
0.357142857142857	4	26	1
0.225	4	26	1
0.483870967741935	4	26	1
0.545454545454545	4	26	1
0.414634146341463	4	26	1
0.452380952380952	4	26	1
