VAF	CN	avg.depth	purity
0.620689655172414	2	20	1
0.285714285714286	2	20	1
0.473684210526316	2	20	1
0.2	2	20	1
0.19047619047619	2	20	1
0.944444444444444	2	20	1
0.461538461538462	2	20	1
0.32	2	20	1
0.260869565217391	2	20	1
0.375	2	20	1
0.578947368421053	2	20	1
0.722222222222222	2	20	1
0.625	2	20	1
0.368421052631579	2	20	1
0.5	2	20	1
0.409090909090909	2	20	1
0.25	2	20	1
0.16	2	20	1
0.4	2	20	1
0.15	2	20	1
0.588235294117647	2	20	1
0.444444444444444	3	29	1
0.133333333333333	3	29	1
0.25	3	29	1
0.304347826086957	3	29	1
0.25	3	29	1
0.195121951219512	3	29	1
0.685714285714286	3	29	1
0.625	3	29	1
0.1875	3	29	1
0.166666666666667	3	29	1
0.393939393939394	3	29	1
0.230769230769231	3	29	1
0.206896551724138	3	29	1
0.538461538461538	3	29	1
0.333333333333333	3	29	1
0.352941176470588	3	29	1
0.129032258064516	3	29	1
0.25	3	29	1
0.692307692307692	3	29	1
0.27027027027027	3	29	1
0.176470588235294	3	29	1
0.647058823529412	3	29	1
0.285714285714286	3	29	1
0.272727272727273	3	29	1
0.225806451612903	3	29	1
0.6875	3	29	1
0.538461538461538	3	29	1
0.206896551724138	3	29	1
0.291666666666667	3	29	1
0.259259259259259	3	29	1
0.454545454545455	3	29	1
0.176470588235294	3	29	1
0.473684210526316	3	29	1
0.2	3	29	1
0.126984126984127	3	29	1
0.176470588235294	3	29	1
0.655172413793103	3	29	1
0.533333333333333	3	29	1
0.153846153846154	3	29	1
0.27027027027027	3	29	1
0.666666666666667	3	29	1
0.150943396226415	3	29	1
0.107142857142857	3	29	1
0.473684210526316	3	29	1
0.116279069767442	3	29	1
0.18	3	29	1
0.108695652173913	3	29	1
0.125	3	29	1
1	3	29	1
0.583333333333333	3	29	1
1	3	29	1
0.260869565217391	3	29	1
0.962962962962963	3	29	1
0.24	3	29	1
0.206896551724138	3	29	1
0.642857142857143	3	29	1
0.216216216216216	4	38	1
0.428571428571429	4	38	1
0.130434782608696	4	38	1
0.186440677966102	4	38	1
0.246153846153846	4	38	1
0.166666666666667	4	38	1
0.169491525423729	4	38	1
0.259259259259259	4	38	1
0.224489795918367	4	38	1
0.13953488372093	4	38	1
0.302325581395349	4	38	1
0.208333333333333	4	38	1
0.481481481481481	4	38	1
0.136363636363636	4	38	1
0.277777777777778	4	38	1
0.435897435897436	4	38	1
0.3	4	38	1
0.172413793103448	4	38	1
0.162790697674419	4	38	1
0.119047619047619	4	38	1
0.15	4	38	1
0.4	4	38	1
0.263157894736842	4	38	1
0.148936170212766	4	38	1
0.666666666666667	4	38	1
0.305555555555556	4	38	1
0.208333333333333	4	38	1
0.113636363636364	4	38	1
0.305555555555556	4	38	1
0.264705882352941	4	38	1
0.475	4	38	1
0.119047619047619	4	38	1
0.181818181818182	4	38	1
0.259259259259259	4	38	1
0.1875	4	38	1
0.219512195121951	4	38	1
0.157894736842105	4	38	1
0.0862068965517241	4	38	1
0.175438596491228	4	38	1
0.115384615384615	4	38	1
0.451612903225806	4	38	1
0.137931034482759	4	38	1
0.162162162162162	4	38	1
0.28125	4	38	1
0.129032258064516	4	38	1
0.235294117647059	4	38	1
0.3	4	38	1
0.366666666666667	4	38	1
0.0704225352112676	4	38	1
0.127272727272727	4	38	1
0.0851063829787234	4	38	1
0.119047619047619	4	38	1
0.625	4	38	1
0.220338983050847	4	38	1
0.461538461538462	4	38	1
0.48	4	38	1
0.448275862068966	4	38	1
0.352941176470588	4	38	1
0.208333333333333	4	38	1
0.259259259259259	4	38	1
0.3	4	38	1
0.194444444444444	4	38	1
0.514285714285714	4	38	1
0.555555555555556	4	38	1
0.131147540983607	4	38	1
0.216216216216216	4	38	1
0.3125	4	38	1
0.161290322580645	4	38	1
0.151515151515152	4	38	1
0.4	4	38	1
0.258064516129032	4	38	1
0.186046511627907	4	38	1
0.481481481481481	4	38	1
0.285714285714286	4	38	1
0.214285714285714	4	38	1
0.476190476190476	4	38	1
0.317460317460317	4	38	1
0.28125	4	38	1
0.109375	4	38	1
0.142857142857143	4	38	1
0.142857142857143	4	38	1
0.156862745098039	4	38	1
0.214285714285714	4	38	1
0.35	4	38	1
0.611111111111111	4	38	1
0.136363636363636	4	38	1
0.193548387096774	4	38	1
0.1875	4	38	1
0.344827586206897	4	38	1
0.264705882352941	4	38	1
0.457142857142857	4	38	1
0.181818181818182	4	38	1
0.37037037037037	4	38	1
0.2	4	38	1
0.4	4	38	1
0.428571428571429	4	38	1
0.409090909090909	4	38	1
0.193548387096774	4	38	1
0.23728813559322	4	38	1
0.1875	4	38	1
0.185185185185185	4	38	1
0.216216216216216	4	38	1
0.164179104477612	4	38	1
0.113207547169811	4	38	1
0.333333333333333	4	38	1
0.260869565217391	4	38	1
0.15	4	38	1
0.128205128205128	4	38	1
0.428571428571429	4	38	1
0.129032258064516	4	38	1
0.351351351351351	4	38	1
0.473684210526316	4	38	1
0.142857142857143	4	38	1
0.294117647058824	4	38	1
0.137931034482759	4	38	1
0.314285714285714	4	38	1
0.533333333333333	4	38	1
0.114285714285714	4	38	1
0.285714285714286	4	38	1
0.288888888888889	4	38	1
0.121951219512195	4	38	1
0.289473684210526	4	38	1
0.368421052631579	4	38	1
0.5	4	38	1
0.30952380952381	4	38	1
0.166666666666667	4	38	1
0.25	4	38	1
0.294117647058824	4	38	1
0.25	4	38	1
0.292682926829268	4	38	1
0.344827586206897	4	38	1
0.304347826086957	4	38	1
0.318181818181818	4	38	1
0.153846153846154	4	38	1
0.208333333333333	4	38	1
0.193548387096774	4	38	1
0.517241379310345	4	38	1
0.166666666666667	4	38	1
0.481481481481481	4	38	1
0.333333333333333	4	38	1
0.161290322580645	4	38	1
0.114285714285714	4	38	1
0.285714285714286	4	38	1
0.256410256410256	4	38	1
0.193548387096774	4	38	1
0.152173913043478	4	38	1
0.3	4	38	1
0.2	4	38	1
0.1875	4	38	1
0.142857142857143	4	38	1
0.189189189189189	4	38	1
0.419354838709677	4	38	1
0.214285714285714	4	38	1
0.25	4	38	1
0.333333333333333	4	38	1
0.176470588235294	4	38	1
0.125	4	38	1
0.225806451612903	4	38	1
0.192307692307692	4	38	1
0.212121212121212	4	38	1
0.195121951219512	4	38	1
0.157894736842105	4	38	1
0.41025641025641	4	38	1
0.641025641025641	4	38	1
0.575	4	38	1
0.142857142857143	4	38	1
0.176470588235294	4	38	1
0.205882352941176	4	38	1
0.272727272727273	4	38	1
0.138888888888889	4	38	1
0.150943396226415	4	38	1
0.195121951219512	4	38	1
0.242424242424242	4	38	1
0.153846153846154	4	38	1
0.3	4	38	1
0.14	4	38	1
0.0793650793650794	4	38	1
0.642857142857143	4	38	1
0.333333333333333	4	38	1
0.212121212121212	4	38	1
0.6	4	38	1
0.583333333333333	4	38	1
0.136363636363636	4	38	1
0.275862068965517	4	38	1
0.173913043478261	4	38	1
0.184210526315789	4	38	1
0.112903225806452	4	38	1
0.111111111111111	4	38	1
0.107692307692308	4	38	1
0.12	4	38	1
0.264705882352941	4	38	1
0.159090909090909	4	38	1
0.181818181818182	4	38	1
0.450980392156863	4	38	1
0.6	4	38	1
0.611111111111111	4	38	1
0.5	4	38	1
0.206896551724138	4	38	1
0.101694915254237	4	38	1
0.171428571428571	4	38	1
0.1875	4	38	1
0.162162162162162	4	38	1
0.214285714285714	4	38	1
0.193548387096774	4	38	1
0.235294117647059	4	38	1
0.170731707317073	4	38	1
0.136363636363636	4	38	1
0.333333333333333	4	38	1
0.48	4	38	1
0.352941176470588	4	38	1
0.409090909090909	4	38	1
0.129032258064516	4	38	1
0.21875	4	38	1
0.214285714285714	4	38	1
0.151515151515152	4	38	1
0.181818181818182	4	38	1
0.153846153846154	4	38	1
0.25	4	38	1
0.246575342465753	4	38	1
0.275862068965517	4	38	1
0.581395348837209	4	38	1
0.478260869565217	4	38	1
0.473684210526316	4	38	1
0.3	4	38	1
0.470588235294118	4	38	1
0.230769230769231	4	38	1
0.254237288135593	4	38	1
0.222222222222222	4	38	1
0.285714285714286	4	38	1
0.166666666666667	4	38	1
0.25	4	38	1
0.260869565217391	4	38	1
0.166666666666667	4	38	1
0.162162162162162	4	38	1
0.114285714285714	4	38	1
0.166666666666667	4	38	1
0.365853658536585	4	38	1
0.177777777777778	4	38	1
0.194444444444444	4	38	1
0.137254901960784	4	38	1
0.318181818181818	4	38	1
0.13953488372093	4	38	1
0.571428571428571	4	38	1
0.239130434782609	4	38	1
0.104477611940299	4	38	1
0.365853658536585	4	38	1
0.24	4	38	1
0.285714285714286	4	38	1
0.116279069767442	4	38	1
0.12	4	38	1
0.111111111111111	4	38	1
0.227272727272727	4	38	1
0.421052631578947	4	38	1
0.388888888888889	4	38	1
0.291666666666667	4	38	1
0.117647058823529	4	38	1
0.421052631578947	4	38	1
0.125	4	38	1
0.15	4	38	1
0.487179487179487	4	38	1
0.545454545454545	4	38	1
0.125	4	38	1
0.142857142857143	4	38	1
0.444444444444444	4	38	1
0.156862745098039	4	38	1
0.152173913043478	4	38	1
0.296296296296296	4	38	1
0.344827586206897	4	38	1
0.193548387096774	4	38	1
0.44	4	38	1
0.214285714285714	4	38	1
0.212121212121212	4	38	1
0.454545454545455	4	38	1
0.153846153846154	4	38	1
0.409090909090909	4	38	1
0.333333333333333	4	38	1
0.2	4	38	1
0.101449275362319	4	38	1
0.46875	4	38	1
0.111111111111111	4	38	1
0.16	4	38	1
0.258064516129032	4	38	1
0.244444444444444	4	38	1
0.234042553191489	4	38	1
0.12	4	38	1
0.161290322580645	4	38	1
0.217391304347826	4	38	1
0.137931034482759	4	38	1
0.307692307692308	4	38	1
0.470588235294118	4	38	1
0.578947368421053	4	38	1
0.533333333333333	4	38	1
0.152173913043478	4	38	1
0.195652173913043	4	38	1
0.160714285714286	4	38	1
0.339622641509434	4	38	1
0.52	4	38	1
0.416666666666667	4	38	1
0.173913043478261	4	38	1
0.16	4	38	1
0.16	4	38	1
0.173076923076923	4	38	1
0.238095238095238	4	38	1
0.379310344827586	4	38	1
0.163636363636364	4	38	1
0.176470588235294	4	38	1
0.5	4	38	1
0.184210526315789	4	38	1
0.483870967741935	4	38	1
0.428571428571429	4	38	1
0.388888888888889	4	38	1
0.321428571428571	4	38	1
0.490566037735849	4	38	1
0.130434782608696	4	38	1
0.5	4	38	1
0.422222222222222	4	38	1
0.162790697674419	4	38	1
0.233333333333333	4	38	1
0.222222222222222	4	38	1
0.142857142857143	4	38	1
0.191489361702128	4	38	1
0.195121951219512	4	38	1
0.111111111111111	4	38	1
0.255813953488372	4	38	1
0.235294117647059	4	38	1
0.342857142857143	4	38	1
0.142857142857143	4	38	1
0.175	4	38	1
0.128205128205128	4	38	1
0.55	4	38	1
0.204545454545455	4	38	1
0.346153846153846	4	38	1
0.172413793103448	4	38	1
0.342857142857143	4	38	1
0.175	4	38	1
0.153846153846154	4	38	1
0.309090909090909	4	38	1
0.114285714285714	4	38	1
0.181818181818182	4	38	1
0.150684931506849	4	38	1
0.109090909090909	4	38	1
0.12962962962963	4	38	1
0.130434782608696	4	38	1
0.285714285714286	4	38	1
0.327272727272727	4	38	1
0.125	4	38	1
0.230769230769231	4	38	1
0.482758620689655	4	38	1
0.188679245283019	4	38	1
0.352941176470588	4	38	1
0.608695652173913	4	38	1
0.128205128205128	4	38	1
0.133333333333333	4	38	1
0.181818181818182	4	38	1
0.145833333333333	4	38	1
0.176470588235294	4	38	1
0.384615384615385	4	38	1
0.206896551724138	4	38	1
0.384615384615385	4	38	1
0.137931034482759	4	38	1
0.15	4	38	1
0.315789473684211	4	38	1
0.101694915254237	4	38	1
0.0952380952380952	4	38	1
0.3	4	38	1
0.473684210526316	4	38	1
0.233333333333333	4	38	1
0.103448275862069	4	38	1
0.508771929824561	4	38	1
0.226415094339623	4	38	1
0.217391304347826	4	38	1
0.171428571428571	4	38	1
0.179487179487179	4	38	1
0.138888888888889	4	38	1
0.461538461538462	4	38	1
0.173076923076923	4	38	1
0.15	4	38	1
0.170731707317073	4	38	1
0.242424242424242	4	38	1
0.157894736842105	4	38	1
0.357142857142857	4	38	1
0.2	4	38	1
0.125	4	38	1
0.242424242424242	4	38	1
0.166666666666667	4	38	1
0.137931034482759	4	38	1
0.115384615384615	4	38	1
0.0882352941176471	4	38	1
0.181818181818182	4	38	1
0.179487179487179	4	38	1
0.130434782608696	4	38	1
0.303030303030303	4	38	1
0.388888888888889	4	38	1
0.444444444444444	4	38	1
0.166666666666667	4	38	1
0.291666666666667	4	38	1
0.590909090909091	4	38	1
0.136363636363636	4	38	1
0.0892857142857143	4	38	1
0.357142857142857	4	38	1
0.608695652173913	4	38	1
0.3	4	38	1
0.191489361702128	4	38	1
0.235294117647059	4	38	1
0.206896551724138	4	38	1
0.2	4	38	1
0.375	4	38	1
0.136363636363636	4	38	1
0.5	4	38	1
0.12	4	38	1
0.101694915254237	4	38	1
0.155555555555556	4	38	1
0.161764705882353	4	38	1
0.163265306122449	4	38	1
0.2	4	38	1
0.13953488372093	4	38	1
0.119047619047619	4	38	1
0.153846153846154	4	38	1
0.146341463414634	4	38	1
0.188679245283019	4	38	1
0.352941176470588	4	38	1
