VAF	CN	avg.depth	purity
0.722222222222222	1	14	0.84
0.75	1	14	0.84
0.55	1	14	0.84
0.666666666666667	1	14	0.84
0.692307692307692	2	35	0.84
0.434782608695652	2	35	0.84
0.375	2	35	0.84
0.534883720930233	2	35	0.84
0.217391304347826	2	35	0.84
0.392156862745098	2	35	0.84
0.4	2	35	0.84
0.185185185185185	2	35	0.84
0.5	2	35	0.84
0.351351351351351	2	35	0.84
0.484848484848485	2	35	0.84
0.277777777777778	2	35	0.84
0.625	2	35	0.84
0.428571428571429	2	35	0.84
0.5	2	35	0.84
0.444444444444444	2	35	0.84
0.4	2	35	0.84
0.285714285714286	2	35	0.84
0.382352941176471	2	35	0.84
0.5	2	35	0.84
0.525	2	35	0.84
0.666666666666667	2	35	0.84
0.4	2	35	0.84
0.435897435897436	2	35	0.84
0.333333333333333	2	35	0.84
0.465116279069767	2	35	0.84
0.230769230769231	2	35	0.84
0.5	2	35	0.84
0.192307692307692	2	35	0.84
0.363636363636364	2	35	0.84
0.104166666666667	2	35	0.84
0.529411764705882	2	35	0.84
0.115384615384615	2	35	0.84
0.4	2	35	0.84
0.333333333333333	2	35	0.84
0.352941176470588	2	35	0.84
0.272727272727273	2	35	0.84
0.583333333333333	2	35	0.84
0.394736842105263	2	35	0.84
0.3	2	35	0.84
0.241379310344828	2	35	0.84
0.333333333333333	2	35	0.84
0.592592592592593	2	35	0.84
0.291666666666667	2	35	0.84
0.428571428571429	2	35	0.84
0.586206896551724	2	35	0.84
0.204081632653061	2	35	0.84
0.0980392156862745	2	35	0.84
0.193548387096774	2	35	0.84
0.543859649122807	2	35	0.84
0.115384615384615	2	35	0.84
0.625	2	35	0.84
0.25	2	35	0.84
0.407407407407407	2	35	0.84
0.452380952380952	2	35	0.84
0.533333333333333	2	35	0.84
0.472222222222222	2	35	0.84
0.136363636363636	2	35	0.84
0.4	2	35	0.84
0.204545454545455	2	35	0.84
0.5	2	35	0.84
0.5	2	35	0.84
0.365853658536585	2	35	0.84
0.269230769230769	2	35	0.84
0.537037037037037	2	35	0.84
0.3	2	35	0.84
0.305555555555556	2	35	0.84
0.6	2	35	0.84
0.458333333333333	2	35	0.84
0.368421052631579	2	35	0.84
0.469387755102041	2	35	0.84
0.533333333333333	2	35	0.84
0.12	2	35	0.84
0.477272727272727	2	35	0.84
0.2	2	35	0.84
0.352941176470588	2	35	0.84
0.263157894736842	2	35	0.84
0.333333333333333	2	35	0.84
0.291666666666667	2	35	0.84
0.416666666666667	2	35	0.84
0.44	2	35	0.84
0.608695652173913	2	35	0.84
0.289473684210526	2	35	0.84
0.513513513513513	2	35	0.84
0.48936170212766	2	35	0.84
0.464285714285714	2	35	0.84
0.551724137931034	2	35	0.84
0.422222222222222	2	35	0.84
0.304347826086957	2	35	0.84
0.21875	2	35	0.84
0.432432432432432	2	35	0.84
0.318181818181818	2	35	0.84
0.65625	2	35	0.84
0.472222222222222	2	35	0.84
0.636363636363636	2	35	0.84
0.472222222222222	2	35	0.84
0.325581395348837	2	35	0.84
0.205128205128205	2	35	0.84
0.125	2	35	0.84
0.25	2	35	0.84
0.388888888888889	2	35	0.84
0.357142857142857	2	35	0.84
0.5	2	35	0.84
0.457627118644068	2	35	0.84
0.365853658536585	2	35	0.84
0.391304347826087	2	35	0.84
0.375	2	35	0.84
0.318181818181818	2	35	0.84
0.384615384615385	2	35	0.84
0.381818181818182	2	35	0.84
0.314285714285714	2	35	0.84
0.45	2	35	0.84
0.46875	2	35	0.84
0.413793103448276	2	35	0.84
0.261904761904762	2	35	0.84
0.555555555555556	2	35	0.84
0.35	2	35	0.84
0.25	2	35	0.84
0.538461538461538	2	35	0.84
0.454545454545455	2	35	0.84
0.119047619047619	2	35	0.84
0.342857142857143	2	35	0.84
0.416666666666667	2	35	0.84
0.148936170212766	2	35	0.84
0.256410256410256	2	35	0.84
0.4	2	35	0.84
0.526315789473684	2	35	0.84
0.516129032258065	2	35	0.84
0.428571428571429	2	35	0.84
0.214285714285714	2	35	0.84
0.428571428571429	2	35	0.84
0.583333333333333	2	35	0.84
0.519230769230769	2	35	0.84
0.137254901960784	2	35	0.84
0.5	2	35	0.84
0.564102564102564	2	35	0.84
0.342105263157895	2	35	0.84
0.611111111111111	2	35	0.84
0.333333333333333	2	35	0.84
0.304347826086957	2	35	0.84
0.184210526315789	2	35	0.84
0.478260869565217	2	35	0.84
0.292682926829268	2	35	0.84
0.372093023255814	2	35	0.84
0.458333333333333	2	35	0.84
0.46875	2	35	0.84
0.333333333333333	2	35	0.84
0.428571428571429	2	35	0.84
0.177777777777778	2	35	0.84
0.4	2	35	0.84
0.416666666666667	2	35	0.84
0.354166666666667	2	35	0.84
0.354838709677419	2	35	0.84
0.413793103448276	2	35	0.84
0.1875	2	35	0.84
0.171428571428571	2	35	0.84
0.444444444444444	2	35	0.84
0.576923076923077	2	35	0.84
0.456521739130435	2	35	0.84
0.526315789473684	2	35	0.84
0.153846153846154	2	35	0.84
0.24	2	35	0.84
0.181818181818182	2	35	0.84
0.395833333333333	2	35	0.84
0.153846153846154	2	35	0.84
0.307692307692308	2	35	0.84
0.380952380952381	2	35	0.84
0.555555555555556	2	35	0.84
0.396825396825397	2	35	0.84
0.32	2	35	0.84
0.236842105263158	2	35	0.84
0.380952380952381	2	35	0.84
0.375	2	35	0.84
0.45	2	35	0.84
0.452380952380952	2	35	0.84
0.358974358974359	2	35	0.84
0.4	2	35	0.84
0.375	2	35	0.84
0.4	2	35	0.84
0.375	2	35	0.84
0.388888888888889	2	35	0.84
0.56	2	35	0.84
0.230769230769231	2	35	0.84
0.477272727272727	2	35	0.84
0.179487179487179	2	35	0.84
0.285714285714286	2	35	0.84
0.3	2	35	0.84
0.15	2	35	0.84
0.3125	2	35	0.84
0.4375	2	35	0.84
0.5	2	35	0.84
0.625	2	35	0.84
0.194444444444444	2	35	0.84
0.137254901960784	2	35	0.84
0.12962962962963	2	35	0.84
0.435897435897436	2	35	0.84
0.404255319148936	2	35	0.84
0.333333333333333	2	35	0.84
0.173913043478261	2	35	0.84
0.6	2	35	0.84
0.5	2	35	0.84
0.140350877192982	2	35	0.84
0.189655172413793	2	35	0.84
0.418604651162791	2	35	0.84
0.568181818181818	2	35	0.84
0.320754716981132	2	35	0.84
0.461538461538462	2	35	0.84
0.32258064516129	2	35	0.84
0.4	2	35	0.84
0.177777777777778	2	35	0.84
0.447368421052632	2	35	0.84
0.207547169811321	2	35	0.84
0.181818181818182	2	35	0.84
0.171428571428571	2	35	0.84
0.186046511627907	2	35	0.84
0.153846153846154	2	35	0.84
0.230769230769231	2	35	0.84
0.153846153846154	2	35	0.84
0.260869565217391	2	35	0.84
0.228571428571429	2	35	0.84
0.393939393939394	2	35	0.84
0.7	2	35	0.84
0.5	2	35	0.84
0.371428571428571	2	35	0.84
0.491525423728814	2	35	0.84
0.518518518518518	2	35	0.84
0.407407407407407	2	35	0.84
0.444444444444444	2	35	0.84
0.5	2	35	0.84
0.419354838709677	2	35	0.84
0.476190476190476	2	35	0.84
0.418604651162791	2	35	0.84
0.48780487804878	2	35	0.84
0.590909090909091	2	35	0.84
0.65	2	35	0.84
0.5	2	35	0.84
0.48	2	35	0.84
0.631578947368421	2	35	0.84
0.432432432432432	2	35	0.84
0.396551724137931	2	35	0.84
0.411764705882353	2	35	0.84
0.393939393939394	2	35	0.84
0.0819672131147541	2	35	0.84
0.318181818181818	2	35	0.84
0.5	2	35	0.84
0.444444444444444	2	35	0.84
0.444444444444444	2	35	0.84
0.388888888888889	2	35	0.84
0.333333333333333	2	35	0.84
0.333333333333333	2	35	0.84
0.388888888888889	2	35	0.84
0.176470588235294	2	35	0.84
0.545454545454545	2	35	0.84
0.470588235294118	2	35	0.84
0.125	2	35	0.84
0.458333333333333	2	35	0.84
0.214285714285714	2	35	0.84
0.5	2	35	0.84
0.230769230769231	2	35	0.84
0.41025641025641	2	35	0.84
0.482758620689655	2	35	0.84
0.176470588235294	2	35	0.84
0.464285714285714	2	35	0.84
0.272727272727273	2	35	0.84
0.272727272727273	2	35	0.84
0.285714285714286	2	35	0.84
0.285714285714286	2	35	0.84
0.272727272727273	2	35	0.84
0.413793103448276	2	35	0.84
0.433333333333333	2	35	0.84
0.513513513513513	2	35	0.84
0.104166666666667	2	35	0.84
0.521739130434783	2	35	0.84
0.166666666666667	2	35	0.84
0.576923076923077	2	35	0.84
0.43859649122807	2	35	0.84
0.357142857142857	2	35	0.84
0.113207547169811	2	35	0.84
0.7	2	35	0.84
0.5	2	35	0.84
0.179487179487179	2	35	0.84
0.21875	2	35	0.84
0.522727272727273	2	35	0.84
0.636363636363636	2	35	0.84
0.277777777777778	2	35	0.84
0.302325581395349	2	35	0.84
0.424242424242424	2	35	0.84
0.517241379310345	2	35	0.84
0.594594594594595	2	35	0.84
0.45	2	35	0.84
0.358974358974359	2	35	0.84
0.450980392156863	2	35	0.84
0.435897435897436	2	35	0.84
0.333333333333333	2	35	0.84
0.481481481481481	2	35	0.84
0.304347826086957	2	35	0.84
0.291666666666667	2	35	0.84
0.3	2	35	0.84
0.375	2	35	0.84
0.166666666666667	2	35	0.84
0.535714285714286	2	35	0.84
0.424242424242424	2	35	0.84
0.25	2	35	0.84
0.363636363636364	2	35	0.84
0.566666666666667	2	35	0.84
0.285714285714286	2	35	0.84
0.176470588235294	2	35	0.84
0.514285714285714	2	35	0.84
0.290322580645161	2	35	0.84
0.310344827586207	2	35	0.84
0.56	2	35	0.84
0.315789473684211	2	35	0.84
0.369565217391304	2	35	0.84
0.382352941176471	2	35	0.84
0.133333333333333	2	35	0.84
0.219512195121951	2	35	0.84
0.470588235294118	2	35	0.84
0.363636363636364	2	35	0.84
0.461538461538462	2	35	0.84
0.30952380952381	2	35	0.84
0.511627906976744	2	35	0.84
0.341463414634146	2	35	0.84
0.517241379310345	2	35	0.84
0.571428571428571	2	35	0.84
0.393939393939394	2	35	0.84
0.379310344827586	2	35	0.84
0.375	2	35	0.84
0.4	2	35	0.84
0.3	2	35	0.84
0.235294117647059	2	35	0.84
0.371428571428571	2	35	0.84
0.368421052631579	2	35	0.84
0.357142857142857	2	35	0.84
0.363636363636364	2	35	0.84
0.407407407407407	2	35	0.84
0.314285714285714	2	35	0.84
0.146341463414634	2	35	0.84
0.351351351351351	2	35	0.84
0.115384615384615	2	35	0.84
0.241379310344828	2	35	0.84
0.318181818181818	2	35	0.84
0.27027027027027	2	35	0.84
0.384615384615385	2	35	0.84
0.478260869565217	2	35	0.84
0.3125	2	35	0.84
0.13953488372093	2	35	0.84
0.384615384615385	2	35	0.84
0.25	2	35	0.84
0.529411764705882	2	35	0.84
0.238095238095238	2	35	0.84
0.3	2	35	0.84
0.380952380952381	2	35	0.84
0.5	2	35	0.84
0.526315789473684	2	35	0.84
0.285714285714286	2	35	0.84
0.136363636363636	2	35	0.84
0.441176470588235	2	35	0.84
0.216216216216216	2	35	0.84
0.456521739130435	2	35	0.84
0.35	2	35	0.84
0.6	2	35	0.84
0.260869565217391	2	35	0.84
0.303030303030303	2	35	0.84
0.274193548387097	2	35	0.84
0.146341463414634	2	35	0.84
0.162790697674419	2	35	0.84
0.5625	2	35	0.84
0.542857142857143	2	35	0.84
0.483870967741935	2	35	0.84
0.109090909090909	2	35	0.84
0.466666666666667	2	35	0.84
0.490909090909091	2	35	0.84
0.272727272727273	2	35	0.84
0.4	2	35	0.84
0.479166666666667	2	35	0.84
0.102040816326531	2	35	0.84
0.28	2	35	0.84
0.490196078431373	2	35	0.84
0.558139534883721	2	35	0.84
0.357142857142857	2	35	0.84
0.384615384615385	2	35	0.84
0.210526315789474	2	35	0.84
0.348837209302326	2	35	0.84
0.432432432432432	2	35	0.84
0.65	2	35	0.84
0.333333333333333	2	35	0.84
0.444444444444444	2	35	0.84
0.490196078431373	2	35	0.84
0.48936170212766	2	35	0.84
0.415384615384615	2	35	0.84
0.433333333333333	2	35	0.84
0.44	2	35	0.84
0.423076923076923	2	35	0.84
0.442307692307692	2	35	0.84
0.608695652173913	2	35	0.84
0.117647058823529	2	35	0.84
0.4	2	35	0.84
0.193548387096774	2	35	0.84
0.310344827586207	2	35	0.84
0.275	2	35	0.84
0.242424242424242	2	35	0.84
0.457142857142857	2	35	0.84
0.375	2	35	0.84
0.365384615384615	2	35	0.84
0.4375	2	35	0.84
0.428571428571429	2	35	0.84
0.689655172413793	2	35	0.84
0.424242424242424	2	35	0.84
0.477272727272727	2	35	0.84
0.655172413793103	2	35	0.84
0.53125	2	35	0.84
0.348837209302326	2	35	0.84
0.390243902439024	2	35	0.84
0.620689655172414	2	35	0.84
0.565217391304348	2	35	0.84
0.391304347826087	2	35	0.84
0.428571428571429	2	35	0.84
0.5	2	35	0.84
0.272727272727273	2	35	0.84
0.2	2	35	0.84
0.384615384615385	2	35	0.84
0.333333333333333	2	35	0.84
0.571428571428571	2	35	0.84
0.382352941176471	2	35	0.84
0.176470588235294	2	35	0.84
0.390243902439024	2	35	0.84
0.58	2	35	0.84
0.375	2	35	0.84
0.6	2	35	0.84
0.5	2	35	0.84
0.428571428571429	2	35	0.84
0.15	2	35	0.84
0.5	2	35	0.84
0.333333333333333	2	35	0.84
0.448275862068966	2	35	0.84
0.375	2	35	0.84
0.421052631578947	2	35	0.84
0.489795918367347	2	35	0.84
0.433333333333333	2	35	0.84
0.5	2	35	0.84
0.188679245283019	2	35	0.84
0.37037037037037	2	35	0.84
0.46551724137931	2	35	0.84
0.272727272727273	2	35	0.84
0.405405405405405	2	35	0.84
0.678571428571429	2	35	0.84
0.424242424242424	2	35	0.84
0.176470588235294	2	35	0.84
0.583333333333333	2	35	0.84
0.351351351351351	2	35	0.84
0.51219512195122	2	35	0.84
0.418181818181818	2	35	0.84
0.518518518518518	2	35	0.84
0.3	2	35	0.84
0.444444444444444	2	35	0.84
0.40625	2	35	0.84
0.272727272727273	2	35	0.84
0.416666666666667	2	35	0.84
0.363636363636364	2	35	0.84
0.333333333333333	2	35	0.84
0.28	2	35	0.84
0.32258064516129	2	35	0.84
0.260869565217391	2	35	0.84
0.318181818181818	2	35	0.84
0.416666666666667	2	35	0.84
0.5	2	35	0.84
0.6	2	35	0.84
0.234042553191489	2	35	0.84
0.207547169811321	2	35	0.84
0.16	2	35	0.84
0.32258064516129	2	35	0.84
0.361111111111111	2	35	0.84
0.414634146341463	2	35	0.84
0.5	2	35	0.84
0.15625	2	35	0.84
0.298245614035088	2	35	0.84
0.394736842105263	2	35	0.84
0.357142857142857	2	35	0.84
0.2	2	35	0.84
0.307692307692308	2	35	0.84
0.259259259259259	2	35	0.84
0.5	2	35	0.84
0.575	2	35	0.84
0.4	2	35	0.84
0.230769230769231	2	35	0.84
0.549019607843137	2	35	0.84
0.492753623188406	2	35	0.84
0.260869565217391	2	35	0.84
0.260869565217391	2	35	0.84
0.521739130434783	2	35	0.84
0.296296296296296	2	35	0.84
0.458333333333333	2	35	0.84
0.431818181818182	2	35	0.84
0.440677966101695	2	35	0.84
0.458333333333333	2	35	0.84
0.104166666666667	2	35	0.84
0.458333333333333	2	35	0.84
0.352941176470588	2	35	0.84
0.358490566037736	2	35	0.84
0.369565217391304	2	35	0.84
0.324324324324324	2	35	0.84
0.348837209302326	2	35	0.84
0.222222222222222	2	35	0.84
0.342857142857143	2	35	0.84
0.230769230769231	2	35	0.84
0.36	2	35	0.84
0.575	2	35	0.84
0.538461538461538	2	35	0.84
0.121951219512195	2	35	0.84
0.48780487804878	2	35	0.84
0.204081632653061	2	35	0.84
0.145833333333333	2	35	0.84
0.5	2	35	0.84
0.142857142857143	2	35	0.84
0.3125	2	35	0.84
1	2	35	0.84
0.371428571428571	2	35	0.84
0.518518518518518	2	35	0.84
0.395348837209302	2	35	0.84
0.434782608695652	2	35	0.84
0.391304347826087	2	35	0.84
0.4375	2	35	0.84
0.175	2	35	0.84
0.2	2	35	0.84
0.136363636363636	2	35	0.84
0.489795918367347	2	35	0.84
0.414634146341463	2	35	0.84
0.48	2	35	0.84
0.533333333333333	2	35	0.84
0.254901960784314	2	35	0.84
0.315789473684211	2	35	0.84
0.170212765957447	2	35	0.84
0.170212765957447	2	35	0.84
0.145833333333333	2	35	0.84
0.16	2	35	0.84
0.113207547169811	2	35	0.84
0.363636363636364	2	35	0.84
0.205128205128205	2	35	0.84
0.148936170212766	2	35	0.84
0.307692307692308	2	35	0.84
0.25	2	35	0.84
0.355555555555556	2	35	0.84
0.254545454545455	2	35	0.84
0.415384615384615	2	35	0.84
0.435897435897436	2	35	0.84
0.571428571428571	2	35	0.84
0.545454545454545	2	35	0.84
0.375	2	35	0.84
0.530612244897959	2	35	0.84
0.346153846153846	2	35	0.84
0.406779661016949	2	35	0.84
0.4	2	35	0.84
0.414634146341463	2	35	0.84
0.48	2	35	0.84
0.352941176470588	2	35	0.84
0.321428571428571	2	35	0.84
0.302325581395349	2	35	0.84
0.43859649122807	2	35	0.84
0.5	2	35	0.84
0.234042553191489	2	35	0.84
0.0847457627118644	2	35	0.84
0.423076923076923	2	35	0.84
0.15	2	35	0.84
0.542857142857143	2	35	0.84
0.48	2	35	0.84
0.1875	2	35	0.84
0.32	2	35	0.84
0.105263157894737	2	35	0.84
0.105263157894737	2	35	0.84
0.591549295774648	3	50	0.84
0.133333333333333	3	50	0.84
0.695652173913043	3	50	0.84
0.171428571428571	3	50	0.84
0.647058823529412	3	50	0.84
0.181818181818182	3	50	0.84
0.625	3	50	0.84
0.692307692307692	3	50	0.84
0.571428571428571	3	50	0.84
0.4	3	50	0.84
0.175	3	50	0.84
0.666666666666667	3	50	0.84
0.58974358974359	3	50	0.84
0.655737704918033	3	50	0.84
0.2	3	50	0.84
0.55	3	50	0.84
0.580645161290323	3	50	0.84
0.328571428571429	3	50	0.84
0.52112676056338	3	50	0.84
0.234375	3	50	0.84
0.30952380952381	3	50	0.84
