VAF	CN	avg.depth	purity
0.3	1	21	0.87
0.714285714285714	1	21	0.87
0.85	1	21	0.87
0.388888888888889	1	21	0.87
0.782608695652174	1	21	0.87
0.3125	1	21	0.87
0.8	1	21	0.87
0.6875	1	21	0.87
0.846153846153846	1	21	0.87
0.703703703703704	1	21	0.87
0.6	1	21	0.87
0.454545454545455	1	21	0.87
0.64	1	21	0.87
0.75	1	21	0.87
0.214285714285714	1	21	0.87
0.904761904761905	1	21	0.87
0.428571428571429	1	21	0.87
0.666666666666667	1	21	0.87
0.730769230769231	1	21	0.87
0.612903225806452	1	21	0.87
0.666666666666667	1	21	0.87
0.785714285714286	1	21	0.87
0.684210526315789	1	21	0.87
0.619047619047619	1	21	0.87
0.695652173913043	1	21	0.87
0.772727272727273	1	21	0.87
0.608695652173913	1	21	0.87
0.388888888888889	1	21	0.87
0.85	1	21	0.87
0.8	1	21	0.87
1	2	38	0.87
0.371428571428571	2	38	0.87
0.653846153846154	2	38	0.87
0.35	2	38	0.87
0.0776699029126214	2	38	0.87
0.379310344827586	2	38	0.87
0.170731707317073	2	38	0.87
0.166666666666667	2	38	0.87
0.166666666666667	2	38	0.87
0.388888888888889	2	38	0.87
0.294117647058824	2	38	0.87
0.30952380952381	2	38	0.87
0.326086956521739	2	38	0.87
0.206896551724138	2	38	0.87
0.425925925925926	2	38	0.87
0.302325581395349	2	38	0.87
0.314285714285714	2	38	0.87
0.434782608695652	2	38	0.87
0.395348837209302	2	38	0.87
0.380952380952381	2	38	0.87
0.289473684210526	2	38	0.87
0.446808510638298	2	38	0.87
0.375	2	38	0.87
0.321428571428571	2	38	0.87
0.378378378378378	2	38	0.87
0.451612903225806	2	38	0.87
0.19047619047619	2	38	0.87
0.459459459459459	2	38	0.87
0.40625	2	38	0.87
0.395348837209302	2	38	0.87
0.404255319148936	2	38	0.87
0.409090909090909	2	38	0.87
0.342105263157895	2	38	0.87
0.475	2	38	0.87
0.46	2	38	0.87
0.166666666666667	2	38	0.87
0.395348837209302	2	38	0.87
0.157894736842105	2	38	0.87
0.275	2	38	0.87
0.358974358974359	2	38	0.87
0.425531914893617	2	38	0.87
0.375	2	38	0.87
0.372549019607843	2	38	0.87
0.40625	2	38	0.87
0.54	2	38	0.87
0.80952380952381	2	38	0.87
0.428571428571429	2	38	0.87
0.425	2	38	0.87
0.433333333333333	2	38	0.87
0.472222222222222	2	38	0.87
0.162162162162162	2	38	0.87
0.162162162162162	2	38	0.87
0.206896551724138	2	38	0.87
0.380952380952381	2	38	0.87
0.416666666666667	2	38	0.87
0.470588235294118	2	38	0.87
0.3	2	38	0.87
0.365853658536585	2	38	0.87
0.5	2	38	0.87
0.380952380952381	2	38	0.87
0.266666666666667	2	38	0.87
0.266666666666667	2	38	0.87
0.545454545454545	2	38	0.87
0.475	2	38	0.87
0.5	2	38	0.87
0.304347826086957	2	38	0.87
0.285714285714286	2	38	0.87
0.333333333333333	2	38	0.87
0.551020408163265	2	38	0.87
0.177777777777778	2	38	0.87
0.189189189189189	2	38	0.87
0.428571428571429	2	38	0.87
0.475	2	38	0.87
0.15	2	38	0.87
0.210526315789474	2	38	0.87
0.227272727272727	2	38	0.87
0.472222222222222	2	38	0.87
0.476190476190476	2	38	0.87
0.542857142857143	2	38	0.87
0.418181818181818	2	38	0.87
0.447368421052632	2	38	0.87
0.395833333333333	2	38	0.87
0.545454545454545	2	38	0.87
0.25	2	38	0.87
0.241379310344828	2	38	0.87
0.428571428571429	2	38	0.87
0.340909090909091	2	38	0.87
0.214285714285714	2	38	0.87
0.3125	2	38	0.87
0.307692307692308	2	38	0.87
0.552631578947368	2	38	0.87
0.476190476190476	2	38	0.87
0.127659574468085	2	38	0.87
0.297872340425532	2	38	0.87
0.459459459459459	2	38	0.87
0.30952380952381	2	38	0.87
0.326086956521739	2	38	0.87
0.41025641025641	2	38	0.87
0.324324324324324	2	38	0.87
0.369565217391304	2	38	0.87
0.466666666666667	2	38	0.87
0.384615384615385	2	38	0.87
0.530612244897959	2	38	0.87
0.369565217391304	2	38	0.87
0.295454545454545	2	38	0.87
0.441860465116279	2	38	0.87
0.405405405405405	2	38	0.87
0.424242424242424	2	38	0.87
0.125	2	38	0.87
0.222222222222222	2	38	0.87
0.444444444444444	2	38	0.87
0.188679245283019	2	38	0.87
0.333333333333333	2	38	0.87
0.357142857142857	2	38	0.87
0.361702127659574	2	38	0.87
0.418604651162791	2	38	0.87
0.4	2	38	0.87
0.5	2	38	0.87
0.386363636363636	2	38	0.87
0.470588235294118	2	38	0.87
0.230769230769231	2	38	0.87
0.351351351351351	2	38	0.87
0.444444444444444	2	38	0.87
0.448275862068966	2	38	0.87
0.514285714285714	2	38	0.87
0.421052631578947	2	38	0.87
0.152173913043478	2	38	0.87
0.333333333333333	2	38	0.87
0.310344827586207	2	38	0.87
0.45	2	38	0.87
0.465116279069767	2	38	0.87
0.363636363636364	2	38	0.87
0.142857142857143	2	38	0.87
0.435897435897436	2	38	0.87
0.0909090909090909	2	38	0.87
0.454545454545455	2	38	0.87
0.472222222222222	2	38	0.87
0.473684210526316	2	38	0.87
0.219512195121951	2	38	0.87
0.289473684210526	2	38	0.87
0.142857142857143	2	38	0.87
0.441176470588235	2	38	0.87
0.372549019607843	2	38	0.87
0.272727272727273	2	38	0.87
0.157894736842105	2	38	0.87
0.380952380952381	2	38	0.87
0.444444444444444	2	38	0.87
0.127659574468085	2	38	0.87
0.425531914893617	2	38	0.87
0.282608695652174	2	38	0.87
0.358974358974359	2	38	0.87
0.12	2	38	0.87
0.181818181818182	2	38	0.87
0.339285714285714	2	38	0.87
0.444444444444444	2	38	0.87
0.509803921568627	2	38	0.87
0.391304347826087	2	38	0.87
0.344827586206897	2	38	0.87
0.346938775510204	2	38	0.87
0.297297297297297	2	38	0.87
0.384615384615385	2	38	0.87
0.290322580645161	2	38	0.87
0.431372549019608	2	38	0.87
0.444444444444444	2	38	0.87
0.388888888888889	2	38	0.87
0.368421052631579	2	38	0.87
0.5	2	38	0.87
0.48780487804878	2	38	0.87
0.384615384615385	2	38	0.87
0.184210526315789	2	38	0.87
0.342857142857143	2	38	0.87
0.411764705882353	2	38	0.87
0.414634146341463	2	38	0.87
0.4	2	38	0.87
0.8	2	38	0.87
0.733333333333333	2	38	0.87
0.46551724137931	2	38	0.87
0.333333333333333	2	38	0.87
0.235294117647059	2	38	0.87
0.333333333333333	2	38	0.87
0.43859649122807	2	38	0.87
0.641025641025641	2	38	0.87
0.454545454545455	2	38	0.87
0.478260869565217	2	38	0.87
0.446808510638298	2	38	0.87
0.384615384615385	2	38	0.87
0.1	2	38	0.87
0.196078431372549	2	38	0.87
0.46875	2	38	0.87
0.394736842105263	2	38	0.87
0.456521739130435	2	38	0.87
0.916666666666667	2	38	0.87
0.428571428571429	2	38	0.87
0.355555555555556	2	38	0.87
0.320754716981132	2	38	0.87
0.466666666666667	2	38	0.87
0.485714285714286	2	38	0.87
0.35	2	38	0.87
0.135135135135135	2	38	0.87
0.409090909090909	2	38	0.87
0.44	2	38	0.87
0.325581395348837	2	38	0.87
0.384615384615385	2	38	0.87
0.448275862068966	2	38	0.87
0.431818181818182	2	38	0.87
0.285714285714286	2	38	0.87
0.530612244897959	2	38	0.87
0.357142857142857	2	38	0.87
0.255813953488372	2	38	0.87
0.416666666666667	2	38	0.87
0.48780487804878	2	38	0.87
0.156862745098039	2	38	0.87
0.558823529411765	2	38	0.87
0.428571428571429	2	38	0.87
0.392156862745098	2	38	0.87
0.352941176470588	2	38	0.87
0.361702127659574	2	38	0.87
0.340425531914894	2	38	0.87
0.46875	2	38	0.87
0.448979591836735	2	38	0.87
0.478260869565217	2	38	0.87
0.392156862745098	2	38	0.87
0.342105263157895	2	38	0.87
0.51219512195122	2	38	0.87
0.444444444444444	2	38	0.87
0.303030303030303	2	38	0.87
0.352941176470588	2	38	0.87
0.475	2	38	0.87
0.407407407407407	2	38	0.87
0.342857142857143	2	38	0.87
0.525	2	38	0.87
0.269230769230769	2	38	0.87
0.181818181818182	2	38	0.87
0.348837209302326	2	38	0.87
0.441176470588235	2	38	0.87
0.310344827586207	2	38	0.87
0.214285714285714	2	38	0.87
0.365384615384615	2	38	0.87
0.297297297297297	2	38	0.87
0.348837209302326	2	38	0.87
0.425	2	38	0.87
0.411764705882353	2	38	0.87
0.222222222222222	2	38	0.87
0.441176470588235	2	38	0.87
0.30952380952381	2	38	0.87
0.235294117647059	2	38	0.87
0.333333333333333	2	38	0.87
0.404761904761905	2	38	0.87
0.55	2	38	0.87
0.476190476190476	2	38	0.87
0.521739130434783	2	38	0.87
0.318181818181818	2	38	0.87
0.268292682926829	2	38	0.87
0.441176470588235	2	38	0.87
0.1875	2	38	0.87
0.511111111111111	2	38	0.87
0.416666666666667	2	38	0.87
0.470588235294118	2	38	0.87
0.36734693877551	2	38	0.87
0.2	2	38	0.87
0.227272727272727	2	38	0.87
0.183673469387755	2	38	0.87
0.51219512195122	2	38	0.87
0.413793103448276	2	38	0.87
0.36734693877551	2	38	0.87
0.357142857142857	2	38	0.87
0.422222222222222	2	38	0.87
0.490196078431373	2	38	0.87
0.306122448979592	2	38	0.87
0.222222222222222	2	38	0.87
0.333333333333333	2	38	0.87
0.19047619047619	2	38	0.87
0.456521739130435	2	38	0.87
0.347826086956522	2	38	0.87
0.305084745762712	2	38	0.87
0.236842105263158	2	38	0.87
0.177777777777778	2	38	0.87
0.434782608695652	2	38	0.87
0.358974358974359	2	38	0.87
0.407407407407407	2	38	0.87
0.407407407407407	2	38	0.87
0.136363636363636	2	38	0.87
0.375	2	38	0.87
0.9	2	38	0.87
0.380952380952381	2	38	0.87
0.361111111111111	2	38	0.87
0.393939393939394	2	38	0.87
0.390243902439024	2	38	0.87
0.204545454545455	2	38	0.87
0.5	2	38	0.87
0.222222222222222	2	38	0.87
0.538461538461538	2	38	0.87
0.32	2	38	0.87
0.461538461538462	2	38	0.87
0.428571428571429	2	38	0.87
0.15	2	38	0.87
0.560975609756098	2	38	0.87
0.346938775510204	2	38	0.87
0.517241379310345	2	38	0.87
0.369565217391304	2	38	0.87
0.418604651162791	2	38	0.87
0.378378378378378	2	38	0.87
0.162790697674419	2	38	0.87
0.392857142857143	2	38	0.87
0.465116279069767	2	38	0.87
0.448275862068966	2	38	0.87
0.192307692307692	2	38	0.87
0.428571428571429	2	38	0.87
0.425531914893617	2	38	0.87
0.36	2	38	0.87
0.136363636363636	2	38	0.87
0.358490566037736	2	38	0.87
0.418604651162791	2	38	0.87
0.181818181818182	2	38	0.87
0.363636363636364	2	38	0.87
0.365384615384615	2	38	0.87
0.341463414634146	2	38	0.87
0.407407407407407	2	38	0.87
0.461538461538462	2	38	0.87
0.2	2	38	0.87
0.148936170212766	2	38	0.87
0.233333333333333	2	38	0.87
0.4	2	38	0.87
0.454545454545455	2	38	0.87
0.636363636363636	2	38	0.87
0.357142857142857	2	38	0.87
0.428571428571429	2	38	0.87
0.431818181818182	2	38	0.87
0.4	2	38	0.87
0.5625	2	38	0.87
0.51063829787234	2	38	0.87
0.256410256410256	2	38	0.87
0.46	2	38	0.87
0.214285714285714	2	38	0.87
0.115384615384615	2	38	0.87
0.333333333333333	2	38	0.87
0.342857142857143	2	38	0.87
0.382978723404255	2	38	0.87
0.342105263157895	2	38	0.87
0.25	2	38	0.87
0.375	2	38	0.87
0.351351351351351	2	38	0.87
0.183673469387755	2	38	0.87
0.476190476190476	2	38	0.87
0.384615384615385	2	38	0.87
0.375	2	38	0.87
0.454545454545455	2	38	0.87
0.486486486486487	2	38	0.87
0.392857142857143	2	38	0.87
0.369565217391304	2	38	0.87
0.222222222222222	2	38	0.87
0.485714285714286	2	38	0.87
0.354166666666667	2	38	0.87
0.261904761904762	2	38	0.87
0.214285714285714	2	38	0.87
0.361111111111111	2	38	0.87
0.425	2	38	0.87
0.446808510638298	2	38	0.87
0.578947368421053	2	38	0.87
0.490196078431373	2	38	0.87
0.3	2	38	0.87
0.184210526315789	2	38	0.87
0.5	2	38	0.87
0.1	2	38	0.87
0.461538461538462	2	38	0.87
0.192307692307692	2	38	0.87
0.411764705882353	2	38	0.87
0.375	2	38	0.87
0.176470588235294	2	38	0.87
0.176470588235294	2	38	0.87
0.388888888888889	2	38	0.87
0.233333333333333	2	38	0.87
0.125	2	38	0.87
0.285714285714286	2	38	0.87
0.210526315789474	2	38	0.87
0.365853658536585	2	38	0.87
0.454545454545455	2	38	0.87
0.393939393939394	2	38	0.87
0.523809523809524	2	38	0.87
0.470588235294118	2	38	0.87
0.333333333333333	2	38	0.87
0.488372093023256	2	38	0.87
0.166666666666667	2	38	0.87
0.382978723404255	2	38	0.87
0.5	2	38	0.87
0.3	2	38	0.87
0.483870967741935	2	38	0.87
0.111111111111111	2	38	0.87
0.45	2	38	0.87
0.181818181818182	2	38	0.87
0.153846153846154	2	38	0.87
0.159090909090909	2	38	0.87
0.433333333333333	2	38	0.87
0.25	2	38	0.87
0.372093023255814	2	38	0.87
0.384615384615385	2	38	0.87
0.146341463414634	2	38	0.87
0.407407407407407	2	38	0.87
0.212121212121212	2	38	0.87
0.321428571428571	2	38	0.87
0.297872340425532	2	38	0.87
0.101694915254237	2	38	0.87
0.304347826086957	2	38	0.87
0.45	2	38	0.87
0.488888888888889	2	38	0.87
0.194444444444444	2	38	0.87
0.4	2	38	0.87
0.181818181818182	2	38	0.87
0.333333333333333	2	38	0.87
0.527777777777778	2	38	0.87
0.352941176470588	2	38	0.87
0.326086956521739	2	38	0.87
0.272727272727273	2	38	0.87
0.5	2	38	0.87
0.384615384615385	2	38	0.87
0.594594594594595	2	38	0.87
0.533333333333333	2	38	0.87
0.2	2	38	0.87
0.387096774193548	2	38	0.87
0.475	2	38	0.87
0.391304347826087	2	38	0.87
0.5	2	38	0.87
0.176470588235294	2	38	0.87
0.405405405405405	2	38	0.87
0.347826086956522	2	38	0.87
0.461538461538462	2	38	0.87
0.511627906976744	2	38	0.87
0.134615384615385	2	38	0.87
0.41304347826087	2	38	0.87
0.416666666666667	2	38	0.87
0.431818181818182	2	38	0.87
0.439024390243902	2	38	0.87
0.326530612244898	2	38	0.87
0.192307692307692	2	38	0.87
0.369565217391304	2	38	0.87
0.152173913043478	2	38	0.87
0.354838709677419	2	38	0.87
0.448275862068966	2	38	0.87
0.384615384615385	2	38	0.87
0.476190476190476	2	38	0.87
0.439024390243902	2	38	0.87
0.485714285714286	2	38	0.87
0.379310344827586	2	38	0.87
0.162162162162162	2	38	0.87
0.404255319148936	2	38	0.87
0.3	2	38	0.87
0.478260869565217	2	38	0.87
0.142857142857143	2	38	0.87
0.538461538461538	2	38	0.87
0.162162162162162	2	38	0.87
0.216216216216216	2	38	0.87
0.179487179487179	2	38	0.87
0.175	2	38	0.87
0.162162162162162	2	38	0.87
0.478260869565217	2	38	0.87
0.189189189189189	2	38	0.87
0.442307692307692	2	38	0.87
0.205882352941176	2	38	0.87
0.325581395348837	2	38	0.87
0.486486486486487	2	38	0.87
0.4	2	38	0.87
0.428571428571429	2	38	0.87
0.382978723404255	2	38	0.87
0.25	2	38	0.87
0.366666666666667	2	38	0.87
0.181818181818182	2	38	0.87
0.318181818181818	2	38	0.87
0.441860465116279	2	38	0.87
0.166666666666667	2	38	0.87
0.8125	2	38	0.87
0.441860465116279	2	38	0.87
0.375	2	38	0.87
0.25	2	38	0.87
0.5	2	38	0.87
0.393939393939394	2	38	0.87
0.282051282051282	2	38	0.87
0.102040816326531	2	38	0.87
0.461538461538462	2	38	0.87
0.5	2	38	0.87
0.384615384615385	2	38	0.87
0.463414634146341	2	38	0.87
0.108695652173913	2	38	0.87
0.484848484848485	2	38	0.87
0.523809523809524	2	38	0.87
0.633333333333333	2	38	0.87
0.285714285714286	2	38	0.87
0.391304347826087	2	38	0.87
0.476190476190476	2	38	0.87
0.48780487804878	2	38	0.87
0.45	2	38	0.87
0.485714285714286	2	38	0.87
0.162162162162162	2	38	0.87
0.375	2	38	0.87
0.375	2	38	0.87
0.16	2	38	0.87
0.333333333333333	2	38	0.87
0.444444444444444	2	38	0.87
0.390243902439024	2	38	0.87
0.454545454545455	2	38	0.87
0.307692307692308	2	38	0.87
0.571428571428571	2	38	0.87
0.307692307692308	2	38	0.87
0.538461538461538	2	38	0.87
0.117647058823529	2	38	0.87
0.461538461538462	2	38	0.87
0.517241379310345	2	38	0.87
0.486486486486487	2	38	0.87
0.395348837209302	2	38	0.87
0.225806451612903	2	38	0.87
0.297297297297297	2	38	0.87
0.130434782608696	2	38	0.87
0.288888888888889	2	38	0.87
0.366666666666667	2	38	0.87
0.461538461538462	2	38	0.87
0.290322580645161	2	38	0.87
0.46875	2	38	0.87
0.15	2	38	0.87
0.368421052631579	2	38	0.87
0.206896551724138	2	38	0.87
0.3	2	38	0.87
0.272727272727273	2	38	0.87
0.161290322580645	2	38	0.87
0.387096774193548	2	38	0.87
0.540540540540541	2	38	0.87
0.153846153846154	2	38	0.87
0.378378378378378	2	38	0.87
0.391304347826087	2	38	0.87
0.5625	2	38	0.87
0.361111111111111	2	38	0.87
0.418604651162791	2	38	0.87
0.194444444444444	2	38	0.87
0.315789473684211	2	38	0.87
0.285714285714286	2	38	0.87
0.294117647058824	2	38	0.87
0.381818181818182	2	38	0.87
0.514285714285714	2	38	0.87
0.434782608695652	2	38	0.87
0.441860465116279	2	38	0.87
0.541666666666667	2	38	0.87
0.466666666666667	2	38	0.87
0.108108108108108	2	38	0.87
0.483870967741935	2	38	0.87
0.14	2	38	0.87
0.555555555555556	2	38	0.87
0.315789473684211	2	38	0.87
0.282051282051282	2	38	0.87
0.214285714285714	2	38	0.87
0.310344827586207	2	38	0.87
0.230769230769231	2	38	0.87
0.428571428571429	2	38	0.87
0.333333333333333	2	38	0.87
0.483870967741935	2	38	0.87
0.40625	2	38	0.87
0.454545454545455	2	38	0.87
0.461538461538462	2	38	0.87
0.272727272727273	2	38	0.87
0.4	2	38	0.87
0.340909090909091	2	38	0.87
0.325581395348837	2	38	0.87
0.394736842105263	2	38	0.87
0.368421052631579	2	38	0.87
0.379310344827586	2	38	0.87
0.363636363636364	2	38	0.87
0.375	2	38	0.87
0.382978723404255	2	38	0.87
0.625	2	38	0.87
0.340425531914894	2	38	0.87
0.375	2	38	0.87
0.315789473684211	2	38	0.87
0.131147540983607	2	38	0.87
0.1875	2	38	0.87
0.113207547169811	2	38	0.87
0.105263157894737	2	38	0.87
0.107142857142857	2	38	0.87
0.15	2	38	0.87
0.419354838709677	2	38	0.87
0.448275862068966	2	38	0.87
0.529411764705882	2	38	0.87
0.7	2	38	0.87
0.428571428571429	2	38	0.87
0.131578947368421	2	38	0.87
0.418604651162791	2	38	0.87
0.206896551724138	2	38	0.87
0.41304347826087	2	38	0.87
0.3125	2	38	0.87
0.5	2	38	0.87
0.4	2	38	0.87
0.166666666666667	2	38	0.87
0.545454545454545	2	38	0.87
0.478260869565217	2	38	0.87
0.525	2	38	0.87
0.378378378378378	2	38	0.87
0.36734693877551	2	38	0.87
0.444444444444444	2	38	0.87
0.428571428571429	2	38	0.87
0.454545454545455	2	38	0.87
0.173913043478261	2	38	0.87
0.290322580645161	2	38	0.87
0.181818181818182	2	38	0.87
0.436363636363636	2	38	0.87
0.558823529411765	2	38	0.87
0.333333333333333	2	38	0.87
0.55	2	38	0.87
0.365384615384615	2	38	0.87
0.395348837209302	2	38	0.87
0.4	2	38	0.87
0.4	2	38	0.87
0.25	2	38	0.87
0.344827586206897	2	38	0.87
0.310344827586207	2	38	0.87
0.157894736842105	2	38	0.87
0.291666666666667	2	38	0.87
0.290322580645161	2	38	0.87
0.186046511627907	2	38	0.87
