VAF	CN	avg.depth	purity
0.1875	1	19	0.92
0.130434782608696	1	19	0.92
0.2	1	19	0.92
0.176470588235294	1	19	0.92
0.2	1	19	0.92
0.2	1	19	0.92
0.375	1	19	0.92
0.153846153846154	1	19	0.92
0.1875	1	19	0.92
0.1875	1	19	0.92
0.130434782608696	1	19	0.92
0.130434782608696	1	19	0.92
0.130434782608696	1	19	0.92
0.904761904761905	1	19	0.92
0.722222222222222	1	19	0.92
0.821428571428571	1	19	0.92
0.107142857142857	1	19	0.92
0.235294117647059	1	19	0.92
0.12	1	19	0.92
0.1	1	19	0.92
0.12	1	19	0.92
0.857142857142857	1	19	0.92
0.12	1	19	0.92
0.111111111111111	1	19	0.92
0.176470588235294	1	19	0.92
0.807692307692308	1	19	0.92
0.5	1	19	0.92
0.5	1	19	0.92
0.5	1	19	0.92
0.461538461538462	1	19	0.92
0.882352941176471	1	19	0.92
0.272727272727273	1	19	0.92
0.157894736842105	1	19	0.92
0.733333333333333	1	19	0.92
0.142857142857143	1	19	0.92
0.166666666666667	1	19	0.92
0.904761904761905	1	19	0.92
0.25	1	19	0.92
0.1875	1	19	0.92
0.75	1	19	0.92
0.285714285714286	1	19	0.92
0.607142857142857	2	38	0.92
0.257142857142857	2	38	0.92
0.176470588235294	2	38	0.92
0.452380952380952	2	38	0.92
0.355555555555556	2	38	0.92
0.3	2	38	0.92
0.487179487179487	2	38	0.92
0.444444444444444	2	38	0.92
0.409090909090909	2	38	0.92
0.431818181818182	2	38	0.92
0.333333333333333	2	38	0.92
0.520833333333333	2	38	0.92
0.5	2	38	0.92
0.392857142857143	2	38	0.92
0.4	2	38	0.92
0.5	2	38	0.92
0.5	2	38	0.92
0.25	2	38	0.92
0.341463414634146	2	38	0.92
0.416666666666667	2	38	0.92
0.421052631578947	2	38	0.92
0.5	2	38	0.92
0.5	2	38	0.92
0.342857142857143	2	38	0.92
0.320754716981132	2	38	0.92
0.454545454545455	2	38	0.92
0.156862745098039	2	38	0.92
0.169811320754717	2	38	0.92
0.347826086956522	2	38	0.92
0.424242424242424	2	38	0.92
0.535714285714286	2	38	0.92
0.103448275862069	2	38	0.92
0.41025641025641	2	38	0.92
0.433333333333333	2	38	0.92
0.375	2	38	0.92
0.385964912280702	2	38	0.92
0.238095238095238	2	38	0.92
0.4	2	38	0.92
0.425531914893617	2	38	0.92
0.260869565217391	2	38	0.92
0.714285714285714	2	38	0.92
0.340909090909091	2	38	0.92
0.369565217391304	2	38	0.92
0.36734693877551	2	38	0.92
0.210526315789474	2	38	0.92
0.565217391304348	2	38	0.92
0.6	2	38	0.92
0.574468085106383	2	38	0.92
0.372549019607843	2	38	0.92
0.348837209302326	2	38	0.92
0.404761904761905	2	38	0.92
0.558823529411765	2	38	0.92
0.571428571428571	2	38	0.92
0.0857142857142857	2	38	0.92
0.5	2	38	0.92
0.463414634146341	2	38	0.92
0.0975609756097561	2	38	0.92
0.340909090909091	2	38	0.92
0.485714285714286	2	38	0.92
0.378378378378378	2	38	0.92
0.375	2	38	0.92
0.466666666666667	2	38	0.92
0.41304347826087	2	38	0.92
0.511627906976744	2	38	0.92
0.414634146341463	2	38	0.92
0.304347826086957	2	38	0.92
0.421052631578947	2	38	0.92
0.529411764705882	2	38	0.92
0.45	2	38	0.92
0.404255319148936	2	38	0.92
0.4	2	38	0.92
0.428571428571429	2	38	0.92
0.363636363636364	2	38	0.92
0.53125	2	38	0.92
0.375	2	38	0.92
0.393939393939394	2	38	0.92
0.5	2	38	0.92
0.475	2	38	0.92
0.523809523809524	2	38	0.92
0.162162162162162	2	38	0.92
0.428571428571429	2	38	0.92
0.205882352941176	2	38	0.92
0.260869565217391	2	38	0.92
0.48	2	38	0.92
0.34375	2	38	0.92
0.108695652173913	2	38	0.92
0.411764705882353	2	38	0.92
0.257142857142857	2	38	0.92
0.509803921568627	2	38	0.92
0.51219512195122	2	38	0.92
0.477272727272727	2	38	0.92
0.305555555555556	2	38	0.92
0.535714285714286	2	38	0.92
0.528301886792453	2	38	0.92
0.4	2	38	0.92
0.333333333333333	2	38	0.92
0.464285714285714	2	38	0.92
0.305555555555556	2	38	0.92
0.414634146341463	2	38	0.92
0.428571428571429	2	38	0.92
0.2	2	38	0.92
0.361111111111111	2	38	0.92
0.351851851851852	2	38	0.92
0.511111111111111	2	38	0.92
0.305555555555556	2	38	0.92
0.473684210526316	2	38	0.92
0.382352941176471	2	38	0.92
0.13953488372093	2	38	0.92
0.46	2	38	0.92
0.193548387096774	2	38	0.92
0.263157894736842	2	38	0.92
0.4375	2	38	0.92
0.465116279069767	2	38	0.92
0.416666666666667	2	38	0.92
0.109090909090909	2	38	0.92
0.4375	2	38	0.92
0.166666666666667	2	38	0.92
0.473684210526316	2	38	0.92
0.386363636363636	2	38	0.92
0.435897435897436	2	38	0.92
0.418604651162791	2	38	0.92
0.475	2	38	0.92
0.536585365853659	2	38	0.92
0.317073170731707	2	38	0.92
0.527777777777778	2	38	0.92
0.161290322580645	2	38	0.92
0.432432432432432	2	38	0.92
0.432432432432432	2	38	0.92
0.439024390243902	2	38	0.92
0.416666666666667	2	38	0.92
0.46875	2	38	0.92
0.323529411764706	2	38	0.92
0.486486486486487	2	38	0.92
0.5	2	38	0.92
0.666666666666667	2	38	0.92
0.447368421052632	2	38	0.92
0.391304347826087	2	38	0.92
0.441176470588235	2	38	0.92
0.333333333333333	2	38	0.92
0.534883720930233	2	38	0.92
1	2	38	0.92
0.44	2	38	0.92
0.462962962962963	2	38	0.92
0.439024390243902	2	38	0.92
0.24	2	38	0.92
0.485714285714286	2	38	0.92
0.275	2	38	0.92
0.408163265306122	2	38	0.92
0.342105263157895	2	38	0.92
0.482758620689655	2	38	0.92
0.447368421052632	2	38	0.92
0.361702127659574	2	38	0.92
0.511111111111111	2	38	0.92
0.466666666666667	2	38	0.92
0.307692307692308	2	38	0.92
0.282051282051282	2	38	0.92
0.323529411764706	2	38	0.92
0.307692307692308	2	38	0.92
0.13953488372093	2	38	0.92
0.5	2	38	0.92
0.326086956521739	2	38	0.92
0.368421052631579	2	38	0.92
0.422222222222222	2	38	0.92
0.409090909090909	2	38	0.92
0.357142857142857	2	38	0.92
0.428571428571429	2	38	0.92
0.2	2	38	0.92
0.531914893617021	2	38	0.92
0.5	2	38	0.92
0.411764705882353	2	38	0.92
0.411764705882353	2	38	0.92
0.222222222222222	2	38	0.92
0.27906976744186	2	38	0.92
0.540540540540541	2	38	0.92
0.521739130434783	2	38	0.92
0.394736842105263	2	38	0.92
0.58974358974359	2	38	0.92
0.358974358974359	2	38	0.92
0.315789473684211	2	38	0.92
0.4	2	38	0.92
0.529411764705882	2	38	0.92
0.542857142857143	2	38	0.92
0.451612903225806	2	38	0.92
0.5625	2	38	0.92
0.476190476190476	2	38	0.92
0.5	2	38	0.92
0.0857142857142857	2	38	0.92
0.4375	2	38	0.92
0.159090909090909	2	38	0.92
0.379310344827586	2	38	0.92
0.12	2	38	0.92
0.463414634146341	2	38	0.92
0.432432432432432	2	38	0.92
0.2	2	38	0.92
0.369565217391304	2	38	0.92
0.535714285714286	2	38	0.92
0.478260869565217	2	38	0.92
0.317073170731707	2	38	0.92
0.425	2	38	0.92
0.413793103448276	2	38	0.92
0.366666666666667	2	38	0.92
0.382978723404255	2	38	0.92
0.368421052631579	2	38	0.92
0.382978723404255	2	38	0.92
0.560975609756098	2	38	0.92
0.5	2	38	0.92
0.448979591836735	2	38	0.92
0.470588235294118	2	38	0.92
0.342105263157895	2	38	0.92
0.72	2	38	0.92
0.477272727272727	2	38	0.92
0.5	2	38	0.92
0.466666666666667	2	38	0.92
0.534883720930233	2	38	0.92
0.323529411764706	2	38	0.92
0.511627906976744	2	38	0.92
0.294117647058824	2	38	0.92
0.545454545454545	2	38	0.92
0.558823529411765	2	38	0.92
0.545454545454545	2	38	0.92
0.583333333333333	2	38	0.92
0.442307692307692	2	38	0.92
0.0754716981132075	2	38	0.92
0.468085106382979	2	38	0.92
0.333333333333333	2	38	0.92
0.282051282051282	2	38	0.92
0.392857142857143	2	38	0.92
0.472222222222222	2	38	0.92
0.530612244897959	2	38	0.92
0.567567567567568	2	38	0.92
0.435897435897436	2	38	0.92
0.4375	2	38	0.92
0.128205128205128	2	38	0.92
0.489795918367347	2	38	0.92
0.2	2	38	0.92
0.428571428571429	2	38	0.92
0.15	2	38	0.92
0.193548387096774	2	38	0.92
0.404255319148936	2	38	0.92
0.424242424242424	2	38	0.92
0.612903225806452	2	38	0.92
0.431818181818182	2	38	0.92
0.175	2	38	0.92
0.446428571428571	2	38	0.92
0.421052631578947	2	38	0.92
0.288888888888889	2	38	0.92
0.386363636363636	2	38	0.92
0.162162162162162	2	38	0.92
0.592592592592593	2	38	0.92
0.384615384615385	2	38	0.92
0.346938775510204	2	38	0.92
0.463414634146341	2	38	0.92
0.166666666666667	2	38	0.92
0.194444444444444	2	38	0.92
0.391304347826087	2	38	0.92
0.0697674418604651	2	38	0.92
0.457142857142857	2	38	0.92
0.418604651162791	2	38	0.92
0.512820512820513	2	38	0.92
0.473684210526316	2	38	0.92
0.270833333333333	2	38	0.92
0.142857142857143	2	38	0.92
0.409090909090909	2	38	0.92
0.51219512195122	2	38	0.92
0.520833333333333	2	38	0.92
0.525	2	38	0.92
0.28125	2	38	0.92
0.387096774193548	2	38	0.92
0.128205128205128	2	38	0.92
0.340909090909091	2	38	0.92
0.536585365853659	2	38	0.92
0.444444444444444	2	38	0.92
0.40625	2	38	0.92
0.418604651162791	2	38	0.92
0.458333333333333	2	38	0.92
0.488888888888889	2	38	0.92
0.580645161290323	2	38	0.92
0.5	2	38	0.92
0.454545454545455	2	38	0.92
0.545454545454545	2	38	0.92
0.515151515151515	2	38	0.92
0.387096774193548	2	38	0.92
0.4375	2	38	0.92
0.533333333333333	2	38	0.92
0.161764705882353	2	38	0.92
0.161764705882353	2	38	0.92
0.164179104477612	2	38	0.92
0.12280701754386	2	38	0.92
0.170212765957447	2	38	0.92
0.166666666666667	2	38	0.92
0.209302325581395	2	38	0.92
0.204545454545455	2	38	0.92
0.209302325581395	2	38	0.92
0.111111111111111	2	38	0.92
0.171428571428571	2	38	0.92
0.541666666666667	2	38	0.92
0.418604651162791	2	38	0.92
0.454545454545455	2	38	0.92
0.153846153846154	2	38	0.92
0.414634146341463	2	38	0.92
0.475	2	38	0.92
0.583333333333333	2	38	0.92
0.428571428571429	2	38	0.92
0.515151515151515	2	38	0.92
0.32	2	38	0.92
0.541666666666667	2	38	0.92
0.325581395348837	2	38	0.92
0.35	2	38	0.92
0.477272727272727	2	38	0.92
0.4	2	38	0.92
0.267857142857143	2	38	0.92
0.482758620689655	2	38	0.92
0.0857142857142857	2	38	0.92
0.404255319148936	2	38	0.92
0.625	2	38	0.92
0.435897435897436	2	38	0.92
0.458333333333333	2	38	0.92
0.46	2	38	0.92
0.391304347826087	2	38	0.92
0.44	2	38	0.92
0.441176470588235	2	38	0.92
0.409090909090909	2	38	0.92
0.285714285714286	2	38	0.92
0.384615384615385	2	38	0.92
0.5	2	38	0.92
0.428571428571429	2	38	0.92
0.46875	2	38	0.92
0.388888888888889	2	38	0.92
0.586206896551724	2	38	0.92
0.347826086956522	2	38	0.92
0.268292682926829	2	38	0.92
0.542857142857143	2	38	0.92
0.575	2	38	0.92
0.193548387096774	2	38	0.92
0.1	2	38	0.92
0.341463414634146	2	38	0.92
0.454545454545455	2	38	0.92
0.131578947368421	2	38	0.92
0.357142857142857	2	38	0.92
0.5	2	38	0.92
0.4	2	38	0.92
0.509090909090909	2	38	0.92
0.56	2	38	0.92
0.327586206896552	2	38	0.92
0.416666666666667	2	38	0.92
0.59375	2	38	0.92
0.585365853658537	2	38	0.92
0.375	2	38	0.92
0.511627906976744	2	38	0.92
0.34375	2	38	0.92
0.354838709677419	2	38	0.92
0.18348623853211	2	38	0.92
0.527272727272727	2	38	0.92
0.606060606060606	2	38	0.92
0.243243243243243	2	38	0.92
0.4375	2	38	0.92
0.1	2	38	0.92
0.452830188679245	2	38	0.92
0.340909090909091	2	38	0.92
0.272727272727273	2	38	0.92
0.424242424242424	2	38	0.92
0.0833333333333333	2	38	0.92
0.548387096774194	2	38	0.92
0.146341463414634	2	38	0.92
0.414634146341463	2	38	0.92
0.463414634146341	2	38	0.92
0.487179487179487	2	38	0.92
0.375	2	38	0.92
0.217391304347826	2	38	0.92
0.625	2	38	0.92
0.622222222222222	2	38	0.92
0.372093023255814	2	38	0.92
0.466666666666667	2	38	0.92
0.545454545454545	2	38	0.92
0.193548387096774	2	38	0.92
0.193548387096774	2	38	0.92
0.125	2	38	0.92
0.5	2	38	0.92
0.171428571428571	2	38	0.92
0.533333333333333	2	38	0.92
0.408163265306122	2	38	0.92
0.48780487804878	2	38	0.92
0.161290322580645	2	38	0.92
0.394736842105263	2	38	0.92
0.153846153846154	2	38	0.92
0.476190476190476	2	38	0.92
0.318181818181818	2	38	0.92
0.51219512195122	2	38	0.92
0.416666666666667	2	38	0.92
0.212121212121212	2	38	0.92
0.519230769230769	2	38	0.92
0.5	2	38	0.92
0.5	2	38	0.92
0.51063829787234	2	38	0.92
0.261904761904762	2	38	0.92
0.15	2	38	0.92
0.315789473684211	2	38	0.92
0.452380952380952	2	38	0.92
0.525	2	38	0.92
0.450980392156863	2	38	0.92
0.439024390243902	2	38	0.92
0.490196078431373	2	38	0.92
0.414634146341463	2	38	0.92
0.491228070175439	2	38	0.92
0.351351351351351	2	38	0.92
0.458333333333333	2	38	0.92
0.3	2	38	0.92
0.433333333333333	2	38	0.92
0.428571428571429	2	38	0.92
0.166666666666667	2	38	0.92
0.294117647058824	2	38	0.92
0.4	2	38	0.92
0.365853658536585	2	38	0.92
0.4	2	38	0.92
0.36	2	38	0.92
0.1875	2	38	0.92
0.2	2	38	0.92
0.375	2	38	0.92
0.193548387096774	2	38	0.92
0.272727272727273	2	38	0.92
0.35	2	38	0.92
0.4	2	38	0.92
0.363636363636364	2	38	0.92
0.5	2	38	0.92
0.371428571428571	2	38	0.92
0.454545454545455	2	38	0.92
0.477272727272727	2	38	0.92
0.131578947368421	2	38	0.92
0.394736842105263	2	38	0.92
0.459459459459459	2	38	0.92
0.444444444444444	2	38	0.92
0.48936170212766	2	38	0.92
0.418604651162791	2	38	0.92
0.434782608695652	2	38	0.92
0.619047619047619	2	38	0.92
0.103448275862069	2	38	0.92
0.514285714285714	2	38	0.92
0.48936170212766	2	38	0.92
0.542857142857143	2	38	0.92
0.384615384615385	2	38	0.92
0.235294117647059	2	38	0.92
0.477272727272727	2	38	0.92
0.28125	2	38	0.92
0.257142857142857	2	38	0.92
0.108108108108108	2	38	0.92
0.491525423728814	2	38	0.92
0.628571428571429	2	38	0.92
0.318181818181818	2	38	0.92
0.558139534883721	2	38	0.92
0.184210526315789	2	38	0.92
0.516129032258065	2	38	0.92
0.195652173913043	2	38	0.92
0.513513513513513	2	38	0.92
0.225	2	38	0.92
0.260869565217391	2	38	0.92
0.387096774193548	2	38	0.92
0.6	2	38	0.92
0.342105263157895	2	38	0.92
0.470588235294118	2	38	0.92
0.51063829787234	2	38	0.92
0.463414634146341	2	38	0.92
0.439024390243902	2	38	0.92
0.153846153846154	2	38	0.92
0.204545454545455	2	38	0.92
0.484848484848485	2	38	0.92
0.394736842105263	2	38	0.92
0.258064516129032	2	38	0.92
0.533333333333333	2	38	0.92
0.1875	2	38	0.92
0.105263157894737	2	38	0.92
0.319148936170213	2	38	0.92
0.4375	2	38	0.92
0.348837209302326	2	38	0.92
0.243243243243243	2	38	0.92
0.368421052631579	2	38	0.92
0.491228070175439	2	38	0.92
0.461538461538462	2	38	0.92
0.369565217391304	2	38	0.92
0.117647058823529	2	38	0.92
0.468085106382979	2	38	0.92
0.581395348837209	2	38	0.92
0.0961538461538462	2	38	0.92
0.270833333333333	2	38	0.92
0.1	2	38	0.92
0.35	2	38	0.92
0.5	2	38	0.92
0.368421052631579	2	38	0.92
0.175	2	38	0.92
0.113636363636364	2	38	0.92
0.5	2	38	0.92
0.155555555555556	2	38	0.92
0.146341463414634	2	38	0.92
0.536585365853659	2	38	0.92
0.2	2	38	0.92
0.48780487804878	2	38	0.92
0.288461538461538	2	38	0.92
0.407407407407407	2	38	0.92
0.2	2	38	0.92
0.428571428571429	2	38	0.92
0.576923076923077	2	38	0.92
0.388888888888889	2	38	0.92
0.380952380952381	2	38	0.92
0.4	2	38	0.92
0.411764705882353	2	38	0.92
0.5	2	38	0.92
0.382978723404255	2	38	0.92
0.354838709677419	2	38	0.92
0.355555555555556	2	38	0.92
0.454545454545455	2	38	0.92
0.181818181818182	2	38	0.92
0.558823529411765	2	38	0.92
0.451612903225806	2	38	0.92
0.385964912280702	2	38	0.92
0.560975609756098	2	38	0.92
0.466666666666667	2	38	0.92
0.609756097560976	2	38	0.92
0.529411764705882	2	38	0.92
0.452380952380952	2	38	0.92
0.25	2	38	0.92
0.395348837209302	2	38	0.92
0.45	2	38	0.92
0.543478260869565	2	38	0.92
0.536585365853659	2	38	0.92
0.411764705882353	2	38	0.92
0.2	2	38	0.92
0.51219512195122	2	38	0.92
0.117647058823529	2	38	0.92
0.387096774193548	2	38	0.92
0.428571428571429	2	38	0.92
0.431818181818182	2	38	0.92
0.470588235294118	2	38	0.92
0.5	2	38	0.92
0.5	2	38	0.92
0.439024390243902	2	38	0.92
0.407407407407407	2	38	0.92
0.515151515151515	2	38	0.92
0.217391304347826	2	38	0.92
0.465116279069767	2	38	0.92
0.463414634146341	2	38	0.92
0.233333333333333	2	38	0.92
0.25	2	38	0.92
0.241379310344828	2	38	0.92
0.294117647058824	2	38	0.92
0.181818181818182	2	38	0.92
0.162790697674419	2	38	0.92
0.458333333333333	2	38	0.92
0.432432432432432	2	38	0.92
0.431818181818182	2	38	0.92
0.341463414634146	2	38	0.92
0.511111111111111	2	38	0.92
0.541666666666667	2	38	0.92
0.378378378378378	2	38	0.92
0.5	2	38	0.92
0.37037037037037	2	38	0.92
0.555555555555556	2	38	0.92
0.454545454545455	2	38	0.92
0.424242424242424	2	38	0.92
0.53125	2	38	0.92
0.394736842105263	2	38	0.92
0.466666666666667	2	38	0.92
0.6	2	38	0.92
0.5	2	38	0.92
0.490909090909091	2	38	0.92
0.407407407407407	2	38	0.92
0.441860465116279	2	38	0.92
0.384615384615385	2	38	0.92
0.384615384615385	2	38	0.92
0.514285714285714	2	38	0.92
0.4	2	38	0.92
0.470588235294118	2	38	0.92
0.266666666666667	2	38	0.92
0.368421052631579	2	38	0.92
0.456140350877193	2	38	0.92
0.204545454545455	2	38	0.92
0.352941176470588	2	38	0.92
0.538461538461538	2	38	0.92
0.581395348837209	2	38	0.92
0.481481481481481	2	38	0.92
0.0967741935483871	2	38	0.92
0.5	2	38	0.92
0.567567567567568	2	38	0.92
0.147058823529412	2	38	0.92
0.543478260869565	2	38	0.92
0.461538461538462	2	38	0.92
0.404761904761905	2	38	0.92
0.457142857142857	2	38	0.92
0.463414634146341	2	38	0.92
0.142857142857143	2	38	0.92
0.5	2	38	0.92
0.382978723404255	2	38	0.92
0.459459459459459	2	38	0.92
0.0909090909090909	2	38	0.92
0.55	2	38	0.92
0.37037037037037	2	38	0.92
0.517241379310345	2	38	0.92
0.390243902439024	2	38	0.92
0.422222222222222	2	38	0.92
0.425531914893617	2	38	0.92
0.533333333333333	2	38	0.92
0.447368421052632	2	38	0.92
0.486486486486487	2	38	0.92
0.468085106382979	2	38	0.92
0.666666666666667	2	38	0.92
0.414634146341463	2	38	0.92
0.6	2	38	0.92
0.137931034482759	2	38	0.92
0.696969696969697	2	38	0.92
0.162162162162162	2	38	0.92
0.272727272727273	2	38	0.92
0.459459459459459	2	38	0.92
0.559322033898305	2	38	0.92
0.368421052631579	2	38	0.92
0.333333333333333	2	38	0.92
0.4	2	38	0.92
0.205882352941176	2	38	0.92
0.361702127659574	2	38	0.92
0.414634146341463	2	38	0.92
0.4375	2	38	0.92
0.375	2	38	0.92
0.105263157894737	2	38	0.92
0.125	2	38	0.92
0.106382978723404	2	38	0.92
0.476190476190476	2	38	0.92
0.545454545454545	2	38	0.92
0.1	2	38	0.92
0.509433962264151	2	38	0.92
0.233333333333333	2	38	0.92
0.1875	2	38	0.92
0.291666666666667	2	38	0.92
0.310344827586207	2	38	0.92
0.56	2	38	0.92
0.391304347826087	2	38	0.92
0.525	2	38	0.92
0.404761904761905	2	38	0.92
0.416666666666667	2	38	0.92
0.517241379310345	2	38	0.92
0.411764705882353	2	38	0.92
0.472222222222222	2	38	0.92
0.5	2	38	0.92
0.347826086956522	2	38	0.92
0.432432432432432	2	38	0.92
0.41025641025641	2	38	0.92
0.340909090909091	2	38	0.92
0.35	2	38	0.92
0.9	2	38	0.92
0.261904761904762	2	38	0.92
0.0857142857142857	2	38	0.92
0.166666666666667	2	38	0.92
0.128205128205128	2	38	0.92
0.530612244897959	2	38	0.92
0.529411764705882	2	38	0.92
0.425	2	38	0.92
0.5	2	38	0.92
0.260869565217391	2	38	0.92
0.222222222222222	2	38	0.92
0.208333333333333	2	38	0.92
0.551020408163265	2	38	0.92
0.35	2	38	0.92
0.109090909090909	2	38	0.92
0.342105263157895	2	38	0.92
0.380952380952381	2	38	0.92
0.425	2	38	0.92
0.379310344827586	2	38	0.92
0.35	2	38	0.92
0.4	2	38	0.92
0.333333333333333	2	38	0.92
0.404761904761905	2	38	0.92
0.489795918367347	2	38	0.92
0.451612903225806	2	38	0.92
0.3	2	38	0.92
0.125	2	38	0.92
0.24	2	38	0.92
0.5	2	38	0.92
0.368421052631579	2	38	0.92
0.333333333333333	2	38	0.92
0.41025641025641	2	38	0.92
0.487179487179487	2	38	0.92
0.465116279069767	2	38	0.92
0.14	2	38	0.92
0.4	2	38	0.92
0.510204081632653	2	38	0.92
0.25	2	38	0.92
0.0975609756097561	2	38	0.92
0.541666666666667	2	38	0.92
0.369565217391304	2	38	0.92
0.509433962264151	2	38	0.92
0.459459459459459	2	38	0.92
0.411764705882353	2	38	0.92
0.307692307692308	2	38	0.92
0.488372093023256	2	38	0.92
0.166666666666667	2	38	0.92
0.171428571428571	2	38	0.92
0.509803921568627	2	38	0.92
0.486486486486487	2	38	0.92
0.529411764705882	2	38	0.92
0.535714285714286	2	38	0.92
0.472222222222222	2	38	0.92
0.323529411764706	2	38	0.92
0.157894736842105	2	38	0.92
0.314285714285714	2	38	0.92
0.363636363636364	2	38	0.92
0.25	2	38	0.92
0.222222222222222	2	38	0.92
0.451612903225806	2	38	0.92
0.6	2	38	0.92
0.266666666666667	2	38	0.92
0.285714285714286	2	38	0.92
0.310344827586207	2	38	0.92
0.230769230769231	2	38	0.92
0.352941176470588	2	38	0.92
0.146341463414634	2	38	0.92
0.318181818181818	2	38	0.92
0.514285714285714	2	38	0.92
0.645161290322581	2	38	0.92
0.341463414634146	2	38	0.92
0.475	2	38	0.92
0.2	3	53	0.92
0.122448979591837	3	53	0.92
0.379310344827586	3	53	0.92
0.293103448275862	3	53	0.92
0.666666666666667	3	53	0.92
0.175	3	53	0.92
0.109090909090909	3	53	0.92
0.32258064516129	3	53	0.92
0.328125	3	53	0.92
0.230769230769231	3	53	0.92
0.212121212121212	3	53	0.92
0.4	3	53	0.92
0.362068965517241	3	53	0.92
0.292307692307692	3	53	0.92
0.320754716981132	3	53	0.92
0.580645161290323	3	53	0.92
0.13953488372093	3	53	0.92
0.102941176470588	3	53	0.92
0.289855072463768	3	53	0.92
0.275	3	53	0.92
0.230769230769231	3	53	0.92
0.573770491803279	3	53	0.92
0.35	3	53	0.92
0.261538461538462	3	53	0.92
0.288461538461538	3	53	0.92
0.385964912280702	3	53	0.92
0.288135593220339	3	53	0.92
0.28	3	53	0.92
0.689655172413793	3	53	0.92
0.339622641509434	3	53	0.92
0.466666666666667	3	53	0.92
0.4	3	53	0.92
0.411764705882353	3	53	0.92
0.4	3	53	0.92
0.333333333333333	3	53	0.92
0.268292682926829	3	53	0.92
0.0735294117647059	3	53	0.92
0.206349206349206	3	53	0.92
0.283950617283951	3	53	0.92
0.307692307692308	3	53	0.92
0.371428571428571	3	53	0.92
0.319148936170213	3	53	0.92
0.211538461538462	3	53	0.92
0.301587301587302	3	53	0.92
0.372549019607843	3	53	0.92
0.355555555555556	3	53	0.92
0.192307692307692	3	53	0.92
0.413793103448276	3	53	0.92
0.153846153846154	3	53	0.92
0.232142857142857	3	53	0.92
0.296296296296296	3	53	0.92
0.397260273972603	3	53	0.92
0.233333333333333	3	53	0.92
0.258620689655172	3	53	0.92
0.354838709677419	3	53	0.92
0.452830188679245	3	53	0.92
0.220338983050847	3	53	0.92
0.275	3	53	0.92
0.115384615384615	3	53	0.92
0.227272727272727	3	53	0.92
0.148936170212766	3	53	0.92
0.305555555555556	3	53	0.92
0.375	3	53	0.92
0.425925925925926	3	53	0.92
0.283018867924528	3	53	0.92
0.296296296296296	3	53	0.92
0.153846153846154	3	53	0.92
0.391304347826087	3	53	0.92
0.162162162162162	3	53	0.92
0.333333333333333	3	53	0.92
0.327868852459016	3	53	0.92
0.140845070422535	3	53	0.92
0.368421052631579	3	53	0.92
0.0875	3	53	0.92
0.0864197530864197	3	53	0.92
0.0843373493975904	3	53	0.92
0.0823529411764706	3	53	0.92
0.181818181818182	3	53	0.92
0.072463768115942	3	53	0.92
0.222222222222222	3	53	0.92
0.350877192982456	3	53	0.92
0.303571428571429	3	53	0.92
0.328125	3	53	0.92
0.362068965517241	3	53	0.92
0.380952380952381	3	53	0.92
0.410714285714286	3	53	0.92
0.125	3	53	0.92
0.280701754385965	3	53	0.92
0.383561643835616	3	53	0.92
0.15	3	53	0.92
0.394366197183099	3	53	0.92
0.30379746835443	3	53	0.92
0.25	3	53	0.92
0.4	3	53	0.92
0.353846153846154	3	53	0.92
0.263157894736842	3	53	0.92
0.46551724137931	3	53	0.92
0.39622641509434	3	53	0.92
0.295454545454545	3	53	0.92
0.277777777777778	3	53	0.92
0.339622641509434	3	53	0.92
0.333333333333333	3	53	0.92
0.0895522388059701	3	53	0.92
0.25	3	53	0.92
0.857142857142857	3	53	0.92
0.333333333333333	3	53	0.92
0.214285714285714	3	53	0.92
0.323529411764706	3	53	0.92
0.205882352941176	3	53	0.92
0.25	3	53	0.92
