VAF	CN	avg.depth	purity
0.333333333333333	2	28	1
0.291666666666667	2	28	1
0.269230769230769	3	28	1
0.275862068965517	3	28	1
0.608695652173913	3	28	1
0.514285714285714	3	28	1
0.194444444444444	3	28	1
0.5	3	28	1
0.647058823529412	3	28	1
0.575	3	28	1
0.5	3	28	1
0.205882352941176	3	28	1
0.666666666666667	3	28	1
0.666666666666667	3	28	1
0.321428571428571	3	28	1
0.210526315789474	3	28	1
0.44	3	28	1
0.444444444444444	3	28	1
0.172413793103448	3	28	1
0.157894736842105	3	28	1
0.116279069767442	3	28	1
0.659090909090909	3	28	1
0.526315789473684	3	28	1
0.818181818181818	3	28	1
0.263157894736842	3	28	1
0.652173913043478	3	28	1
0.6	3	28	1
0.714285714285714	3	28	1
0.540540540540541	3	28	1
0.448275862068966	3	28	1
0.5	3	28	1
0.294117647058824	3	28	1
0.571428571428571	3	28	1
0.583333333333333	3	28	1
0.236842105263158	3	28	1
0.565217391304348	3	28	1
0.384615384615385	3	28	1
0.777777777777778	3	28	1
0.307692307692308	3	28	1
0.5	3	28	1
0.636363636363636	3	28	1
0.375	3	28	1
0.75	3	28	1
0.666666666666667	3	28	1
0.571428571428571	3	28	1
0.772727272727273	3	28	1
0.3	3	28	1
0.393939393939394	3	28	1
0.484848484848485	3	28	1
0.21875	3	28	1
0.638888888888889	3	28	1
0.631578947368421	3	28	1
0.258064516129032	3	28	1
0.722222222222222	3	28	1
0.333333333333333	3	28	1
0.210526315789474	3	28	1
0.318181818181818	3	28	1
0.15	3	28	1
0.8	3	28	1
0.565217391304348	3	28	1
0.705882352941177	3	28	1
0.285714285714286	3	28	1
0.303030303030303	3	28	1
0.590909090909091	3	28	1
0.372093023255814	3	28	1
0.421052631578947	3	28	1
0.303030303030303	3	28	1
0.162790697674419	3	28	1
0.529411764705882	3	28	1
0.233333333333333	3	28	1
0.733333333333333	3	28	1
0.4	3	28	1
0.628571428571429	3	28	1
0.3	3	28	1
0.909090909090909	3	28	1
0.448275862068966	3	28	1
0.3	3	28	1
0.384615384615385	3	28	1
0.44	3	28	1
0.2	3	28	1
0.166666666666667	3	28	1
0.166666666666667	3	28	1
0.576923076923077	3	28	1
0.28125	3	28	1
0.529411764705882	3	28	1
0.2	3	28	1
0.315789473684211	3	28	1
0.16	3	28	1
0.315789473684211	3	28	1
0.409090909090909	3	28	1
0.375	3	28	1
0.324324324324324	3	28	1
0.256410256410256	3	28	1
0.833333333333333	3	28	1
0.35	3	28	1
0.28	3	28	1
0.297297297297297	3	28	1
0.857142857142857	3	28	1
0.636363636363636	3	28	1
0.692307692307692	3	28	1
0.666666666666667	3	28	1
0.235294117647059	3	28	1
0.311111111111111	3	28	1
0.321428571428571	3	28	1
0.3	3	28	1
0.30952380952381	3	28	1
0.27906976744186	3	28	1
0.184210526315789	3	28	1
0.631578947368421	3	28	1
0.25	3	28	1
0.586206896551724	3	28	1
0.239130434782609	3	28	1
0.288888888888889	3	28	1
0.162790697674419	3	28	1
0.418604651162791	3	28	1
0.16	3	28	1
0.16	3	28	1
0.368421052631579	3	28	1
0.743589743589744	3	28	1
0.333333333333333	3	28	1
0.354838709677419	3	28	1
0.347826086956522	3	28	1
0.652173913043478	3	28	1
0.222222222222222	3	28	1
0.666666666666667	3	28	1
0.655172413793103	3	28	1
0.6	3	28	1
0.684210526315789	3	28	1
0.285714285714286	3	28	1
0.2	3	28	1
0.304347826086957	3	28	1
0.708333333333333	3	28	1
0.269230769230769	3	28	1
0.32	3	28	1
0.232558139534884	3	28	1
0.413793103448276	3	28	1
0.608695652173913	3	28	1
0.272727272727273	3	28	1
0.212765957446809	3	28	1
0.272727272727273	3	28	1
0.414634146341463	3	28	1
0.2	3	28	1
0.296296296296296	3	28	1
0.244444444444444	3	28	1
0.172413793103448	3	28	1
0.418604651162791	3	28	1
0.3	3	28	1
0.147058823529412	3	28	1
0.25	3	28	1
0.147058823529412	3	28	1
0.214285714285714	3	28	1
0.269230769230769	3	28	1
0.19047619047619	3	28	1
0.225	3	28	1
0.5	3	28	1
0.529411764705882	3	28	1
0.545454545454545	3	28	1
0.32258064516129	3	28	1
0.304347826086957	3	28	1
0.275862068965517	3	28	1
0.35	3	28	1
0.357142857142857	3	28	1
0.454545454545455	3	28	1
0.173913043478261	3	28	1
0.333333333333333	3	28	1
0.612903225806452	3	28	1
0.405405405405405	3	28	1
0.121212121212121	3	28	1
0.170731707317073	3	28	1
0.476190476190476	3	28	1
0.314285714285714	3	28	1
0.272727272727273	3	28	1
0.216216216216216	3	28	1
0.75	3	28	1
0.333333333333333	3	28	1
0.219512195121951	3	28	1
0.285714285714286	3	28	1
0.392857142857143	3	28	1
0.267857142857143	3	28	1
0.615384615384615	3	28	1
0.266666666666667	3	28	1
0.32	3	28	1
0.25	3	28	1
0.380952380952381	3	28	1
0.25	3	28	1
0.292682926829268	3	28	1
0.645161290322581	3	28	1
0.16	3	28	1
0.7	3	28	1
0.3	3	28	1
0.291666666666667	3	28	1
0.285714285714286	3	28	1
0.275862068965517	3	28	1
0.535714285714286	3	28	1
0.263157894736842	3	28	1
0.191489361702128	3	28	1
0.3125	3	28	1
0.333333333333333	3	28	1
0.307692307692308	3	28	1
0.628571428571429	3	28	1
0.222222222222222	3	28	1
0.5625	3	28	1
0.3125	3	28	1
0.386363636363636	3	28	1
0.628571428571429	3	28	1
0.290322580645161	3	28	1
0.307692307692308	3	28	1
0.166666666666667	4	40	1
0.2	4	40	1
0.567567567567568	4	40	1
0.109090909090909	4	40	1
0.229166666666667	4	40	1
0.192307692307692	4	40	1
0.296296296296296	4	40	1
0.25	4	40	1
0.212121212121212	4	40	1
0.181818181818182	4	40	1
0.492307692307692	4	40	1
0.224489795918367	4	40	1
0.509090909090909	4	40	1
0.393939393939394	4	40	1
0.177777777777778	4	40	1
0.245614035087719	4	40	1
0.235294117647059	4	40	1
0.304347826086957	4	40	1
0.191489361702128	4	40	1
0.175	4	40	1
0.155555555555556	4	40	1
0.152542372881356	4	40	1
0.195121951219512	4	40	1
0.230769230769231	4	40	1
0.647058823529412	4	40	1
0.253968253968254	4	40	1
0.276923076923077	4	40	1
0.244897959183673	4	40	1
0.35	4	40	1
0.152173913043478	4	40	1
0.269230769230769	4	40	1
0.257142857142857	4	40	1
0.24	4	40	1
0.585365853658537	4	40	1
0.5	4	40	1
0.421052631578947	4	40	1
0.194444444444444	4	40	1
0.22	4	40	1
0.407407407407407	4	40	1
0.465116279069767	4	40	1
0.257142857142857	4	40	1
0.181818181818182	4	40	1
0.2	4	40	1
0.4	4	40	1
0.2	4	40	1
0.166666666666667	4	40	1
0.260869565217391	4	40	1
0.2	4	40	1
0.151515151515152	4	40	1
0.3125	4	40	1
0.108108108108108	4	40	1
0.259259259259259	4	40	1
0.509803921568627	4	40	1
0.173913043478261	4	40	1
0.352941176470588	4	40	1
0.256410256410256	4	40	1
0.259259259259259	4	40	1
0.24	4	40	1
0.418604651162791	4	40	1
0.4	4	40	1
0.290322580645161	4	40	1
0.5625	4	40	1
0.216666666666667	4	40	1
0.339285714285714	4	40	1
0.125	4	40	1
0.183673469387755	4	40	1
0.3	4	40	1
0.204081632653061	4	40	1
0.183673469387755	4	40	1
0.555555555555556	4	40	1
0.3	4	40	1
0.303571428571429	4	40	1
0.333333333333333	4	40	1
0.181818181818182	4	40	1
0.229508196721311	4	40	1
0.207547169811321	4	40	1
0.176470588235294	4	40	1
0.25	4	40	1
0.255813953488372	4	40	1
0.6	4	40	1
0.463414634146341	4	40	1
0.162162162162162	4	40	1
0.214285714285714	4	40	1
0.45	4	40	1
0.153846153846154	4	40	1
0.194444444444444	4	40	1
0.136363636363636	4	40	1
0.3	4	40	1
0.28	4	40	1
0.222222222222222	4	40	1
0.425	4	40	1
0.19047619047619	4	40	1
0.206896551724138	4	40	1
0.5	4	40	1
0.457142857142857	4	40	1
0.357142857142857	4	40	1
0.551724137931034	4	40	1
0.238095238095238	4	40	1
0.358490566037736	4	40	1
0.277777777777778	4	40	1
0.266666666666667	4	40	1
0.166666666666667	4	40	1
0.196428571428571	4	40	1
0.525	4	40	1
0.294117647058824	4	40	1
0.2	4	40	1
0.7	4	40	1
0.285714285714286	4	40	1
0.217391304347826	4	40	1
0.269230769230769	4	40	1
0.448275862068966	4	40	1
0.214285714285714	4	40	1
0.12280701754386	4	40	1
0.175438596491228	4	40	1
0.266666666666667	4	40	1
0.264150943396226	4	40	1
0.266666666666667	4	40	1
0.125	4	40	1
0.207547169811321	4	40	1
0.488888888888889	4	40	1
0.206896551724138	4	40	1
0.163265306122449	4	40	1
0.24	4	40	1
0.212765957446809	4	40	1
0.22	4	40	1
0.375	4	40	1
0.375	4	40	1
0.260869565217391	4	40	1
0.147540983606557	4	40	1
0.13953488372093	4	40	1
0.325581395348837	4	40	1
0.2	4	40	1
0.242424242424242	4	40	1
0.5	4	40	1
0.15625	4	40	1
0.454545454545455	4	40	1
0.306122448979592	4	40	1
0.210526315789474	4	40	1
0.11864406779661	4	40	1
0.162162162162162	4	40	1
0.5	4	40	1
0.529411764705882	4	40	1
0.211538461538462	4	40	1
0.140350877192982	4	40	1
0.3	4	40	1
0.170731707317073	4	40	1
0.2	4	40	1
0.181818181818182	4	40	1
0.259259259259259	4	40	1
0.227272727272727	4	40	1
0.342105263157895	4	40	1
0.1875	4	40	1
0.204081632653061	4	40	1
0.25	4	40	1
0.324324324324324	4	40	1
0.387096774193548	4	40	1
0.215686274509804	4	40	1
0.16	4	40	1
0.146341463414634	4	40	1
0.148936170212766	4	40	1
0.276595744680851	4	40	1
0.138888888888889	4	40	1
0.307692307692308	4	40	1
0.555555555555556	4	40	1
0.163265306122449	4	40	1
0.428571428571429	4	40	1
0.666666666666667	4	40	1
0.416666666666667	4	40	1
0.306451612903226	4	40	1
0.404255319148936	4	40	1
0.173913043478261	4	40	1
0.463414634146341	4	40	1
0.275	4	40	1
0.238095238095238	4	40	1
0.560975609756098	4	40	1
0.375	4	40	1
0.666666666666667	4	40	1
0.25531914893617	4	40	1
0.388888888888889	4	40	1
0.391304347826087	4	40	1
0.2	4	40	1
0.258064516129032	4	40	1
0.7	4	40	1
0.352941176470588	4	40	1
0.307692307692308	4	40	1
0.321428571428571	4	40	1
0.196078431372549	4	40	1
0.244444444444444	4	40	1
0.442307692307692	4	40	1
0.18	4	40	1
0.263157894736842	4	40	1
0.230769230769231	4	40	1
0.619047619047619	4	40	1
0.192982456140351	4	40	1
0.272727272727273	4	40	1
0.303030303030303	4	40	1
0.14	4	40	1
0.212121212121212	4	40	1
0.464285714285714	4	40	1
0.166666666666667	4	40	1
0.555555555555556	4	40	1
0.529411764705882	4	40	1
0.222222222222222	4	40	1
0.4	4	40	1
0.575757575757576	4	40	1
0.210526315789474	4	40	1
0.272727272727273	4	40	1
0.232558139534884	4	40	1
0.304347826086957	4	40	1
0.291666666666667	4	40	1
0.229166666666667	4	40	1
0.39622641509434	4	40	1
0.5	4	40	1
0.22	4	40	1
0.3125	4	40	1
0.333333333333333	4	40	1
0.32	4	40	1
0.264150943396226	4	40	1
0.274509803921569	4	40	1
0.415094339622642	4	40	1
0.285714285714286	4	40	1
0.346153846153846	4	40	1
0.173913043478261	4	40	1
0.225806451612903	4	40	1
0.244444444444444	4	40	1
0.433333333333333	4	40	1
0.146341463414634	4	40	1
0.3125	4	40	1
0.212121212121212	4	40	1
0.119047619047619	4	40	1
0.156862745098039	4	40	1
0.206896551724138	4	40	1
0.142857142857143	4	40	1
0.2	4	40	1
0.48	4	40	1
0.4	4	40	1
0.4	4	40	1
0.3	4	40	1
0.122448979591837	4	40	1
0.25	4	40	1
0.422222222222222	4	40	1
0.470588235294118	4	40	1
0.25	4	40	1
0.1875	4	40	1
0.153846153846154	4	40	1
0.24	4	40	1
0.285714285714286	4	40	1
0.326086956521739	4	40	1
0.588235294117647	4	40	1
0.204081632653061	4	40	1
0.205128205128205	4	40	1
0.186046511627907	4	40	1
0.142857142857143	4	40	1
0.153846153846154	4	40	1
0.166666666666667	4	40	1
0.195121951219512	4	40	1
0.108695652173913	4	40	1
0.138888888888889	4	40	1
0.363636363636364	4	40	1
0.188405797101449	4	40	1
0.525	4	40	1
0.327272727272727	4	40	1
0.297297297297297	4	40	1
0.230769230769231	4	40	1
0.210526315789474	4	40	1
0.225806451612903	4	40	1
0.392857142857143	4	40	1
0.333333333333333	4	40	1
0.342857142857143	4	40	1
0.205882352941176	4	40	1
0.413793103448276	4	40	1
0.333333333333333	4	40	1
0.192307692307692	4	40	1
0.214285714285714	4	40	1
0.116279069767442	4	40	1
0.235294117647059	4	40	1
0.191489361702128	4	40	1
0.136363636363636	4	40	1
0.205128205128205	4	40	1
0.315789473684211	4	40	1
0.244897959183673	4	40	1
0.0943396226415094	4	40	1
0.242424242424242	4	40	1
0.418181818181818	4	40	1
0.208333333333333	4	40	1
0.242424242424242	4	40	1
0.35	4	40	1
0.475	4	40	1
0.42	4	40	1
0.225	4	40	1
0.173913043478261	4	40	1
0.242424242424242	4	40	1
0.212765957446809	4	40	1
0.5	4	40	1
0.192307692307692	4	40	1
0.484848484848485	4	40	1
0.208333333333333	4	40	1
0.130434782608696	4	40	1
0.219512195121951	4	40	1
0.146341463414634	4	40	1
0.222222222222222	4	40	1
0.166666666666667	4	40	1
0.473684210526316	4	40	1
0.225806451612903	4	40	1
0.214285714285714	4	40	1
0.195652173913043	4	40	1
0.181818181818182	4	40	1
0.441860465116279	4	40	1
0.236842105263158	4	40	1
0.184210526315789	4	40	1
0.448275862068966	4	40	1
0.55	4	40	1
0.261904761904762	4	40	1
0.482758620689655	4	40	1
0.583333333333333	4	40	1
0.692307692307692	4	40	1
0.146341463414634	4	40	1
0.207547169811321	4	40	1
0.194444444444444	4	40	1
0.16	4	40	1
0.476190476190476	4	40	1
0.283018867924528	4	40	1
0.260869565217391	4	40	1
0.109090909090909	4	40	1
0.111111111111111	4	40	1
0.114754098360656	4	40	1
0.25	4	40	1
0.517241379310345	4	40	1
0.232558139534884	4	40	1
0.196428571428571	4	40	1
0.15	4	40	1
0.15	4	40	1
0.170731707317073	4	40	1
0.261904761904762	4	40	1
0.368421052631579	4	40	1
0.170731707317073	4	40	1
0.163636363636364	4	40	1
0.142857142857143	4	40	1
0.575	4	40	1
0.377049180327869	4	40	1
0.5	4	40	1
0.357142857142857	4	40	1
0.271186440677966	4	40	1
0.25	4	40	1
0.333333333333333	4	40	1
0.230769230769231	4	40	1
0.627450980392157	4	40	1
0.148936170212766	4	40	1
0.214285714285714	4	40	1
0.161290322580645	4	40	1
0.264705882352941	4	40	1
0.173913043478261	4	40	1
0.25	4	40	1
0.3	4	40	1
0.210526315789474	4	40	1
0.196078431372549	4	40	1
0.362068965517241	4	40	1
0.184615384615385	4	40	1
0.166666666666667	4	40	1
0.22	4	40	1
0.318181818181818	4	40	1
0.5	4	40	1
0.233333333333333	4	40	1
0.176470588235294	4	40	1
0.210526315789474	4	40	1
0.222222222222222	4	40	1
0.2	4	40	1
0.461538461538462	4	40	1
0.256410256410256	4	40	1
0.261904761904762	4	40	1
0.157894736842105	4	40	1
0.261904761904762	4	40	1
0.212765957446809	4	40	1
0.321428571428571	4	40	1
0.264705882352941	4	40	1
0.7	4	40	1
0.2	4	40	1
0.159090909090909	4	40	1
0.2	4	40	1
0.26	4	40	1
0.513513513513513	4	40	1
0.25	4	40	1
0.354838709677419	4	40	1
0.466666666666667	4	40	1
0.176470588235294	4	40	1
0.631578947368421	4	40	1
0.215686274509804	4	40	1
0.384615384615385	4	40	1
0.538461538461538	4	40	1
0.296296296296296	4	40	1
0.230769230769231	4	40	1
0.482758620689655	4	40	1
0.466666666666667	4	40	1
0.255813953488372	4	40	1
0.3125	4	40	1
0.142857142857143	4	40	1
0.194444444444444	4	40	1
0.347826086956522	4	40	1
0.295454545454545	4	40	1
0.210526315789474	4	40	1
0.28	4	40	1
0.207547169811321	4	40	1
0.261904761904762	4	40	1
0.368421052631579	4	40	1
0.275	4	40	1
0.25	4	40	1
0.232558139534884	4	40	1
0.230769230769231	4	40	1
0.216666666666667	4	40	1
0.351351351351351	4	40	1
0.272727272727273	4	40	1
0.195121951219512	4	40	1
0.166666666666667	4	40	1
0.44	4	40	1
0.547169811320755	4	40	1
0.12280701754386	4	40	1
0.19047619047619	4	40	1
0.127659574468085	4	40	1
0.275862068965517	4	40	1
0.166666666666667	4	40	1
0.225	4	40	1
0.210526315789474	4	40	1
0.259259259259259	4	40	1
0.259259259259259	4	40	1
0.184210526315789	4	40	1
0.75	4	40	1
1	4	40	1
0.152173913043478	4	40	1
0.378378378378378	4	40	1
0.256410256410256	4	40	1
0.288888888888889	4	40	1
0.545454545454545	4	40	1
0.5625	4	40	1
0.241379310344828	4	40	1
0.173913043478261	4	40	1
0.133333333333333	4	40	1
0.137931034482759	4	40	1
0.513513513513513	4	40	1
0.166666666666667	4	40	1
0.2	4	40	1
0.5	4	40	1
0.333333333333333	4	40	1
0.533333333333333	4	40	1
0.354838709677419	4	40	1
0.257142857142857	4	40	1
0.266666666666667	4	40	1
0.210526315789474	4	40	1
0.19047619047619	4	40	1
0.318181818181818	4	40	1
0.461538461538462	4	40	1
0.258064516129032	4	40	1
0.394736842105263	4	40	1
0.321428571428571	4	40	1
0.181818181818182	4	40	1
0.204545454545455	4	40	1
0.245614035087719	4	40	1
0.434782608695652	4	40	1
0.6	4	40	1
0.15625	4	40	1
0.19047619047619	4	40	1
0.263157894736842	4	40	1
0.5	4	40	1
0.212765957446809	4	40	1
0.152173913043478	4	40	1
0.13953488372093	4	40	1
0.583333333333333	4	40	1
0.25531914893617	4	40	1
0.227272727272727	4	40	1
0.26530612244898	4	40	1
0.235294117647059	4	40	1
0.475	4	40	1
0.244444444444444	4	40	1
0.166666666666667	4	40	1
0.170212765957447	4	40	1
0.454545454545455	4	40	1
0.169811320754717	4	40	1
0.545454545454545	4	40	1
0.54	4	40	1
0.529411764705882	4	40	1
0.607142857142857	4	40	1
0.428571428571429	4	40	1
0.17741935483871	4	40	1
0.222222222222222	4	40	1
0.179487179487179	4	40	1
0.256410256410256	4	40	1
0.5	4	40	1
0.28	4	40	1
0.212765957446809	4	40	1
0.288461538461538	4	40	1
0.170731707317073	4	40	1
0.220338983050847	4	40	1
0.1875	4	40	1
0.291666666666667	4	40	1
0.227272727272727	4	40	1
0.307692307692308	4	40	1
0.583333333333333	4	40	1
0.275	4	40	1
0.2	4	40	1
0.344827586206897	4	40	1
0.266666666666667	4	40	1
0.36	4	40	1
0.40625	4	40	1
0.533333333333333	4	40	1
0.25	4	40	1
0.227272727272727	4	40	1
0.162790697674419	4	40	1
0.180327868852459	4	40	1
0.26	4	40	1
0.172413793103448	4	40	1
0.166666666666667	4	40	1
0.222222222222222	4	40	1
0.666666666666667	4	40	1
0.258620689655172	4	40	1
0.111111111111111	4	40	1
0.285714285714286	4	40	1
0.333333333333333	4	40	1
0.212765957446809	4	40	1
0.4	4	40	1
0.192307692307692	4	40	1
0.692307692307692	4	40	1
0.238095238095238	4	40	1
0.30952380952381	4	40	1
0.176470588235294	4	40	1
0.209302325581395	4	40	1
0.163636363636364	4	40	1
0.239130434782609	4	40	1
0.229166666666667	4	40	1
0.26	4	40	1
0.25	4	40	1
0.230769230769231	4	40	1
0.411764705882353	4	40	1
0.417910447761194	4	40	1
0.508771929824561	4	40	1
0.5625	4	40	1
0.416666666666667	4	40	1
0.163265306122449	4	40	1
0.235294117647059	4	40	1
0.297872340425532	4	40	1
0.147540983606557	4	40	1
0.235294117647059	4	40	1
0.15	4	40	1
0.203389830508475	4	40	1
0.203389830508475	4	40	1
0.25	4	40	1
0.209302325581395	4	40	1
0.214285714285714	4	40	1
0.178571428571429	4	40	1
0.146341463414634	4	40	1
0.183673469387755	4	40	1
0.173076923076923	4	40	1
0.486486486486487	4	40	1
0.241379310344828	4	40	1
0.230769230769231	4	40	1
0.266666666666667	4	40	1
0.196428571428571	4	40	1
0.25	4	40	1
0.2	4	40	1
0.421875	4	40	1
0.333333333333333	4	40	1
0.178571428571429	4	40	1
0.433333333333333	4	40	1
0.142857142857143	4	40	1
0.2	4	40	1
0.478260869565217	4	40	1
0.228571428571429	4	40	1
0.233333333333333	4	40	1
0.638297872340426	4	40	1
0.40625	4	40	1
0.5	4	40	1
0.465116279069767	4	40	1
0.2	4	40	1
0.176470588235294	4	40	1
0.222222222222222	4	40	1
0.3	4	40	1
0.222222222222222	4	40	1
0.146341463414634	4	40	1
0.256410256410256	4	40	1
0.227272727272727	4	40	1
0.272727272727273	4	40	1
0.275862068965517	4	40	1
0.315789473684211	4	40	1
0.175	4	40	1
0.369565217391304	4	40	1
0.260869565217391	4	40	1
0.388888888888889	4	40	1
0.363636363636364	4	40	1
0.24	4	40	1
0.514285714285714	4	40	1
0.466666666666667	4	40	1
0.56	4	40	1
0.371428571428571	4	40	1
0.5	4	40	1
0.172413793103448	4	40	1
0.173913043478261	4	40	1
0.333333333333333	4	40	1
0.318181818181818	4	40	1
0.243243243243243	4	40	1
0.291666666666667	4	40	1
0.294117647058824	4	40	1
0.451612903225806	4	40	1
0.137254901960784	4	40	1
0.444444444444444	4	40	1
0.170212765957447	4	40	1
0.3125	4	40	1
0.25	4	40	1
0.189189189189189	4	40	1
0.714285714285714	4	40	1
0.173076923076923	4	40	1
0.244444444444444	4	40	1
0.166666666666667	4	40	1
0.159090909090909	4	40	1
0.258064516129032	4	40	1
0.3	4	40	1
0.122448979591837	4	40	1
0.283018867924528	4	40	1
0.285714285714286	4	40	1
0.317073170731707	4	40	1
0.340909090909091	4	40	1
0.276595744680851	4	40	1
0.424242424242424	4	40	1
0.192307692307692	4	40	1
0.186046511627907	4	40	1
0.238095238095238	4	40	1
0.214285714285714	4	40	1
0.256410256410256	4	40	1
0.19047619047619	4	40	1
0.111111111111111	4	40	1
0.46	4	40	1
0.212765957446809	4	40	1
0.3	4	40	1
0.25	4	40	1
0.56	4	40	1
0.261904761904762	4	40	1
0.25	4	40	1
0.170212765957447	4	40	1
0.170212765957447	4	40	1
0.222222222222222	4	40	1
0.5	4	40	1
0.484848484848485	4	40	1
0.25	4	40	1
0.163636363636364	4	40	1
0.4375	4	40	1
0.204545454545455	4	40	1
0.428571428571429	4	40	1
0.368421052631579	4	40	1
0.175	4	40	1
0.358974358974359	4	40	1
0.210526315789474	4	40	1
0.25	4	40	1
0.526315789473684	4	40	1
0.193548387096774	4	40	1
0.193548387096774	4	40	1
0.2	4	40	1
0.236842105263158	4	40	1
0.212765957446809	4	40	1
0.458333333333333	4	40	1
0.414634146341463	4	40	1
0.25531914893617	4	40	1
0.24	4	40	1
0.232142857142857	4	40	1
0.185185185185185	4	40	1
0.1875	4	40	1
0.947368421052632	4	40	1
0.130434782608696	4	40	1
0.25	4	40	1
0.267857142857143	4	40	1
0.192307692307692	4	40	1
0.193548387096774	4	40	1
0.244444444444444	4	40	1
0.318181818181818	4	40	1
0.25	4	40	1
0.261904761904762	4	40	1
0.205882352941176	4	40	1
0.227272727272727	4	40	1
0.181818181818182	4	40	1
0.228571428571429	4	40	1
0.272727272727273	4	40	1
0.230769230769231	4	40	1
0.186046511627907	4	40	1
0.162790697674419	4	40	1
0.204081632653061	4	40	1
0.263157894736842	4	40	1
0.305555555555556	4	40	1
0.297872340425532	4	40	1
0.238095238095238	4	40	1
0.257142857142857	4	40	1
0.25	4	40	1
0.291666666666667	4	40	1
0.277777777777778	4	40	1
0.578947368421053	4	40	1
0.225806451612903	4	40	1
0.380952380952381	4	40	1
0.204081632653061	4	40	1
0.325	4	40	1
0.388888888888889	4	40	1
0.4	4	40	1
0.363636363636364	4	40	1
0.2	4	40	1
0.268292682926829	4	40	1
0.121951219512195	4	40	1
0.55	4	40	1
0.2	4	40	1
0.297297297297297	4	40	1
0.222222222222222	4	40	1
0.163265306122449	4	40	1
0.568181818181818	4	40	1
0.5	4	40	1
0.382352941176471	4	40	1
0.32	4	40	1
0.441176470588235	4	40	1
0.288888888888889	4	40	1
0.163265306122449	4	40	1
0.291666666666667	4	40	1
0.578947368421053	4	40	1
0.243243243243243	4	40	1
0.177777777777778	4	40	1
0.196078431372549	4	40	1
0.173076923076923	4	40	1
0.170731707317073	4	40	1
0.236363636363636	4	40	1
0.51063829787234	4	40	1
0.241379310344828	4	40	1
0.48780487804878	4	40	1
0.406779661016949	4	40	1
0.428571428571429	4	40	1
0.192982456140351	4	40	1
0.239130434782609	4	40	1
0.256410256410256	4	40	1
0.240740740740741	4	40	1
0.25	4	40	1
0.179487179487179	4	40	1
0.219512195121951	4	40	1
0.166666666666667	4	40	1
0.183673469387755	4	40	1
0.2	4	40	1
0.184615384615385	4	40	1
0.275862068965517	4	40	1
0.218181818181818	4	40	1
0.2	4	40	1
0.307692307692308	4	40	1
0.214285714285714	4	40	1
0.326530612244898	4	40	1
0.106382978723404	4	40	1
0.25	4	40	1
0.314814814814815	4	40	1
0.195121951219512	4	40	1
0.157894736842105	4	40	1
0.6	4	40	1
0.447368421052632	4	40	1
0.192307692307692	4	40	1
0.170212765957447	4	40	1
0.22	4	40	1
0.351851851851852	4	40	1
0.178571428571429	4	40	1
0.272727272727273	4	40	1
0.142857142857143	4	40	1
0.210526315789474	4	40	1
0.148936170212766	4	40	1
0.22	4	40	1
0.270833333333333	4	40	1
0.153846153846154	4	40	1
0.323076923076923	4	40	1
0.1875	4	40	1
0.2	4	40	1
0.27027027027027	4	40	1
0.222222222222222	4	40	1
0.2	4	40	1
0.170731707317073	4	40	1
0.232558139534884	4	40	1
0.485714285714286	4	40	1
0.3	4	40	1
0.214285714285714	4	40	1
0.568181818181818	4	40	1
0.263157894736842	4	40	1
0.257142857142857	4	40	1
0.333333333333333	4	40	1
0.244897959183673	4	40	1
0.25	4	40	1
0.215686274509804	4	40	1
0.196078431372549	4	40	1
0.140350877192982	4	40	1
0.163636363636364	4	40	1
0.295454545454545	4	40	1
0.32258064516129	4	40	1
0.519230769230769	4	40	1
0.5	4	40	1
0.315789473684211	4	40	1
0.346153846153846	4	40	1
0.558139534883721	4	40	1
0.56	4	40	1
0.490566037735849	4	40	1
0.26	4	40	1
0.25	4	40	1
0.225806451612903	4	40	1
0.384615384615385	4	40	1
0.272727272727273	4	40	1
0.181818181818182	4	40	1
0.26530612244898	4	40	1
0.319148936170213	4	40	1
0.195121951219512	4	40	1
0.224489795918367	4	40	1
0.214285714285714	4	40	1
0.274509803921569	4	40	1
0.217391304347826	4	40	1
0.171428571428571	4	40	1
0.111111111111111	4	40	1
0.25	4	40	1
0.222222222222222	4	40	1
0.346938775510204	4	40	1
0.285714285714286	4	40	1
0.241935483870968	4	40	1
0.120689655172414	4	40	1
0.523809523809524	4	40	1
0.474576271186441	4	40	1
0.318181818181818	4	40	1
0.226415094339623	4	40	1
0.204545454545455	4	40	1
0.368421052631579	4	40	1
0.184210526315789	4	40	1
0.230769230769231	4	40	1
0.541666666666667	4	40	1
0.441860465116279	4	40	1
0.30188679245283	4	40	1
0.25531914893617	4	40	1
0.346153846153846	4	40	1
0.341463414634146	4	40	1
0.176470588235294	4	40	1
0.152173913043478	4	40	1
0.318181818181818	4	40	1
0.351351351351351	4	40	1
0.125	4	40	1
0.319148936170213	4	40	1
0.3	4	40	1
0.224137931034483	4	40	1
0.219512195121951	4	40	1
0.222222222222222	4	40	1
0.344827586206897	4	40	1
0.393939393939394	4	40	1
0.32258064516129	4	40	1
0.272727272727273	4	40	1
0.184210526315789	4	40	1
0.325581395348837	4	40	1
0.404761904761905	4	40	1
0.456521739130435	4	40	1
0.176470588235294	4	40	1
0.244444444444444	4	40	1
0.271428571428571	4	40	1
0.5	4	40	1
0.4	4	40	1
0.185185185185185	4	40	1
0.255813953488372	4	40	1
0.133333333333333	4	40	1
0.274509803921569	4	40	1
0.254545454545455	4	40	1
0.387096774193548	4	40	1
0.163265306122449	4	40	1
0.3	4	40	1
0.354838709677419	4	40	1
0.194444444444444	4	40	1
0.24	4	40	1
0.195121951219512	4	40	1
0.205882352941176	4	40	1
0.216216216216216	4	40	1
0.41025641025641	4	40	1
0.527777777777778	4	40	1
0.428571428571429	4	40	1
0.411764705882353	4	40	1
0.368421052631579	4	40	1
0.103448275862069	4	40	1
0.145833333333333	4	40	1
0.24390243902439	4	40	1
0.45	4	40	1
0.189655172413793	4	40	1
0.192307692307692	4	40	1
0.211538461538462	4	40	1
0.230769230769231	4	40	1
0.152173913043478	4	40	1
0.465116279069767	4	40	1
0.225806451612903	4	40	1
0.222222222222222	4	40	1
0.526315789473684	4	40	1
0.25	4	40	1
0.302325581395349	4	40	1
0.213114754098361	4	40	1
0.266666666666667	4	40	1
0.269230769230769	4	40	1
0.266666666666667	4	40	1
0.138888888888889	4	40	1
0.238095238095238	4	40	1
0.151515151515152	4	40	1
0.25	4	40	1
0.214285714285714	4	40	1
0.235294117647059	4	40	1
0.196078431372549	4	40	1
0.451612903225806	4	40	1
0.285714285714286	4	40	1
0.25	4	40	1
0.104166666666667	4	40	1
0.222222222222222	4	40	1
0.314285714285714	4	40	1
0.488372093023256	4	40	1
0.634146341463415	4	40	1
0.186440677966102	4	40	1
0.12	4	40	1
0.510204081632653	4	40	1
0.3125	4	40	1
0.263157894736842	4	40	1
0.411764705882353	4	40	1
0.155555555555556	4	40	1
0.277777777777778	4	40	1
0.142857142857143	4	40	1
0.186046511627907	4	40	1
0.2	4	40	1
0.423728813559322	4	40	1
0.104166666666667	4	40	1
0.230769230769231	4	40	1
0.405405405405405	4	40	1
0.204545454545455	4	40	1
0.536585365853659	4	40	1
0.491228070175439	4	40	1
0.192307692307692	4	40	1
0.483870967741935	4	40	1
0.240740740740741	4	40	1
0.176470588235294	4	40	1
0.234042553191489	4	40	1
0.545454545454545	4	40	1
0.24	4	40	1
0.245283018867925	4	40	1
0.5	4	40	1
0.137254901960784	4	40	1
0.5	4	40	1
0.272727272727273	4	40	1
0.1875	4	40	1
0.403508771929825	4	40	1
0.327272727272727	4	40	1
0.520833333333333	4	40	1
0.212765957446809	4	40	1
0.483333333333333	4	40	1
0.5	4	40	1
0.557692307692308	4	40	1
0.207547169811321	4	40	1
