VAF	CN	avg.depth	purity
1	1	20	1
1	1	20	1
1	1	20	1
1	1	20	1
0.571428571428571	2	40	1
0.5	2	40	1
0.354838709677419	2	40	1
0.454545454545455	2	40	1
0.462962962962963	2	40	1
0.617647058823529	2	40	1
0.28	2	40	1
0.611111111111111	2	40	1
0.64	2	40	1
0.488888888888889	2	40	1
0.578947368421053	2	40	1
0.421052631578947	2	40	1
0.390243902439024	2	40	1
0.36	2	40	1
0.418604651162791	2	40	1
0.5	2	40	1
0.5	2	40	1
0.645161290322581	2	40	1
0.490196078431373	2	40	1
0.452380952380952	2	40	1
0.476923076923077	2	40	1
0.366666666666667	2	40	1
0.378378378378378	2	40	1
0.636363636363636	2	40	1
0.574468085106383	2	40	1
0.355555555555556	2	40	1
0.6875	2	40	1
0.390243902439024	2	40	1
0.5	2	40	1
0.130434782608696	2	40	1
0.28	2	40	1
0.393939393939394	2	40	1
0.585365853658537	2	40	1
0.566666666666667	2	40	1
0.52	2	40	1
0.425531914893617	2	40	1
0.5	2	40	1
0.581818181818182	2	40	1
0.590909090909091	2	40	1
0.604651162790698	2	40	1
0.604166666666667	2	40	1
0.510204081632653	2	40	1
0.471698113207547	2	40	1
0.531914893617021	2	40	1
0.596491228070175	2	40	1
0.380952380952381	2	40	1
0.558823529411765	2	40	1
0.613636363636364	2	40	1
0.594594594594595	2	40	1
0.166666666666667	2	40	1
0.448275862068966	2	40	1
0.428571428571429	2	40	1
0.458333333333333	2	40	1
0.41025641025641	2	40	1
0.411764705882353	2	40	1
0.491228070175439	2	40	1
0.5	2	40	1
0.536585365853659	2	40	1
0.452380952380952	2	40	1
0.538461538461538	2	40	1
0.416666666666667	2	40	1
0.487179487179487	2	40	1
0.416666666666667	2	40	1
0.577777777777778	2	40	1
0.475	2	40	1
0.388888888888889	2	40	1
0.2	2	40	1
0.48936170212766	2	40	1
0.347826086956522	2	40	1
0.434782608695652	2	40	1
0.35	2	40	1
0.465116279069767	2	40	1
0.447368421052632	2	40	1
0.514285714285714	2	40	1
0.5	2	40	1
0.159090909090909	2	40	1
0.512820512820513	2	40	1
0.377358490566038	2	40	1
0.463414634146341	2	40	1
0.464285714285714	2	40	1
0.590909090909091	2	40	1
0.522727272727273	2	40	1
0.27027027027027	2	40	1
0.4	2	40	1
0.53125	2	40	1
0.521739130434783	2	40	1
0.534883720930233	2	40	1
0.424242424242424	2	40	1
0.4	2	40	1
0.523809523809524	2	40	1
0.347826086956522	2	40	1
0.4375	2	40	1
0.433333333333333	2	40	1
0.461538461538462	2	40	1
0.361111111111111	2	40	1
0.4	2	40	1
0.473684210526316	2	40	1
0.583333333333333	2	40	1
0.520833333333333	2	40	1
0.4375	2	40	1
0.434782608695652	2	40	1
0.439024390243902	2	40	1
0.657142857142857	2	40	1
0.555555555555556	2	40	1
0.408163265306122	2	40	1
0.5	2	40	1
0.513513513513513	2	40	1
0.6	2	40	1
0.4	2	40	1
0.13953488372093	2	40	1
0.340909090909091	2	40	1
0.41304347826087	2	40	1
0.368421052631579	2	40	1
0.260869565217391	2	40	1
0.375	2	40	1
0.454545454545455	2	40	1
0.459459459459459	2	40	1
0.333333333333333	2	40	1
0.508474576271186	2	40	1
0.514285714285714	2	40	1
0.65	2	40	1
0.444444444444444	2	40	1
0.464285714285714	2	40	1
0.581395348837209	2	40	1
0.46875	2	40	1
0.229166666666667	2	40	1
0.5	2	40	1
0.366666666666667	2	40	1
0.547619047619048	2	40	1
0.452380952380952	2	40	1
0.444444444444444	2	40	1
0.175	2	40	1
0.65625	2	40	1
0.2	2	40	1
0.492307692307692	2	40	1
0.48	2	40	1
0.531914893617021	2	40	1
0.6	2	40	1
0.454545454545455	2	40	1
0.538461538461538	2	40	1
0.4375	2	40	1
0.526315789473684	2	40	1
0.372549019607843	2	40	1
0.447368421052632	2	40	1
0.533333333333333	2	40	1
0.5	2	40	1
0.534883720930233	2	40	1
0.608695652173913	2	40	1
0.548387096774194	2	40	1
0.511111111111111	2	40	1
0.351351351351351	2	40	1
0.361111111111111	2	40	1
0.580645161290323	2	40	1
0.45	2	40	1
0.578947368421053	2	40	1
0.653061224489796	2	40	1
0.5	2	40	1
0.5	2	40	1
0.5	2	40	1
0.5	2	40	1
0.51219512195122	2	40	1
0.612244897959184	2	40	1
0.529411764705882	2	40	1
0.5	2	40	1
0.5	2	40	1
0.211538461538462	2	40	1
0.485714285714286	2	40	1
0.421052631578947	2	40	1
0.521739130434783	2	40	1
0.314814814814815	2	40	1
0.533333333333333	2	40	1
0.522727272727273	2	40	1
0.41304347826087	2	40	1
0.432432432432432	2	40	1
0.442307692307692	2	40	1
0.478260869565217	2	40	1
0.414634146341463	2	40	1
0.52	2	40	1
0.380952380952381	2	40	1
0.538461538461538	2	40	1
0.484848484848485	2	40	1
0.482758620689655	2	40	1
0.481481481481481	2	40	1
0.433333333333333	2	40	1
0.526315789473684	2	40	1
0.459459459459459	2	40	1
0.6	2	40	1
0.435897435897436	2	40	1
0.540540540540541	2	40	1
0.28125	2	40	1
0.342857142857143	2	40	1
0.133333333333333	2	40	1
0.41025641025641	2	40	1
0.6	2	40	1
0.478260869565217	2	40	1
0.380952380952381	2	40	1
0.4	2	40	1
0.51219512195122	2	40	1
0.425925925925926	2	40	1
0.6	2	40	1
0.260869565217391	2	40	1
0.24	2	40	1
0.564102564102564	2	40	1
0.633333333333333	2	40	1
0.485714285714286	2	40	1
0.32	2	40	1
0.625	2	40	1
0.564102564102564	2	40	1
0.189189189189189	2	40	1
0.434782608695652	2	40	1
0.605263157894737	2	40	1
0.4	2	40	1
0.653061224489796	2	40	1
0.642857142857143	2	40	1
0.512820512820513	2	40	1
0.145833333333333	2	40	1
0.352941176470588	2	40	1
0.483333333333333	2	40	1
0.411764705882353	2	40	1
0.157894736842105	2	40	1
0.523809523809524	2	40	1
0.395833333333333	2	40	1
0.575757575757576	2	40	1
0.458333333333333	2	40	1
0.4	2	40	1
0.638888888888889	2	40	1
0.6	2	40	1
0.758620689655172	2	40	1
0.469387755102041	2	40	1
0.666666666666667	2	40	1
0.6	2	40	1
0.522727272727273	2	40	1
0.458333333333333	2	40	1
0.5	2	40	1
0.431818181818182	2	40	1
0.591836734693878	2	40	1
0.51219512195122	2	40	1
0.5	2	40	1
0.311111111111111	2	40	1
0.0895522388059701	2	40	1
0.304347826086957	2	40	1
0.574074074074074	2	40	1
0.541666666666667	2	40	1
0.466666666666667	2	40	1
0.609756097560976	2	40	1
0.6	2	40	1
0.557377049180328	2	40	1
0.422222222222222	2	40	1
0.576923076923077	2	40	1
0.189189189189189	2	40	1
0.5625	2	40	1
0.325581395348837	2	40	1
0.447368421052632	2	40	1
0.473684210526316	2	40	1
0.166666666666667	2	40	1
0.568627450980392	2	40	1
0.523809523809524	2	40	1
0.617021276595745	2	40	1
0.511627906976744	2	40	1
0.379310344827586	2	40	1
0.666666666666667	2	40	1
0.459459459459459	2	40	1
0.5	2	40	1
0.541666666666667	2	40	1
0.395348837209302	2	40	1
0.40625	2	40	1
0.431818181818182	2	40	1
0.428571428571429	2	40	1
0.434782608695652	2	40	1
0.557692307692308	2	40	1
0.461538461538462	2	40	1
0.457142857142857	2	40	1
0.5	2	40	1
0.194444444444444	2	40	1
0.528301886792453	2	40	1
0.508771929824561	2	40	1
0.563636363636364	2	40	1
0.5	2	40	1
0.577777777777778	2	40	1
0.55	2	40	1
0.410714285714286	2	40	1
0.481481481481481	2	40	1
0.333333333333333	2	40	1
0.480769230769231	2	40	1
0.488372093023256	2	40	1
0.5	2	40	1
0.513513513513513	2	40	1
0.48	2	40	1
0.162790697674419	2	40	1
0.358974358974359	2	40	1
0.30952380952381	2	40	1
0.434782608695652	2	40	1
0.545454545454545	2	40	1
0.434782608695652	2	40	1
0.314285714285714	2	40	1
0.491803278688525	2	40	1
0.533333333333333	2	40	1
0.490909090909091	2	40	1
0.479166666666667	2	40	1
0.424242424242424	2	40	1
0.642857142857143	2	40	1
0.476190476190476	2	40	1
0.540540540540541	2	40	1
0.543478260869565	2	40	1
0.51063829787234	2	40	1
0.588235294117647	2	40	1
0.508771929824561	2	40	1
0.523809523809524	2	40	1
0.538461538461538	2	40	1
0.560975609756098	2	40	1
0.484848484848485	2	40	1
0.606060606060606	2	40	1
0.363636363636364	2	40	1
0.390243902439024	2	40	1
0.463414634146341	2	40	1
0.645161290322581	2	40	1
0.541666666666667	2	40	1
0.425531914893617	2	40	1
0.481481481481481	2	40	1
0.491525423728814	2	40	1
0.425531914893617	2	40	1
0.318181818181818	2	40	1
0.488372093023256	2	40	1
0.523809523809524	2	40	1
0.238095238095238	2	40	1
0.204081632653061	2	40	1
0.51219512195122	2	40	1
0.51063829787234	2	40	1
0.269230769230769	2	40	1
0.462962962962963	2	40	1
0.289473684210526	2	40	1
0.439024390243902	2	40	1
0.489795918367347	2	40	1
0.563636363636364	2	40	1
0.6	2	40	1
0.446808510638298	2	40	1
0.569230769230769	2	40	1
0.418604651162791	2	40	1
0.41304347826087	2	40	1
0.48780487804878	2	40	1
0.6875	2	40	1
0.382978723404255	2	40	1
0.689655172413793	2	40	1
0.324324324324324	2	40	1
0.542372881355932	2	40	1
0.526315789473684	2	40	1
0.514285714285714	2	40	1
0.474576271186441	2	40	1
0.454545454545455	2	40	1
0.4375	2	40	1
0.366666666666667	2	40	1
0.424242424242424	2	40	1
0.166666666666667	2	40	1
0.222222222222222	2	40	1
0.257142857142857	2	40	1
0.555555555555556	2	40	1
0.515151515151515	2	40	1
0.36	2	40	1
0.65	2	40	1
0.285714285714286	2	40	1
0.555555555555556	2	40	1
0.465116279069767	2	40	1
0.425531914893617	2	40	1
0.428571428571429	2	40	1
0.403846153846154	2	40	1
0.321428571428571	2	40	1
0.461538461538462	2	40	1
0.134615384615385	2	40	1
0.609756097560976	2	40	1
0.459459459459459	2	40	1
0.333333333333333	2	40	1
0.5	2	40	1
0.15	2	40	1
0.48	2	40	1
0.470588235294118	2	40	1
0.875	2	40	1
0.522727272727273	2	40	1
0.450980392156863	2	40	1
0.52	2	40	1
0.122448979591837	2	40	1
0.510204081632653	2	40	1
0.471698113207547	2	40	1
0.478260869565217	2	40	1
0.416666666666667	2	40	1
0.469387755102041	2	40	1
0.486486486486487	2	40	1
0.42	2	40	1
0.291666666666667	2	40	1
0.181818181818182	2	40	1
0.55	2	40	1
0.12	2	40	1
0.5	2	40	1
0.390243902439024	2	40	1
0.41304347826087	2	40	1
0.520833333333333	2	40	1
0.535714285714286	2	40	1
0.333333333333333	2	40	1
0.421052631578947	2	40	1
0.393939393939394	2	40	1
0.55	2	40	1
0.459459459459459	2	40	1
0.548387096774194	2	40	1
0.387755102040816	2	40	1
0.491803278688525	2	40	1
0.5	2	40	1
0.475	2	40	1
0.48	2	40	1
0.454545454545455	2	40	1
0.492063492063492	2	40	1
0.537313432835821	2	40	1
0.372549019607843	2	40	1
0.472727272727273	2	40	1
0.551020408163265	2	40	1
0.4375	2	40	1
0.478260869565217	2	40	1
0.488888888888889	2	40	1
0.476190476190476	2	40	1
0.11864406779661	2	40	1
0.555555555555556	2	40	1
0.490196078431373	2	40	1
0.625	2	40	1
0.0943396226415094	2	40	1
0.5	2	40	1
0.418604651162791	2	40	1
0.511627906976744	2	40	1
0.45	2	40	1
0.465116279069767	2	40	1
0.361111111111111	2	40	1
0.232558139534884	2	40	1
0.578947368421053	2	40	1
0.533333333333333	2	40	1
0.571428571428571	2	40	1
0.313725490196078	2	40	1
0.4375	2	40	1
0.235294117647059	2	40	1
0.53125	2	40	1
0.490566037735849	2	40	1
0.518518518518518	2	40	1
0.567567567567568	2	40	1
0.418604651162791	2	40	1
0.567567567567568	2	40	1
0.371428571428571	2	40	1
0.404761904761905	2	40	1
0.56	2	40	1
0.432432432432432	2	40	1
0.333333333333333	2	40	1
0.472222222222222	2	40	1
0.475	2	40	1
0.439024390243902	2	40	1
0.311111111111111	2	40	1
0.592592592592593	2	40	1
0.488372093023256	2	40	1
0.65625	2	40	1
0.513513513513513	2	40	1
0.379310344827586	2	40	1
0.5	2	40	1
0.588235294117647	2	40	1
0.314285714285714	2	40	1
0.157894736842105	2	40	1
0.478260869565217	2	40	1
0.526315789473684	2	40	1
0.549019607843137	2	40	1
0.403846153846154	2	40	1
0.428571428571429	2	40	1
0.465116279069767	2	40	1
0.476190476190476	2	40	1
0.454545454545455	2	40	1
0.536585365853659	2	40	1
0.41304347826087	2	40	1
0.40625	2	40	1
0.418604651162791	2	40	1
0.552631578947368	2	40	1
0.547619047619048	2	40	1
0.552631578947368	2	40	1
0.35	2	40	1
0.404761904761905	2	40	1
0.576923076923077	2	40	1
0.513513513513513	2	40	1
0.4	2	40	1
0.614035087719298	2	40	1
0.488888888888889	2	40	1
0.419354838709677	2	40	1
0.647058823529412	2	40	1
0.517857142857143	2	40	1
0.534883720930233	2	40	1
0.291666666666667	2	40	1
0.186046511627907	2	40	1
0.342857142857143	2	40	1
0.416666666666667	2	40	1
0.545454545454545	2	40	1
0.418604651162791	2	40	1
0.25	2	40	1
0.526315789473684	2	40	1
0.454545454545455	2	40	1
0.604651162790698	2	40	1
0.472222222222222	2	40	1
0.511111111111111	2	40	1
0.46	2	40	1
0.379310344827586	2	40	1
0.543478260869565	2	40	1
0.489795918367347	2	40	1
0.666666666666667	2	40	1
0.428571428571429	2	40	1
0.419354838709677	2	40	1
0.461538461538462	2	40	1
0.538461538461538	2	40	1
0.268292682926829	2	40	1
0.444444444444444	2	40	1
0.416666666666667	2	40	1
0.65	2	40	1
0.5625	2	40	1
0.471698113207547	2	40	1
0.409090909090909	2	40	1
0.634146341463415	2	40	1
0.580645161290323	2	40	1
0.433962264150943	2	40	1
0.454545454545455	2	40	1
0.5	2	40	1
0.526315789473684	2	40	1
0.507936507936508	2	40	1
0.636363636363636	2	40	1
0.659574468085106	2	40	1
0.416666666666667	2	40	1
0.444444444444444	2	40	1
0.272727272727273	2	40	1
0.461538461538462	2	40	1
0.5	2	40	1
0.571428571428571	2	40	1
0.5	2	40	1
0.566666666666667	2	40	1
0.684210526315789	2	40	1
0.486486486486487	2	40	1
0.488888888888889	2	40	1
0.425	2	40	1
0.48780487804878	2	40	1
0.617647058823529	2	40	1
0.44	2	40	1
0.611111111111111	2	40	1
0.462962962962963	2	40	1
0.568965517241379	2	40	1
0.432432432432432	2	40	1
0.466666666666667	2	40	1
0.439024390243902	2	40	1
0.472222222222222	2	40	1
0.432432432432432	2	40	1
0.608695652173913	2	40	1
0.132075471698113	2	40	1
0.115384615384615	2	40	1
0.483870967741935	2	40	1
0.388888888888889	2	40	1
0.43859649122807	2	40	1
0.419354838709677	2	40	1
0.5	2	40	1
0.2	2	40	1
0.568181818181818	2	40	1
0.533333333333333	2	40	1
0.608695652173913	2	40	1
0.555555555555556	2	40	1
0.645161290322581	2	40	1
0.611111111111111	2	40	1
0.484848484848485	2	40	1
0.517857142857143	2	40	1
0.387096774193548	2	40	1
0.41304347826087	2	40	1
0.526315789473684	2	40	1
0.434782608695652	2	40	1
0.452830188679245	2	40	1
0.380952380952381	2	40	1
0.541666666666667	2	40	1
0.571428571428571	2	40	1
0.121951219512195	2	40	1
0.65625	2	40	1
0.714285714285714	2	40	1
0.347826086956522	2	40	1
0.485714285714286	2	40	1
0.5	2	40	1
0.571428571428571	2	40	1
0.351351351351351	2	40	1
0.277777777777778	2	40	1
0.441176470588235	2	40	1
0.510204081632653	2	40	1
0.534883720930233	2	40	1
0.4	2	40	1
0.361702127659574	2	40	1
0.357142857142857	2	40	1
0.552631578947368	2	40	1
0.197183098591549	2	40	1
0.405405405405405	2	40	1
0.530612244897959	2	40	1
0.5	2	40	1
0.55	2	40	1
0.325	2	40	1
0.344262295081967	2	40	1
0.432432432432432	2	40	1
0.380952380952381	2	40	1
0.45	2	40	1
0.714285714285714	2	40	1
0.611111111111111	2	40	1
0.465116279069767	2	40	1
0.568181818181818	2	40	1
0.480769230769231	2	40	1
0.423076923076923	2	40	1
0.428571428571429	2	40	1
0.138888888888889	2	40	1
0.588235294117647	2	40	1
0.34375	2	40	1
0.558823529411765	2	40	1
0.526315789473684	2	40	1
0.565217391304348	2	40	1
0.125	2	40	1
0.487179487179487	2	40	1
0.5	2	40	1
0.470588235294118	2	40	1
0.535714285714286	2	40	1
0.513513513513513	2	40	1
0.513513513513513	2	40	1
0.411764705882353	2	40	1
0.595238095238095	2	40	1
0.346938775510204	2	40	1
0.564102564102564	2	40	1
0.558823529411765	2	40	1
0.378378378378378	2	40	1
0.543478260869565	2	40	1
0.636363636363636	2	40	1
0.0980392156862745	2	40	1
0.546875	2	40	1
0.477272727272727	2	40	1
0.588235294117647	2	40	1
0.5	2	40	1
0.480769230769231	2	40	1
0.454545454545455	2	40	1
0.604651162790698	2	40	1
0.285714285714286	2	40	1
0.513513513513513	2	40	1
0.439024390243902	2	40	1
0.638297872340426	2	40	1
0.354166666666667	2	40	1
0.365853658536585	2	40	1
0.555555555555556	2	40	1
0.560975609756098	2	40	1
0.590909090909091	2	40	1
0.490196078431373	2	40	1
0.432432432432432	2	40	1
0.459459459459459	2	40	1
0.35	2	40	1
0.48780487804878	2	40	1
0.571428571428571	2	40	1
0.59375	2	40	1
0.545454545454545	2	40	1
0.478260869565217	2	40	1
0.465116279069767	2	40	1
0.578947368421053	2	40	1
0.333333333333333	2	40	1
0.471698113207547	2	40	1
0.473684210526316	2	40	1
0.511627906976744	2	40	1
0.268292682926829	2	40	1
0.470588235294118	2	40	1
0.526315789473684	2	40	1
0.456521739130435	2	40	1
0.382978723404255	2	40	1
0.6	2	40	1
0.444444444444444	2	40	1
0.585365853658537	2	40	1
0.428571428571429	2	40	1
0.51219512195122	2	40	1
0.490196078431373	2	40	1
0.454545454545455	2	40	1
0.689655172413793	2	40	1
0.342105263157895	2	40	1
0.609756097560976	2	40	1
0.4	2	40	1
1	2	40	1
0.5625	2	40	1
0.523809523809524	2	40	1
0.566666666666667	2	40	1
0.533333333333333	2	40	1
0.512820512820513	2	40	1
0.5	2	40	1
0.375	2	40	1
0.459459459459459	2	40	1
0.324324324324324	2	40	1
0.478260869565217	2	40	1
0.530612244897959	2	40	1
0.436363636363636	2	40	1
0.333333333333333	2	40	1
0.5	2	40	1
0.444444444444444	2	40	1
0.323529411764706	2	40	1
0.5	2	40	1
0.375	2	40	1
0.6	2	40	1
0.571428571428571	2	40	1
0.435897435897436	2	40	1
0.372093023255814	2	40	1
0.323529411764706	2	40	1
0.46875	2	40	1
0.594594594594595	2	40	1
0.232558139534884	2	40	1
0.6	2	40	1
0.457142857142857	2	40	1
0.5	2	40	1
0.366666666666667	2	40	1
0.470588235294118	2	40	1
0.235294117647059	2	40	1
0.592592592592593	2	40	1
0.552631578947368	2	40	1
0.53125	2	40	1
0.4375	2	40	1
0.4	2	40	1
0.5	2	40	1
0.444444444444444	2	40	1
0.456521739130435	2	40	1
0.425531914893617	2	40	1
0.428571428571429	2	40	1
0.531914893617021	2	40	1
0.48	2	40	1
0.560975609756098	2	40	1
0.36734693877551	2	40	1
0.6	2	40	1
0.42	2	40	1
0.513513513513513	2	40	1
0.627906976744186	2	40	1
0.535714285714286	2	40	1
0.189189189189189	2	40	1
0.307692307692308	2	40	1
0.590909090909091	2	40	1
0.571428571428571	2	40	1
0.591836734693878	2	40	1
0.609756097560976	2	40	1
0.472222222222222	2	40	1
0.527272727272727	2	40	1
0.521739130434783	2	40	1
0.58695652173913	2	40	1
0.477272727272727	2	40	1
0.512820512820513	2	40	1
0.392156862745098	2	40	1
0.634146341463415	2	40	1
0.388888888888889	2	40	1
0.48	2	40	1
0.6	2	40	1
0.9	2	40	1
0.55	2	40	1
0.461538461538462	2	40	1
0.466666666666667	2	40	1
0.487179487179487	2	40	1
0.382352941176471	2	40	1
0.534883720930233	2	40	1
0.418604651162791	2	40	1
0.442307692307692	2	40	1
0.558823529411765	2	40	1
0.222222222222222	2	40	1
0.520833333333333	2	40	1
0.458333333333333	2	40	1
0.466666666666667	2	40	1
0.435897435897436	2	40	1
0.571428571428571	2	40	1
0.625	2	40	1
0.473684210526316	2	40	1
0.42	2	40	1
0.46875	2	40	1
0.583333333333333	2	40	1
0.424242424242424	2	40	1
0.465116279069767	2	40	1
0.538461538461538	2	40	1
0.404761904761905	2	40	1
0.560975609756098	2	40	1
0.6875	2	40	1
0.512820512820513	2	40	1
0.461538461538462	2	40	1
0.481481481481481	2	40	1
0.5	2	40	1
0.588235294117647	2	40	1
0.5	2	40	1
0.333333333333333	2	40	1
0.428571428571429	2	40	1
0.48780487804878	2	40	1
0.642857142857143	2	40	1
0.314814814814815	2	40	1
0.434782608695652	2	40	1
0.333333333333333	2	40	1
0.5	2	40	1
0.476190476190476	2	40	1
0.536585365853659	2	40	1
0.470588235294118	2	40	1
0.380952380952381	2	40	1
0.571428571428571	2	40	1
0.379310344827586	2	40	1
1	2	40	1
0.56	2	40	1
0.466666666666667	2	40	1
0.545454545454545	2	40	1
0.448275862068966	2	40	1
0.479166666666667	2	40	1
0.444444444444444	2	40	1
0.522727272727273	2	40	1
0.5	2	40	1
0.577777777777778	2	40	1
0.516129032258065	2	40	1
0.333333333333333	2	40	1
0.511111111111111	2	40	1
0.541666666666667	2	40	1
0.5	2	40	1
0.533333333333333	2	40	1
0.538461538461538	2	40	1
0.565217391304348	2	40	1
0.577777777777778	2	40	1
0.472727272727273	2	40	1
0.611111111111111	2	40	1
0.531914893617021	2	40	1
0.607142857142857	2	40	1
0.526315789473684	2	40	1
0.444444444444444	2	40	1
0.470588235294118	2	40	1
0.238095238095238	2	40	1
0.480769230769231	2	40	1
0.478260869565217	2	40	1
0.574074074074074	2	40	1
0.595238095238095	2	40	1
0.266666666666667	2	40	1
0.288888888888889	2	40	1
0.627450980392157	2	40	1
0.6	2	40	1
0.363636363636364	2	40	1
0.574074074074074	2	40	1
0.527777777777778	2	40	1
0.583333333333333	2	40	1
0.333333333333333	2	40	1
0.428571428571429	2	40	1
0.5	2	40	1
0.558823529411765	2	40	1
0.411764705882353	2	40	1
0.421052631578947	2	40	1
0.404255319148936	2	40	1
0.481481481481481	2	40	1
0.5	2	40	1
0.552631578947368	2	40	1
0.575757575757576	2	40	1
0.433333333333333	2	40	1
0.348837209302326	2	40	1
0.459459459459459	2	40	1
0.377777777777778	2	40	1
0.741935483870968	2	40	1
0.452380952380952	2	40	1
0.555555555555556	2	40	1
0.264705882352941	2	40	1
0.490566037735849	2	40	1
0.5625	2	40	1
0.206896551724138	2	40	1
0.434782608695652	2	40	1
0.116666666666667	2	40	1
0.540540540540541	2	40	1
0.395348837209302	2	40	1
0.432432432432432	2	40	1
0.529411764705882	2	40	1
0.520833333333333	2	40	1
0.5	2	40	1
0.591836734693878	2	40	1
0.459459459459459	2	40	1
0.128205128205128	2	40	1
0.553191489361702	2	40	1
0.441860465116279	2	40	1
0.530612244897959	2	40	1
0.59375	2	40	1
0.451612903225806	2	40	1
0.531914893617021	2	40	1
0.482758620689655	2	40	1
0.553191489361702	2	40	1
0.5	2	40	1
0.341463414634146	2	40	1
0.522727272727273	2	40	1
0.5	2	40	1
0.552631578947368	2	40	1
0.5	2	40	1
0.342857142857143	2	40	1
0.535714285714286	2	40	1
0.51063829787234	2	40	1
0.581395348837209	2	40	1
0.595238095238095	2	40	1
0.571428571428571	2	40	1
0.518518518518518	2	40	1
0.428571428571429	2	40	1
0.470588235294118	2	40	1
0.242424242424242	2	40	1
0.444444444444444	2	40	1
0.484848484848485	2	40	1
0.37037037037037	2	40	1
0.358974358974359	2	40	1
0.428571428571429	2	40	1
0.405405405405405	2	40	1
0.425	2	40	1
0.679245283018868	2	40	1
0.53125	2	40	1
0.352941176470588	2	40	1
0.5	2	40	1
0.254545454545455	2	40	1
0.442307692307692	2	40	1
0.536585365853659	2	40	1
0.488372093023256	2	40	1
0.571428571428571	2	40	1
0.509803921568627	2	40	1
0.3125	2	40	1
0.545454545454545	2	40	1
0.414634146341463	2	40	1
0.541666666666667	2	40	1
0.459459459459459	2	40	1
0.307692307692308	2	40	1
0.588235294117647	2	40	1
0.475	2	40	1
0.241379310344828	2	40	1
0.444444444444444	2	40	1
0.476190476190476	2	40	1
0.583333333333333	2	40	1
0.636363636363636	2	40	1
0.106382978723404	2	40	1
0.3125	2	40	1
0.514285714285714	2	40	1
0.6	2	40	1
0.636363636363636	2	40	1
0.115384615384615	2	40	1
0.428571428571429	2	40	1
0.470588235294118	2	40	1
0.515151515151515	2	40	1
0.555555555555556	2	40	1
0.5	2	40	1
0.470588235294118	2	40	1
0.411764705882353	2	40	1
0.490909090909091	2	40	1
0.44	2	40	1
0.563636363636364	2	40	1
0.555555555555556	2	40	1
0.344827586206897	2	40	1
0.527777777777778	2	40	1
0.72	2	40	1
0.242424242424242	2	40	1
0.458333333333333	2	40	1
0.568181818181818	2	40	1
0.136363636363636	2	40	1
0.394736842105263	2	40	1
0.466666666666667	2	40	1
0.611111111111111	2	40	1
0.45	2	40	1
0.16	2	40	1
0.513513513513513	2	40	1
0.347826086956522	2	40	1
0.333333333333333	2	40	1
0.555555555555556	2	40	1
0.304347826086957	2	40	1
0.730769230769231	2	40	1
0.526315789473684	2	40	1
0.266666666666667	2	40	1
0.193548387096774	2	40	1
0.340425531914894	2	40	1
0.486486486486487	2	40	1
0.333333333333333	2	40	1
0.631578947368421	2	40	1
0.433962264150943	2	40	1
0.431818181818182	2	40	1
0.538461538461538	2	40	1
0.302325581395349	2	40	1
0.511111111111111	2	40	1
0.424242424242424	2	40	1
0.58974358974359	2	40	1
0.742857142857143	2	40	1
0.58	2	40	1
0.439024390243902	2	40	1
0.682926829268293	2	40	1
0.515151515151515	2	40	1
0.537037037037037	2	40	1
0.9	2	40	1
0.545454545454545	2	40	1
0.115384615384615	2	40	1
0.4	2	40	1
0.176470588235294	2	40	1
0.1875	2	40	1
0.236842105263158	2	40	1
0.658536585365854	2	40	1
0.391304347826087	2	40	1
0.555555555555556	2	40	1
0.5	2	40	1
0.486486486486487	2	40	1
0.611111111111111	2	40	1
0.222222222222222	2	40	1
0.5	2	40	1
0.476190476190476	2	40	1
0.421052631578947	2	40	1
0.462962962962963	2	40	1
0.469387755102041	2	40	1
0.609756097560976	2	40	1
0.5	2	40	1
0.37037037037037	2	40	1
0.5	2	40	1
0.548387096774194	2	40	1
0.486486486486487	2	40	1
0.590909090909091	2	40	1
0.53125	2	40	1
0.583333333333333	2	40	1
0.152173913043478	2	40	1
0.476190476190476	2	40	1
0.533333333333333	2	40	1
0.558823529411765	2	40	1
0.615384615384615	2	40	1
0.516129032258065	2	40	1
0.294117647058824	2	40	1
0.75	2	40	1
0.531914893617021	2	40	1
0.261904761904762	2	40	1
0.523809523809524	2	40	1
0.641025641025641	2	40	1
0.568181818181818	2	40	1
0.48780487804878	2	40	1
0.2	2	40	1
0.55	2	40	1
0.542857142857143	2	40	1
0.473684210526316	2	40	1
0.65	2	40	1
0.588235294117647	2	40	1
0.268292682926829	2	40	1
0.542857142857143	2	40	1
0.41304347826087	2	40	1
0.41025641025641	2	40	1
0.523809523809524	2	40	1
0.5	2	40	1
0.468085106382979	2	40	1
0.422222222222222	2	40	1
0.333333333333333	2	40	1
0.333333333333333	2	40	1
0.479166666666667	2	40	1
0.538461538461538	2	40	1
0.153846153846154	2	40	1
0.577777777777778	2	40	1
0.657894736842105	2	40	1
0.358974358974359	2	40	1
0.607142857142857	2	40	1
0.326086956521739	2	40	1
0.466666666666667	2	40	1
0.606060606060606	2	40	1
0.4	2	40	1
0.511111111111111	2	40	1
0.46875	2	40	1
0.51219512195122	2	40	1
0.4	2	40	1
0.675	2	40	1
0.5	2	40	1
0.12962962962963	2	40	1
0.489795918367347	2	40	1
0.28125	2	40	1
0.530612244897959	2	40	1
0.456521739130435	2	40	1
0.578947368421053	2	40	1
0.586206896551724	2	40	1
0.571428571428571	2	40	1
0.552631578947368	2	40	1
0.705882352941177	2	40	1
0.641025641025641	2	40	1
0.488888888888889	2	40	1
0.567567567567568	2	40	1
0.404761904761905	2	40	1
0.145833333333333	2	40	1
0.363636363636364	2	40	1
0.513513513513513	2	40	1
0.6	2	40	1
0.4	2	40	1
0.230769230769231	2	40	1
0.6	2	40	1
0.441860465116279	2	40	1
0.465116279069767	2	40	1
0.439024390243902	2	40	1
0.407407407407407	2	40	1
0.521739130434783	2	40	1
0.395833333333333	2	40	1
0.4	2	40	1
0.523809523809524	2	40	1
0.479166666666667	2	40	1
0.5	2	40	1
0.5	2	40	1
0.296296296296296	2	40	1
0.166666666666667	2	40	1
0.431818181818182	2	40	1
0.517857142857143	2	40	1
0.484848484848485	2	40	1
0.472222222222222	2	40	1
0.344827586206897	2	40	1
0.269230769230769	2	40	1
0.407407407407407	2	40	1
0.54	2	40	1
0.482758620689655	2	40	1
0.377777777777778	2	40	1
0.448979591836735	2	40	1
0.564102564102564	2	40	1
0.542857142857143	2	40	1
0.378378378378378	2	40	1
0.446808510638298	2	40	1
0.533333333333333	2	40	1
0.636363636363636	2	40	1
0.575757575757576	2	40	1
0.621621621621622	2	40	1
0.585365853658537	2	40	1
0.476190476190476	2	40	1
0.444444444444444	2	40	1
0.452830188679245	2	40	1
0.534883720930233	2	40	1
0.6	2	40	1
0.3	2	40	1
0.395348837209302	2	40	1
0.447368421052632	2	40	1
0.396551724137931	2	40	1
0.25	2	40	1
0.5	2	40	1
0.571428571428571	2	40	1
0.434782608695652	2	40	1
0.529411764705882	2	40	1
0.48780487804878	2	40	1
0.535714285714286	2	40	1
0.37037037037037	2	40	1
0.333333333333333	2	40	1
0.5	2	40	1
0.153846153846154	2	40	1
0.526315789473684	2	40	1
0.434782608695652	2	40	1
0.456521739130435	2	40	1
0.5	2	40	1
0.523809523809524	2	40	1
0.615384615384615	2	40	1
0.351351351351351	2	40	1
0.425	2	40	1
0.448275862068966	2	40	1
0.5625	2	40	1
0.365853658536585	2	40	1
0.609756097560976	2	40	1
0.481481481481481	2	40	1
0.482758620689655	2	40	1
0.525	2	40	1
0.4	2	40	1
0.818181818181818	2	40	1
0.545454545454545	2	40	1
0.615384615384615	2	40	1
0.545454545454545	2	40	1
0.434782608695652	2	40	1
0.513513513513513	2	40	1
0.361111111111111	2	40	1
0.379310344827586	2	40	1
0.628571428571429	2	40	1
0.37037037037037	2	40	1
0.6	2	40	1
0.448275862068966	2	40	1
0.534883720930233	2	40	1
0.468085106382979	2	40	1
0.163265306122449	2	40	1
0.428571428571429	2	40	1
0.488372093023256	2	40	1
0.384615384615385	2	40	1
0.5	2	40	1
0.42	2	40	1
0.69047619047619	2	40	1
0.115384615384615	2	40	1
0.524590163934426	2	40	1
0.470588235294118	2	40	1
0.382978723404255	2	40	1
0.352941176470588	2	40	1
0.433962264150943	2	40	1
0.317073170731707	2	40	1
0.433333333333333	2	40	1
0.394736842105263	2	40	1
0.465116279069767	2	40	1
0.0909090909090909	2	40	1
0.567567567567568	2	40	1
0.577777777777778	2	40	1
0.38	2	40	1
0.560975609756098	2	40	1
0.692307692307692	2	40	1
0.4375	2	40	1
0.416666666666667	2	40	1
0.454545454545455	2	40	1
0.4	2	40	1
0.428571428571429	2	40	1
0.486486486486487	2	40	1
0.393939393939394	2	40	1
0.377358490566038	2	40	1
0.454545454545455	2	40	1
0.411764705882353	2	40	1
0.454545454545455	2	40	1
0.528301886792453	2	40	1
0.540540540540541	2	40	1
0.4375	2	40	1
0.264705882352941	2	40	1
0.486486486486487	2	40	1
0.490909090909091	2	40	1
0.447368421052632	2	40	1
0.571428571428571	2	40	1
0.525423728813559	2	40	1
0.523809523809524	2	40	1
0.621621621621622	2	40	1
0.321428571428571	2	40	1
0.387096774193548	2	40	1
0.450980392156863	2	40	1
0.448979591836735	2	40	1
0.553571428571429	2	40	1
0.634146341463415	2	40	1
0.433333333333333	2	40	1
0.456521739130435	2	40	1
0.56	2	40	1
0.404761904761905	2	40	1
0.592592592592593	2	40	1
0.355555555555556	2	40	1
0.461538461538462	2	40	1
0.323529411764706	2	40	1
0.3	2	40	1
0.5	2	40	1
0.447368421052632	2	40	1
0.4	2	40	1
0.509433962264151	2	40	1
0.447368421052632	2	40	1
0.452830188679245	2	40	1
0.466666666666667	2	40	1
0.416666666666667	2	40	1
0.272727272727273	2	40	1
0.16	2	40	1
0.585365853658537	2	40	1
0.477272727272727	2	40	1
0.5	2	40	1
0.5	2	40	1
0.424242424242424	2	40	1
0.466666666666667	2	40	1
0.355555555555556	2	40	1
0.441176470588235	2	40	1
0.414634146341463	2	40	1
0.15	2	40	1
0.53448275862069	2	40	1
0.533333333333333	2	40	1
0.416666666666667	2	40	1
0.333333333333333	2	40	1
0.479166666666667	2	40	1
0.525	2	40	1
0.642857142857143	2	40	1
0.416666666666667	2	40	1
0.541666666666667	2	40	1
0.571428571428571	2	40	1
0.529411764705882	2	40	1
0.5	2	40	1
0.5625	2	40	1
0.560975609756098	2	40	1
0.525	2	40	1
0.456521739130435	2	40	1
0.228571428571429	2	40	1
0.529411764705882	2	40	1
0.394736842105263	2	40	1
0.648648648648649	2	40	1
0.477272727272727	2	40	1
0.648648648648649	2	40	1
0.4	2	40	1
0.627450980392157	2	40	1
0.5	2	40	1
0.5	2	40	1
0.193548387096774	2	40	1
0.380952380952381	2	40	1
0.434782608695652	2	40	1
0.513513513513513	2	40	1
0.5	2	40	1
0.478260869565217	2	40	1
0.4	2	40	1
0.458333333333333	2	40	1
0.41304347826087	2	40	1
0.44	2	40	1
0.416666666666667	2	40	1
0.625	2	40	1
0.5	2	40	1
0.490566037735849	2	40	1
0.509803921568627	2	40	1
0.391304347826087	2	40	1
0.59375	2	40	1
0.419354838709677	2	40	1
0.2	2	40	1
0.25	2	40	1
0.596491228070175	2	40	1
0.606060606060606	2	40	1
0.5	2	40	1
0.432432432432432	2	40	1
0.450980392156863	2	40	1
0.384615384615385	2	40	1
0.619047619047619	2	40	1
0.4375	2	40	1
0.55	2	40	1
0.509433962264151	2	40	1
0.413793103448276	2	40	1
0.555555555555556	2	40	1
0.447368421052632	2	40	1
0.469387755102041	2	40	1
0.447368421052632	2	40	1
0.481481481481481	2	40	1
0.222222222222222	2	40	1
0.526315789473684	2	40	1
0.621621621621622	2	40	1
0.48936170212766	2	40	1
0.45	2	40	1
0.432432432432432	2	40	1
0.5	2	40	1
0.5	2	40	1
0.596153846153846	2	40	1
0.558139534883721	2	40	1
0.482758620689655	2	40	1
0.657142857142857	2	40	1
0.541666666666667	2	40	1
0.372093023255814	2	40	1
0.596153846153846	2	40	1
0.517241379310345	2	40	1
0.375	2	40	1
0.392857142857143	2	40	1
0.424242424242424	2	40	1
0.424242424242424	2	40	1
0.555555555555556	2	40	1
0.461538461538462	2	40	1
0.513513513513513	2	40	1
0.555555555555556	2	40	1
0.323529411764706	2	40	1
0.606060606060606	2	40	1
0.515151515151515	2	40	1
0.439024390243902	2	40	1
0.348837209302326	2	40	1
0.522727272727273	2	40	1
0.466666666666667	2	40	1
0.421052631578947	2	40	1
0.511627906976744	2	40	1
0.558139534883721	2	40	1
0.41025641025641	2	40	1
0.378378378378378	2	40	1
0.34	2	40	1
0.5	2	40	1
0.351351351351351	2	40	1
0.575	2	40	1
0.521739130434783	2	40	1
0.666666666666667	2	40	1
0.162790697674419	2	40	1
0.52	2	40	1
0.451612903225806	2	40	1
0.5	2	40	1
0.523809523809524	2	40	1
0.459459459459459	2	40	1
0.477272727272727	2	40	1
0.5	2	40	1
0.48780487804878	2	40	1
0.32258064516129	2	40	1
0.434782608695652	2	40	1
0.476190476190476	2	40	1
0.666666666666667	2	40	1
0.382352941176471	2	40	1
0.488372093023256	2	40	1
0.611111111111111	2	40	1
0.75	2	40	1
0.595744680851064	2	40	1
0.166666666666667	2	40	1
0.2	2	40	1
0.597014925373134	2	40	1
0.451612903225806	2	40	1
0.481481481481481	2	40	1
0.137931034482759	2	40	1
0.40625	2	40	1
0.42	2	40	1
0.571428571428571	2	40	1
0.508474576271186	2	40	1
0.439024390243902	2	40	1
0.552631578947368	2	40	1
0.161290322580645	2	40	1
0.450980392156863	2	40	1
0.446428571428571	2	40	1
0.48780487804878	2	40	1
0.478260869565217	2	40	1
0.4	2	40	1
0.454545454545455	2	40	1
0.358974358974359	2	40	1
0.5	2	40	1
0.468085106382979	2	40	1
0.439024390243902	2	40	1
0.13953488372093	2	40	1
0.617021276595745	2	40	1
0.685714285714286	2	40	1
0.521739130434783	2	40	1
0.518518518518518	2	40	1
0.153846153846154	2	40	1
0.142857142857143	2	40	1
0.146341463414634	2	40	1
0.15	2	40	1
0.162162162162162	2	40	1
0.166666666666667	2	40	1
0.24	2	40	1
0.551724137931034	2	40	1
0.459459459459459	2	40	1
0.526315789473684	2	40	1
0.321428571428571	2	40	1
0.466666666666667	2	40	1
0.321428571428571	2	40	1
0.44	2	40	1
0.514285714285714	2	40	1
0.472222222222222	2	40	1
0.357142857142857	2	40	1
0.558823529411765	2	40	1
0.666666666666667	2	40	1
0.347826086956522	2	40	1
0.571428571428571	2	40	1
0.176470588235294	2	40	1
0.487179487179487	2	40	1
0.625	2	40	1
0.428571428571429	2	40	1
0.4	2	40	1
0.371428571428571	2	40	1
0.342857142857143	2	40	1
0.458333333333333	2	40	1
0.5	2	40	1
0.490909090909091	2	40	1
0.195652173913043	2	40	1
0.175	2	40	1
0.545454545454545	2	40	1
0.6	2	40	1
0.380952380952381	2	40	1
0.628571428571429	2	40	1
0.51063829787234	2	40	1
0.533333333333333	2	40	1
0.37037037037037	2	40	1
0.48936170212766	2	40	1
0.4375	2	40	1
0.530612244897959	2	40	1
0.555555555555556	2	40	1
0.407407407407407	2	40	1
0.189189189189189	2	40	1
0.132075471698113	2	40	1
0.0806451612903226	2	40	1
0.4375	2	40	1
0.52	2	40	1
0.547619047619048	2	40	1
0.543478260869565	2	40	1
0.45	2	40	1
0.333333333333333	2	40	1
0.609756097560976	2	40	1
0.431818181818182	2	40	1
0.129032258064516	2	40	1
0.477272727272727	2	40	1
0.5	2	40	1
0.268292682926829	2	40	1
0.446428571428571	2	40	1
0.28125	2	40	1
0.63265306122449	2	40	1
0.463414634146341	2	40	1
0.486486486486487	2	40	1
0.459459459459459	2	40	1
0.527777777777778	2	40	1
0.5	2	40	1
0.258064516129032	2	40	1
0.583333333333333	2	40	1
0.421052631578947	2	40	1
0.487179487179487	2	40	1
0.363636363636364	2	40	1
0.441176470588235	2	40	1
0.558823529411765	2	40	1
0.404255319148936	2	40	1
0.510204081632653	2	40	1
0.48780487804878	2	40	1
0.458333333333333	2	40	1
0.558823529411765	2	40	1
0.418181818181818	2	40	1
0.611111111111111	2	40	1
0.547169811320755	2	40	1
0.530612244897959	2	40	1
0.869565217391304	2	40	1
0.454545454545455	2	40	1
0.565217391304348	2	40	1
0.447368421052632	2	40	1
0.361702127659574	2	40	1
0.28	2	40	1
0.448979591836735	2	40	1
0.361111111111111	2	40	1
0.435897435897436	2	40	1
0.526315789473684	2	40	1
0.456521739130435	2	40	1
