VAF	CN	avg.depth	purity
0.833333333333333	2	20	0.9
0.739130434782609	2	20	0.9
0.769230769230769	2	20	0.9
0.764705882352941	2	20	0.9
0.733333333333333	2	20	0.9
0.9	2	20	0.9
0.807692307692308	2	20	0.9
0.6	2	20	0.9
0.8	2	20	0.9
0.772727272727273	2	20	0.9
0.5	2	20	0.9
0.8	2	20	0.9
0.37037037037037	2	20	0.9
0.782608695652174	2	20	0.9
0.941176470588235	2	20	0.9
0.346153846153846	4	36	0.9
0.321428571428571	4	36	0.9
0.421052631578947	4	36	0.9
0.461538461538462	4	36	0.9
0.4	4	36	0.9
0.242424242424242	4	36	0.9
0.435897435897436	4	36	0.9
0.342105263157895	4	36	0.9
0.212121212121212	4	36	0.9
0.13953488372093	4	36	0.9
0.283333333333333	4	36	0.9
0.260869565217391	4	36	0.9
0.4	4	36	0.9
0.6	4	36	0.9
0.384615384615385	4	36	0.9
0.51219512195122	4	36	0.9
0.413793103448276	4	36	0.9
0.387755102040816	4	36	0.9
0.294117647058824	4	36	0.9
0.294117647058824	4	36	0.9
0.441860465116279	4	36	0.9
0.324324324324324	4	36	0.9
0.478260869565217	4	36	0.9
0.439024390243902	4	36	0.9
0.611111111111111	4	36	0.9
0.333333333333333	4	36	0.9
0.5	4	36	0.9
0.255813953488372	4	36	0.9
0.27027027027027	4	36	0.9
0.25	4	36	0.9
0.357142857142857	4	36	0.9
0.368421052631579	4	36	0.9
0.122448979591837	4	36	0.9
0.382352941176471	4	36	0.9
0.424242424242424	4	36	0.9
0.1875	4	36	0.9
0.170731707317073	4	36	0.9
0.205882352941176	4	36	0.9
0.171428571428571	4	36	0.9
0.173076923076923	4	36	0.9
0.391304347826087	4	36	0.9
0.2	4	36	0.9
0.111111111111111	4	36	0.9
0.358490566037736	4	36	0.9
0.243243243243243	4	36	0.9
0.232558139534884	4	36	0.9
0.62962962962963	4	36	0.9
0.375	4	36	0.9
0.710526315789474	4	36	0.9
0.730769230769231	4	36	0.9
0.620689655172414	4	36	0.9
0.535714285714286	4	36	0.9
0.214285714285714	4	36	0.9
0.122448979591837	4	36	0.9
0.2	4	36	0.9
0.204081632653061	4	36	0.9
0.432432432432432	4	36	0.9
0.454545454545455	4	36	0.9
0.179487179487179	4	36	0.9
0.612903225806452	4	36	0.9
0.461538461538462	4	36	0.9
0.209302325581395	4	36	0.9
0.163265306122449	4	36	0.9
0.5	4	36	0.9
0.285714285714286	4	36	0.9
0.227272727272727	4	36	0.9
0.179487179487179	4	36	0.9
0.222222222222222	4	36	0.9
0.157894736842105	4	36	0.9
0.393939393939394	4	36	0.9
0.173913043478261	4	36	0.9
0.538461538461538	4	36	0.9
0.153846153846154	4	36	0.9
0.363636363636364	4	36	0.9
0.27027027027027	4	36	0.9
0.451612903225806	4	36	0.9
0.435897435897436	4	36	0.9
0.238095238095238	4	36	0.9
0.526315789473684	4	36	0.9
0.133333333333333	4	36	0.9
0.545454545454545	4	36	0.9
0.176470588235294	4	36	0.9
0.540540540540541	4	36	0.9
0.380952380952381	4	36	0.9
0.488888888888889	4	36	0.9
0.0967741935483871	4	36	0.9
0.162790697674419	4	36	0.9
0.5	4	36	0.9
0.3	4	36	0.9
0.5	4	36	0.9
0.448275862068966	4	36	0.9
0.42	4	36	0.9
0.244897959183673	4	36	0.9
0.148148148148148	4	36	0.9
0.230769230769231	4	36	0.9
0.419354838709677	4	36	0.9
0.464285714285714	4	36	0.9
0.545454545454545	4	36	0.9
0.285714285714286	4	36	0.9
0.368421052631579	4	36	0.9
0.368421052631579	4	36	0.9
0.193548387096774	4	36	0.9
0.5	4	36	0.9
0.5	4	36	0.9
0.421052631578947	4	36	0.9
0.542857142857143	4	36	0.9
0.514285714285714	4	36	0.9
0.523809523809524	4	36	0.9
0.333333333333333	4	36	0.9
0.451612903225806	4	36	0.9
0.461538461538462	4	36	0.9
0.472222222222222	4	36	0.9
0.340909090909091	4	36	0.9
0.4	4	36	0.9
0.212121212121212	4	36	0.9
0.4	4	36	0.9
0.394736842105263	4	36	0.9
0.65	4	36	0.9
0.409090909090909	4	36	0.9
0.519230769230769	4	36	0.9
0.484848484848485	4	36	0.9
0.615384615384615	4	36	0.9
0.414634146341463	4	36	0.9
0.514285714285714	4	36	0.9
0.575757575757576	4	36	0.9
0.269230769230769	4	36	0.9
0.514285714285714	4	36	0.9
0.176470588235294	4	36	0.9
0.333333333333333	4	36	0.9
0.45	4	36	0.9
0.12	4	36	0.9
0.142857142857143	4	36	0.9
0.155555555555556	4	36	0.9
0.212121212121212	4	36	0.9
0.454545454545455	4	36	0.9
0.382352941176471	4	36	0.9
0.473684210526316	4	36	0.9
0.115384615384615	4	36	0.9
0.263157894736842	4	36	0.9
0.297297297297297	4	36	0.9
0.5	4	36	0.9
0.5	4	36	0.9
0.0967741935483871	4	36	0.9
0.542857142857143	4	36	0.9
0.435897435897436	4	36	0.9
0.142857142857143	4	36	0.9
0.272727272727273	4	36	0.9
0.222222222222222	4	36	0.9
0.214285714285714	4	36	0.9
0.368421052631579	4	36	0.9
0.275	4	36	0.9
0.151515151515152	4	36	0.9
0.270833333333333	4	36	0.9
0.348837209302326	4	36	0.9
0.4	4	36	0.9
0.1875	4	36	0.9
0.181818181818182	4	36	0.9
0.457142857142857	4	36	0.9
0.48936170212766	4	36	0.9
0.2	4	36	0.9
0.590909090909091	4	36	0.9
0.555555555555556	4	36	0.9
0.156626506024096	4	36	0.9
0.282051282051282	4	36	0.9
0.522727272727273	4	36	0.9
0.392156862745098	4	36	0.9
0.392857142857143	4	36	0.9
0.394736842105263	4	36	0.9
0.526315789473684	4	36	0.9
0.181818181818182	4	36	0.9
0.431818181818182	4	36	0.9
0.454545454545455	4	36	0.9
0.24390243902439	4	36	0.9
0.458333333333333	4	36	0.9
0.13953488372093	4	36	0.9
0.461538461538462	4	36	0.9
0.232558139534884	4	36	0.9
0.388888888888889	4	36	0.9
0.285714285714286	4	36	0.9
0.538461538461538	4	36	0.9
0.571428571428571	4	36	0.9
0.297872340425532	4	36	0.9
0.222222222222222	4	36	0.9
0.48	4	36	0.9
0.5	4	36	0.9
0.179487179487179	4	36	0.9
0.228571428571429	4	36	0.9
0.216216216216216	4	36	0.9
0.210526315789474	4	36	0.9
0.418604651162791	4	36	0.9
0.590909090909091	4	36	0.9
0.444444444444444	4	36	0.9
0.447368421052632	4	36	0.9
0.147058823529412	4	36	0.9
0.48780487804878	4	36	0.9
0.405405405405405	4	36	0.9
0.526315789473684	4	36	0.9
0.542857142857143	4	36	0.9
0.307692307692308	4	36	0.9
0.551724137931034	4	36	0.9
0.5	4	36	0.9
0.551724137931034	4	36	0.9
0.529411764705882	4	36	0.9
0.425531914893617	4	36	0.9
0.130434782608696	4	36	0.9
0.4	4	36	0.9
0.4	4	36	0.9
0.333333333333333	4	36	0.9
0.25	4	36	0.9
0.441860465116279	4	36	0.9
0.366666666666667	4	36	0.9
0.405405405405405	4	36	0.9
0.387755102040816	4	36	0.9
0.5	4	36	0.9
0.230769230769231	4	36	0.9
0.294117647058824	4	36	0.9
0.547619047619048	4	36	0.9
0.391304347826087	4	36	0.9
0.6	4	36	0.9
0.193548387096774	4	36	0.9
0.432432432432432	4	36	0.9
0.4	4	36	0.9
0.404761904761905	4	36	0.9
0.342857142857143	4	36	0.9
0.375	4	36	0.9
0.489795918367347	4	36	0.9
0.184210526315789	4	36	0.9
0.461538461538462	4	36	0.9
0.452830188679245	4	36	0.9
0.205128205128205	4	36	0.9
0.428571428571429	4	36	0.9
0.323529411764706	4	36	0.9
0.5625	4	36	0.9
0.275862068965517	4	36	0.9
0.2	4	36	0.9
0.32	4	36	0.9
0.459459459459459	4	36	0.9
0.769230769230769	4	36	0.9
0.183673469387755	4	36	0.9
0.485714285714286	4	36	0.9
0.475	4	36	0.9
0.225806451612903	4	36	0.9
0.166666666666667	4	36	0.9
0.321428571428571	4	36	0.9
0.459459459459459	4	36	0.9
0.170731707317073	4	36	0.9
0.454545454545455	4	36	0.9
0.393939393939394	4	36	0.9
0.527777777777778	4	36	0.9
0.5	4	36	0.9
0.162162162162162	4	36	0.9
0.131578947368421	4	36	0.9
0.194444444444444	4	36	0.9
0.289473684210526	4	36	0.9
0.6	4	36	0.9
0.435897435897436	4	36	0.9
0.333333333333333	4	36	0.9
0.5	4	36	0.9
0.152173913043478	4	36	0.9
0.53125	4	36	0.9
0.423076923076923	4	36	0.9
0.125	4	36	0.9
0.228571428571429	4	36	0.9
0.380952380952381	4	36	0.9
0.4	4	36	0.9
0.523809523809524	4	36	0.9
0.473684210526316	4	36	0.9
0.347826086956522	4	36	0.9
0.551724137931034	4	36	0.9
0.5	4	36	0.9
0.513513513513513	4	36	0.9
0.483870967741935	4	36	0.9
0.296296296296296	4	36	0.9
0.157894736842105	4	36	0.9
0.5	4	36	0.9
0.24	4	36	0.9
0.166666666666667	4	36	0.9
0.4	4	36	0.9
0.486486486486487	4	36	0.9
0.115384615384615	4	36	0.9
0.255813953488372	4	36	0.9
0.542857142857143	4	36	0.9
0.195121951219512	4	36	0.9
0.428571428571429	4	36	0.9
0.55	4	36	0.9
0.459459459459459	4	36	0.9
0.404255319148936	4	36	0.9
0.454545454545455	4	36	0.9
0.5	4	36	0.9
0.439024390243902	4	36	0.9
0.392857142857143	4	36	0.9
0.142857142857143	4	36	0.9
0.468085106382979	4	36	0.9
0.243243243243243	4	36	0.9
0.423076923076923	4	36	0.9
0.413793103448276	4	36	0.9
0.5	4	36	0.9
0.21875	4	36	0.9
0.21875	4	36	0.9
0.122448979591837	4	36	0.9
0.264705882352941	4	36	0.9
0.361111111111111	4	36	0.9
0.243243243243243	4	36	0.9
0.189189189189189	4	36	0.9
0.233333333333333	4	36	0.9
0.516129032258065	4	36	0.9
0.409090909090909	4	36	0.9
0.176470588235294	4	36	0.9
0.282051282051282	4	36	0.9
0.468085106382979	4	36	0.9
0.486486486486487	4	36	0.9
0.583333333333333	4	36	0.9
0.563636363636364	4	36	0.9
0.638297872340426	4	36	0.9
0.18	4	36	0.9
0.142857142857143	4	36	0.9
0.355555555555556	4	36	0.9
0.484848484848485	4	36	0.9
0.361702127659574	4	36	0.9
0.32258064516129	4	36	0.9
0.511111111111111	4	36	0.9
0.357142857142857	4	36	0.9
0.514285714285714	4	36	0.9
0.304347826086957	4	36	0.9
0.257142857142857	4	36	0.9
0.203703703703704	4	36	0.9
0.205882352941176	4	36	0.9
0.176470588235294	4	36	0.9
0.388888888888889	4	36	0.9
0.59375	4	36	0.9
0.473684210526316	4	36	0.9
0.263157894736842	4	36	0.9
0.16	4	36	0.9
0.377358490566038	4	36	0.9
0.142857142857143	4	36	0.9
0.516129032258065	4	36	0.9
0.162162162162162	4	36	0.9
0.368421052631579	4	36	0.9
0.46875	4	36	0.9
0.152173913043478	4	36	0.9
0.3	4	36	0.9
0.53125	4	36	0.9
0.481481481481481	4	36	0.9
0.285714285714286	4	36	0.9
0.435897435897436	4	36	0.9
0.382352941176471	4	36	0.9
0.366666666666667	4	36	0.9
0.380952380952381	4	36	0.9
0.481481481481481	4	36	0.9
0.166666666666667	4	36	0.9
0.34	4	36	0.9
0.214285714285714	4	36	0.9
0.314285714285714	4	36	0.9
0.529411764705882	4	36	0.9
0.606060606060606	4	36	0.9
0.657142857142857	4	36	0.9
0.194444444444444	4	36	0.9
0.318181818181818	4	36	0.9
0.173913043478261	4	36	0.9
0.515151515151515	4	36	0.9
0.486486486486487	4	36	0.9
0.282051282051282	4	36	0.9
0.162162162162162	4	36	0.9
0.111111111111111	4	36	0.9
0.457142857142857	4	36	0.9
0.434782608695652	4	36	0.9
0.323529411764706	4	36	0.9
0.416666666666667	4	36	0.9
0.179487179487179	4	36	0.9
0.134615384615385	4	36	0.9
0.216216216216216	4	36	0.9
0.228571428571429	4	36	0.9
0.477272727272727	4	36	0.9
0.428571428571429	4	36	0.9
0.342105263157895	4	36	0.9
0.422222222222222	4	36	0.9
0.134615384615385	4	36	0.9
0.342105263157895	4	36	0.9
0.2	4	36	0.9
0.238095238095238	4	36	0.9
0.473684210526316	4	36	0.9
0.459459459459459	4	36	0.9
0.372549019607843	4	36	0.9
0.548387096774194	4	36	0.9
0.461538461538462	4	36	0.9
0.486486486486487	4	36	0.9
0.21875	4	36	0.9
0.342105263157895	4	36	0.9
0.48936170212766	4	36	0.9
0.416666666666667	4	36	0.9
0.442307692307692	4	36	0.9
0.28125	4	36	0.9
0.413793103448276	4	36	0.9
0.369565217391304	4	36	0.9
0.488372093023256	4	36	0.9
0.59375	4	36	0.9
0.289473684210526	4	36	0.9
0.119047619047619	4	36	0.9
0.461538461538462	4	36	0.9
0.15	4	36	0.9
0.6	4	36	0.9
0.441176470588235	4	36	0.9
0.171428571428571	4	36	0.9
0.466666666666667	4	36	0.9
0.368421052631579	4	36	0.9
0.34375	4	36	0.9
0.268292682926829	4	36	0.9
0.377777777777778	4	36	0.9
0.475	4	36	0.9
0.489795918367347	4	36	0.9
0.433333333333333	4	36	0.9
0.615384615384615	4	36	0.9
0.351351351351351	4	36	0.9
0.551724137931034	4	36	0.9
0.448275862068966	4	36	0.9
0.24	4	36	0.9
0.153846153846154	4	36	0.9
0.461538461538462	4	36	0.9
0.194444444444444	4	36	0.9
0.184210526315789	4	36	0.9
0.548387096774194	4	36	0.9
0.409090909090909	4	36	0.9
0.5	4	36	0.9
0.128205128205128	4	36	0.9
0.208333333333333	4	36	0.9
0.181818181818182	4	36	0.9
0.3	4	36	0.9
0.285714285714286	4	36	0.9
0.363636363636364	4	36	0.9
0.519230769230769	4	36	0.9
0.451612903225806	4	36	0.9
0.533333333333333	4	36	0.9
0.25	4	36	0.9
0.40625	4	36	0.9
0.514285714285714	4	36	0.9
0.526315789473684	4	36	0.9
0.24390243902439	4	36	0.9
0.181818181818182	4	36	0.9
0.377777777777778	4	36	0.9
0.531914893617021	4	36	0.9
0.454545454545455	4	36	0.9
0.390243902439024	4	36	0.9
0.285714285714286	4	36	0.9
0.235294117647059	4	36	0.9
0.487179487179487	4	36	0.9
0.441860465116279	4	36	0.9
0.533333333333333	4	36	0.9
0.491228070175439	4	36	0.9
0.571428571428571	4	36	0.9
0.285714285714286	4	36	0.9
0.2	4	36	0.9
0.534883720930233	4	36	0.9
0.130434782608696	4	36	0.9
0.459459459459459	4	36	0.9
0.224489795918367	4	36	0.9
0.461538461538462	4	36	0.9
0.439024390243902	4	36	0.9
0.611111111111111	4	36	0.9
0.230769230769231	4	36	0.9
0.125	4	36	0.9
0.305555555555556	4	36	0.9
0.448275862068966	4	36	0.9
0.358974358974359	4	36	0.9
0.45	4	36	0.9
0.421052631578947	4	36	0.9
0.235294117647059	4	36	0.9
0.205882352941176	4	36	0.9
0.425	4	36	0.9
0.425	4	36	0.9
0.52	4	36	0.9
0.387096774193548	4	36	0.9
0.358974358974359	4	36	0.9
0.342857142857143	4	36	0.9
0.5625	4	36	0.9
0.135135135135135	4	36	0.9
0.25	4	36	0.9
0.416666666666667	4	36	0.9
0.481481481481481	4	36	0.9
0.51219512195122	4	36	0.9
0.282051282051282	4	36	0.9
0.19047619047619	4	36	0.9
0.585365853658537	4	36	0.9
0.19047619047619	4	36	0.9
0.48936170212766	4	36	0.9
0.545454545454545	4	36	0.9
0.230769230769231	4	36	0.9
0.553191489361702	4	36	0.9
0.390243902439024	4	36	0.9
0.48936170212766	4	36	0.9
0.541666666666667	4	36	0.9
0.428571428571429	4	36	0.9
0.166666666666667	4	36	0.9
0.2	4	36	0.9
0.472222222222222	4	36	0.9
0.292682926829268	4	36	0.9
0.157894736842105	4	36	0.9
0.346153846153846	4	36	0.9
0.5	4	36	0.9
0.333333333333333	4	36	0.9
0.4	4	36	0.9
0.368421052631579	4	36	0.9
0.310344827586207	4	36	0.9
0.413793103448276	4	36	0.9
0.431818181818182	4	36	0.9
0.162790697674419	4	36	0.9
0.394736842105263	4	36	0.9
0.547619047619048	4	36	0.9
0.395348837209302	4	36	0.9
0.108695652173913	4	36	0.9
0.51219512195122	4	36	0.9
0.387096774193548	4	36	0.9
0.32258064516129	4	36	0.9
0.32	4	36	0.9
0.439024390243902	4	36	0.9
0.470588235294118	4	36	0.9
0.605263157894737	4	36	0.9
0.386363636363636	4	36	0.9
0.214285714285714	4	36	0.9
0.423076923076923	4	36	0.9
0.159090909090909	4	36	0.9
0.421875	4	36	0.9
0.321428571428571	4	36	0.9
0.148936170212766	4	36	0.9
0.266666666666667	4	36	0.9
0.132075471698113	4	36	0.9
0.538461538461538	4	36	0.9
0.333333333333333	4	36	0.9
0.297297297297297	4	36	0.9
0.5	4	36	0.9
0.41025641025641	4	36	0.9
0.465116279069767	4	36	0.9
0.379310344827586	4	36	0.9
0.432432432432432	4	36	0.9
0.236842105263158	4	36	0.9
0.471698113207547	4	36	0.9
0.523809523809524	4	36	0.9
0.163636363636364	4	36	0.9
0.282051282051282	4	36	0.9
0.19047619047619	4	36	0.9
0.4	4	36	0.9
0.452380952380952	4	36	0.9
0.162162162162162	4	36	0.9
0.421052631578947	4	36	0.9
0.4	4	36	0.9
0.4	4	36	0.9
0.333333333333333	4	36	0.9
0.133333333333333	4	36	0.9
0.527777777777778	4	36	0.9
0.407407407407407	4	36	0.9
0.159090909090909	4	36	0.9
0.25	4	36	0.9
0.451612903225806	4	36	0.9
0.157894736842105	4	36	0.9
0.551020408163265	4	36	0.9
0.125	4	36	0.9
0.606060606060606	4	36	0.9
0.487179487179487	4	36	0.9
0.258064516129032	4	36	0.9
0.511627906976744	4	36	0.9
0.368421052631579	4	36	0.9
0.114285714285714	4	36	0.9
0.542857142857143	4	36	0.9
0.285714285714286	4	36	0.9
0.173913043478261	4	36	0.9
0.482758620689655	4	36	0.9
0.521739130434783	4	36	0.9
0.25	4	36	0.9
0.522727272727273	4	36	0.9
0.529411764705882	4	36	0.9
0.145833333333333	4	36	0.9
0.538461538461538	4	36	0.9
0.444444444444444	4	36	0.9
0.522727272727273	4	36	0.9
0.5	4	36	0.9
0.333333333333333	4	36	0.9
0.259259259259259	4	36	0.9
0.404255319148936	4	36	0.9
0.4	4	36	0.9
0.203703703703704	4	36	0.9
0.236842105263158	4	36	0.9
0.463414634146341	4	36	0.9
0.514285714285714	4	36	0.9
0.416666666666667	4	36	0.9
0.448275862068966	4	36	0.9
0.548387096774194	4	36	0.9
0.30952380952381	4	36	0.9
0.32258064516129	4	36	0.9
0.25	4	36	0.9
0.131578947368421	4	36	0.9
0.433333333333333	4	36	0.9
0.48	4	36	0.9
0.441860465116279	4	36	0.9
0.15	4	36	0.9
0.571428571428571	4	36	0.9
0.425531914893617	4	36	0.9
0.263157894736842	4	36	0.9
0.15	4	36	0.9
0.55	4	36	0.9
0.48	4	36	0.9
0.529411764705882	4	36	0.9
0.184210526315789	4	36	0.9
0.41025641025641	4	36	0.9
0.25531914893617	4	36	0.9
0.193548387096774	4	36	0.9
0.186046511627907	4	36	0.9
0.488372093023256	4	36	0.9
0.366666666666667	4	36	0.9
0.48780487804878	4	36	0.9
0.378378378378378	4	36	0.9
0.46875	4	36	0.9
0.146341463414634	4	36	0.9
0.470588235294118	4	36	0.9
0.111111111111111	4	36	0.9
0.32258064516129	4	36	0.9
0.526315789473684	4	36	0.9
0.439024390243902	4	36	0.9
0.448275862068966	4	36	0.9
0.1875	4	36	0.9
0.55	4	36	0.9
0.472222222222222	4	36	0.9
0.46875	4	36	0.9
0.464285714285714	4	36	0.9
0.291666666666667	4	36	0.9
0.45	4	36	0.9
0.538461538461538	4	36	0.9
0.136363636363636	4	36	0.9
0.228571428571429	4	36	0.9
0.1875	4	36	0.9
0.535714285714286	4	36	0.9
0.148148148148148	4	36	0.9
0.457142857142857	4	36	0.9
0.354838709677419	4	36	0.9
0.166666666666667	4	36	0.9
0.365853658536585	4	36	0.9
0.448275862068966	4	36	0.9
0.575	4	36	0.9
0.46875	4	36	0.9
0.354838709677419	4	36	0.9
0.147058823529412	4	36	0.9
0.216216216216216	4	36	0.9
0.131578947368421	4	36	0.9
0.4	4	36	0.9
0.348837209302326	4	36	0.9
0.525	4	36	0.9
0.7	4	36	0.9
0.315789473684211	4	36	0.9
0.28	4	36	0.9
0.393939393939394	4	36	0.9
0.25	4	36	0.9
0.454545454545455	4	36	0.9
0.568181818181818	4	36	0.9
0.514285714285714	4	36	0.9
0.222222222222222	4	36	0.9
0.333333333333333	4	36	0.9
0.365853658536585	4	36	0.9
0.518518518518518	4	36	0.9
0.3125	4	36	0.9
0.16	4	36	0.9
0.2	4	36	0.9
0.441176470588235	4	36	0.9
0.470588235294118	4	36	0.9
0.294117647058824	4	36	0.9
0.285714285714286	4	36	0.9
0.294117647058824	4	36	0.9
0.5	4	36	0.9
0.179487179487179	4	36	0.9
0.272727272727273	4	36	0.9
0.157894736842105	4	36	0.9
0.153846153846154	4	36	0.9
0.384615384615385	4	36	0.9
0.432432432432432	4	36	0.9
0.162790697674419	4	36	0.9
0.642857142857143	4	36	0.9
0.454545454545455	4	36	0.9
0.608695652173913	4	36	0.9
0.117647058823529	4	36	0.9
0.225806451612903	4	36	0.9
0.441176470588235	4	36	0.9
0.179487179487179	4	36	0.9
0.216216216216216	4	36	0.9
0.378378378378378	4	36	0.9
0.272727272727273	4	36	0.9
0.318181818181818	4	36	0.9
0.382978723404255	4	36	0.9
0.405405405405405	4	36	0.9
0.108108108108108	4	36	0.9
0.315789473684211	4	36	0.9
0.552631578947368	4	36	0.9
0.388888888888889	4	36	0.9
0.170731707317073	4	36	0.9
0.488372093023256	4	36	0.9
0.369565217391304	4	36	0.9
0.4	4	36	0.9
0.260869565217391	4	36	0.9
0.428571428571429	4	36	0.9
0.46875	4	36	0.9
0.5	4	36	0.9
0.195121951219512	4	36	0.9
0.372549019607843	4	36	0.9
0.566666666666667	4	36	0.9
0.344827586206897	4	36	0.9
0.219512195121951	4	36	0.9
0.545454545454545	4	36	0.9
0.269230769230769	4	36	0.9
0.511627906976744	4	36	0.9
0.6	4	36	0.9
0.421052631578947	4	36	0.9
0.5	4	36	0.9
0.230769230769231	4	36	0.9
0.15625	4	36	0.9
0.317073170731707	4	36	0.9
0.0925925925925926	4	36	0.9
0.317073170731707	4	36	0.9
0.432432432432432	4	36	0.9
0.41025641025641	4	36	0.9
0.6	4	36	0.9
0.4	4	36	0.9
0.283018867924528	4	36	0.9
0.181818181818182	4	36	0.9
0.444444444444444	4	36	0.9
0.642857142857143	4	36	0.9
0.230769230769231	4	36	0.9
0.19047619047619	4	36	0.9
0.534883720930233	4	36	0.9
0.454545454545455	4	36	0.9
0.166666666666667	4	36	0.9
0.441176470588235	4	36	0.9
0.454545454545455	4	36	0.9
0.488372093023256	4	36	0.9
0.361111111111111	4	36	0.9
0.176470588235294	4	36	0.9
0.473684210526316	4	36	0.9
0.424242424242424	4	36	0.9
0.384615384615385	4	36	0.9
0.5625	4	36	0.9
0.272727272727273	4	36	0.9
0.52	4	36	0.9
0.263157894736842	4	36	0.9
0.545454545454545	4	36	0.9
0.407407407407407	4	36	0.9
0.214285714285714	4	36	0.9
0.256410256410256	4	36	0.9
0.46875	4	36	0.9
0.189189189189189	4	36	0.9
0.189189189189189	4	36	0.9
0.454545454545455	4	36	0.9
0.333333333333333	4	36	0.9
0.581395348837209	4	36	0.9
0.606060606060606	4	36	0.9
0.297872340425532	4	36	0.9
0.217391304347826	4	36	0.9
0.196078431372549	4	36	0.9
0.457142857142857	4	36	0.9
0.153846153846154	4	36	0.9
0.117647058823529	4	36	0.9
0.5	4	36	0.9
0.638297872340426	4	36	0.9
0.196078431372549	4	36	0.9
0.378378378378378	4	36	0.9
0.515151515151515	4	36	0.9
0.464285714285714	4	36	0.9
0.5	4	36	0.9
0.419354838709677	4	36	0.9
0.529411764705882	4	36	0.9
0.256410256410256	4	36	0.9
0.522727272727273	4	36	0.9
0.425531914893617	4	36	0.9
0.272727272727273	4	36	0.9
0.416666666666667	4	36	0.9
0.264705882352941	4	36	0.9
0.235294117647059	4	36	0.9
0.243243243243243	4	36	0.9
0.189189189189189	4	36	0.9
0.266666666666667	4	36	0.9
0.181818181818182	4	36	0.9
0.219512195121951	4	36	0.9
0.580645161290323	4	36	0.9
0.566666666666667	4	36	0.9
0.37037037037037	4	36	0.9
0.40625	4	36	0.9
0.5	4	36	0.9
0.620689655172414	4	36	0.9
0.257142857142857	4	36	0.9
0.628571428571429	4	36	0.9
0.32258064516129	4	36	0.9
0.567567567567568	4	36	0.9
0.485714285714286	4	36	0.9
0.2	4	36	0.9
0.469387755102041	4	36	0.9
0.463414634146341	4	36	0.9
0.311111111111111	4	36	0.9
0.39622641509434	4	36	0.9
0.35	4	36	0.9
0.433333333333333	4	36	0.9
0.25	4	36	0.9
0.488888888888889	4	36	0.9
0.529411764705882	4	36	0.9
0.714285714285714	4	36	0.9
0.366666666666667	4	36	0.9
0.317073170731707	4	36	0.9
0.4	4	36	0.9
0.230769230769231	4	36	0.9
0.423076923076923	4	36	0.9
0.323529411764706	4	36	0.9
0.40625	4	36	0.9
0.575	4	36	0.9
0.136363636363636	4	36	0.9
0.258064516129032	4	36	0.9
0.166666666666667	4	36	0.9
0.235294117647059	4	36	0.9
0.489795918367347	4	36	0.9
0.5	4	36	0.9
0.444444444444444	4	36	0.9
0.230769230769231	4	36	0.9
0.444444444444444	4	36	0.9
0.395348837209302	4	36	0.9
0.15	4	36	0.9
0.529411764705882	4	36	0.9
0.2	4	36	0.9
0.290322580645161	4	36	0.9
0.513513513513513	4	36	0.9
0.433333333333333	4	36	0.9
0.277777777777778	4	36	0.9
0.25	4	36	0.9
0.333333333333333	4	36	0.9
0.612903225806452	4	36	0.9
0.461538461538462	4	36	0.9
0.314285714285714	4	36	0.9
0.928571428571429	4	36	0.9
0.5	4	36	0.9
0.425	4	36	0.9
0.6	4	36	0.9
0.171428571428571	4	36	0.9
0.488372093023256	4	36	0.9
0.166666666666667	4	36	0.9
0.162790697674419	4	36	0.9
0.162790697674419	4	36	0.9
0.5	4	36	0.9
0.366666666666667	4	36	0.9
0.391304347826087	4	36	0.9
0.171428571428571	4	36	0.9
0.162162162162162	4	36	0.9
0.222222222222222	4	36	0.9
0.333333333333333	4	36	0.9
0.3	4	36	0.9
0.230769230769231	4	36	0.9
0.52	4	36	0.9
0.5	4	36	0.9
0.224489795918367	4	36	0.9
0.384615384615385	4	36	0.9
0.205882352941176	4	36	0.9
0.346153846153846	4	36	0.9
0.314285714285714	4	36	0.9
0.466666666666667	4	36	0.9
0.277777777777778	4	36	0.9
0.5	4	36	0.9
0.25	4	36	0.9
0.204545454545455	4	36	0.9
0.184210526315789	4	36	0.9
0.264705882352941	4	36	0.9
0.351351351351351	4	36	0.9
0.32258064516129	4	36	0.9
0.464285714285714	4	36	0.9
0.38	4	36	0.9
0.179487179487179	4	36	0.9
0.424242424242424	4	36	0.9
0.441860465116279	4	36	0.9
0.375	4	36	0.9
0.222222222222222	4	36	0.9
0.463414634146341	4	36	0.9
0.434782608695652	4	36	0.9
0.241379310344828	4	36	0.9
0.392857142857143	4	36	0.9
0.5	4	36	0.9
0.428571428571429	4	36	0.9
0.32258064516129	4	36	0.9
0.483870967741935	4	36	0.9
0.378378378378378	4	36	0.9
0.2	4	36	0.9
0.538461538461538	4	36	0.9
0.348837209302326	4	36	0.9
0.657894736842105	4	36	0.9
0.210526315789474	4	36	0.9
0.2	4	36	0.9
0.463414634146341	4	36	0.9
0.382352941176471	4	36	0.9
0.13953488372093	4	36	0.9
0.542857142857143	4	36	0.9
0.434782608695652	4	36	0.9
0.260869565217391	4	36	0.9
0.424242424242424	4	36	0.9
0.483870967741935	4	36	0.9
0.18	4	36	0.9
0.321428571428571	4	36	0.9
0.342105263157895	4	36	0.9
0.358974358974359	4	36	0.9
0.173913043478261	4	36	0.9
0.408163265306122	4	36	0.9
0.465116279069767	4	36	0.9
0.62962962962963	4	36	0.9
0.447368421052632	4	36	0.9
0.244897959183673	4	36	0.9
0.42	4	36	0.9
0.433333333333333	4	36	0.9
0.325	4	36	0.9
0.255813953488372	4	36	0.9
0.571428571428571	4	36	0.9
0.541666666666667	4	36	0.9
0.393939393939394	4	36	0.9
0.5	4	36	0.9
0.291666666666667	4	36	0.9
0.464285714285714	4	36	0.9
0.147058823529412	4	36	0.9
0.490909090909091	4	36	0.9
0.241379310344828	4	36	0.9
0.148148148148148	4	36	0.9
0.368421052631579	4	36	0.9
0.444444444444444	4	36	0.9
0.444444444444444	4	36	0.9
0.375	4	36	0.9
0.433333333333333	4	36	0.9
0.333333333333333	4	36	0.9
0.382978723404255	4	36	0.9
0.3125	4	36	0.9
0.928571428571429	4	36	0.9
0.928571428571429	4	36	0.9
0.236842105263158	4	36	0.9
0.422222222222222	4	36	0.9
0.465116279069767	4	36	0.9
0.363636363636364	4	36	0.9
0.32	4	36	0.9
0.53125	4	36	0.9
0.105263157894737	4	36	0.9
0.244897959183673	4	36	0.9
0.255813953488372	4	36	0.9
0.535714285714286	4	36	0.9
0.606060606060606	4	36	0.9
0.375	4	36	0.9
0.5	4	36	0.9
0.604651162790698	4	36	0.9
0.45	4	36	0.9
0.514285714285714	4	36	0.9
0.5625	4	36	0.9
0.153846153846154	4	36	0.9
0.481481481481481	4	36	0.9
0.333333333333333	4	36	0.9
0.411764705882353	4	36	0.9
0.217391304347826	4	36	0.9
0.928571428571429	4	36	0.9
0.481481481481481	4	36	0.9
0.333333333333333	4	36	0.9
0.15625	4	36	0.9
0.424242424242424	4	36	0.9
0.409090909090909	4	36	0.9
0.214285714285714	4	36	0.9
0.310344827586207	4	36	0.9
0.52	4	36	0.9
0.285714285714286	4	36	0.9
0.413793103448276	4	36	0.9
0.375	4	36	0.9
0.459459459459459	4	36	0.9
0.444444444444444	4	36	0.9
0.12	4	36	0.9
0.133333333333333	4	36	0.9
0.428571428571429	4	36	0.9
0.5	4	36	0.9
0.228571428571429	4	36	0.9
0.588235294117647	4	36	0.9
0.552631578947368	4	36	0.9
0.615384615384615	4	36	0.9
0.228571428571429	4	36	0.9
0.191489361702128	4	36	0.9
0.551724137931034	4	36	0.9
0.25	4	36	0.9
0.311111111111111	4	36	0.9
0.0618556701030928	4	36	0.9
0.2	4	36	0.9
0.375	4	36	0.9
0.310344827586207	4	36	0.9
0.421052631578947	4	36	0.9
0.419354838709677	4	36	0.9
0.517241379310345	4	36	0.9
0.146341463414634	4	36	0.9
0.186046511627907	4	36	0.9
0.419354838709677	4	36	0.9
0.377358490566038	4	36	0.9
0.452830188679245	4	36	0.9
0.405405405405405	4	36	0.9
0.333333333333333	4	36	0.9
0.454545454545455	4	36	0.9
0.388888888888889	4	36	0.9
0.470588235294118	4	36	0.9
0.395348837209302	4	36	0.9
0.233333333333333	4	36	0.9
0.48	4	36	0.9
0.125	4	36	0.9
0.5	4	36	0.9
0.164383561643836	4	36	0.9
0.307692307692308	4	36	0.9
0.229166666666667	4	36	0.9
0.261904761904762	4	36	0.9
0.304347826086957	4	36	0.9
0.128205128205128	4	36	0.9
0.333333333333333	4	36	0.9
0.463414634146341	4	36	0.9
0.208333333333333	4	36	0.9
0.206896551724138	4	36	0.9
0.529411764705882	4	36	0.9
0.156862745098039	4	36	0.9
0.275	4	36	0.9
0.487179487179487	4	36	0.9
0.586206896551724	4	36	0.9
0.583333333333333	4	36	0.9
0.127659574468085	4	36	0.9
0.392857142857143	4	36	0.9
0.5	4	36	0.9
0.162162162162162	4	36	0.9
0.173913043478261	4	36	0.9
0.40625	4	36	0.9
0.432432432432432	4	36	0.9
0.32	4	36	0.9
0.130434782608696	4	36	0.9
0.424242424242424	4	36	0.9
