VAF	CN	avg.depth	purity
0.1875	2	19	0.67
0.2	2	19	0.67
0.588235294117647	2	19	0.67
0.136363636363636	2	19	0.67
0.285714285714286	2	19	0.67
0.142857142857143	2	19	0.67
0.305555555555556	3	28	0.67
0.434782608695652	3	28	0.67
0.136363636363636	3	28	0.67
0.16	3	28	0.67
0.157894736842105	3	28	0.67
0.25	3	28	0.67
0.15	3	28	0.67
0.157894736842105	3	28	0.67
0.142857142857143	3	28	0.67
0.538461538461538	3	28	0.67
0.3	3	28	0.67
0.3125	3	28	0.67
0.333333333333333	3	28	0.67
0.258064516129032	3	28	0.67
0.157894736842105	3	28	0.67
0.421052631578947	3	28	0.67
0.115384615384615	3	28	0.67
0.25	3	28	0.67
0.173913043478261	3	28	0.67
0.214285714285714	3	28	0.67
0.2	3	28	0.67
0.153846153846154	3	28	0.67
0.125	3	28	0.67
0.181818181818182	3	28	0.67
0.142857142857143	3	28	0.67
0.258064516129032	3	28	0.67
0.3	3	28	0.67
0.175	3	28	0.67
0.212121212121212	3	28	0.67
0.161290322580645	3	28	0.67
0.166666666666667	3	28	0.67
0.15	3	28	0.67
0.130434782608696	3	28	0.67
0.147058823529412	3	28	0.67
0.148148148148148	3	28	0.67
0.217391304347826	3	28	0.67
0.1875	3	28	0.67
0.225806451612903	3	28	0.67
0.12	3	28	0.67
0.6	3	28	0.67
0.176470588235294	3	28	0.67
0.208333333333333	3	28	0.67
0.193548387096774	3	28	0.67
0.142857142857143	3	28	0.67
0.230769230769231	3	28	0.67
0.230769230769231	3	28	0.67
0.25	3	28	0.67
0.1875	3	28	0.67
0.130434782608696	3	28	0.67
0.2	3	28	0.67
0.227272727272727	3	28	0.67
0.130434782608696	3	28	0.67
0.142857142857143	3	28	0.67
0.173913043478261	3	28	0.67
0.2	3	28	0.67
0.238095238095238	3	28	0.67
0.27027027027027	3	28	0.67
0.115384615384615	3	28	0.67
0.166666666666667	3	28	0.67
0.130434782608696	3	28	0.67
0.153846153846154	3	28	0.67
0.235294117647059	3	28	0.67
0.227272727272727	3	28	0.67
0.2	3	28	0.67
0.777777777777778	3	28	0.67
0.212121212121212	3	28	0.67
0.130434782608696	3	28	0.67
0.129032258064516	3	28	0.67
0.157894736842105	3	28	0.67
0.28	3	28	0.67
0.130434782608696	3	28	0.67
0.15625	3	28	0.67
0.1875	3	28	0.67
0.142857142857143	3	28	0.67
0.131578947368421	3	28	0.67
0.411764705882353	3	28	0.67
0.233333333333333	3	28	0.67
0.272727272727273	3	28	0.67
0.166666666666667	3	28	0.67
0.36	3	28	0.67
0.346153846153846	3	28	0.67
0.238095238095238	3	28	0.67
0.228571428571429	3	28	0.67
0.380952380952381	3	28	0.67
0.217391304347826	3	28	0.67
0.242424242424242	3	28	0.67
0.242424242424242	3	28	0.67
0.272727272727273	3	28	0.67
0.2	3	28	0.67
0.184210526315789	3	28	0.67
0.166666666666667	3	28	0.67
0.238095238095238	3	28	0.67
0.27027027027027	3	28	0.67
0.173913043478261	3	28	0.67
0.296296296296296	3	28	0.67
0.192307692307692	3	28	0.67
0.363636363636364	3	28	0.67
0.178571428571429	3	28	0.67
0.181818181818182	3	28	0.67
0.206896551724138	3	28	0.67
0.136363636363636	3	28	0.67
0.15625	3	28	0.67
0.25	3	28	0.67
0.2	3	28	0.67
0.1875	3	28	0.67
0.275862068965517	3	28	0.67
0.227272727272727	3	28	0.67
0.125	3	28	0.67
0.15	3	28	0.67
0.25	3	28	0.67
0.184210526315789	3	28	0.67
0.521739130434783	3	28	0.67
0.15	3	28	0.67
0.285714285714286	3	28	0.67
0.285714285714286	3	28	0.67
0.193548387096774	3	28	0.67
0.325	3	28	0.67
0.166666666666667	3	28	0.67
0.222222222222222	3	28	0.67
0.16	3	28	0.67
0.205882352941176	3	28	0.67
0.2	3	28	0.67
0.4	3	28	0.67
0.236842105263158	3	28	0.67
0.620689655172414	3	28	0.67
0.121951219512195	3	28	0.67
0.257142857142857	3	28	0.67
0.585365853658537	3	28	0.67
0.136363636363636	3	28	0.67
0.130434782608696	3	28	0.67
0.21875	3	28	0.67
0.451612903225806	3	28	0.67
0.136363636363636	3	28	0.67
0.315789473684211	3	28	0.67
0.157894736842105	3	28	0.67
0.1875	4	34	0.67
0.176470588235294	4	34	0.67
0.305555555555556	4	34	0.67
0.323529411764706	4	34	0.67
0.162162162162162	4	34	0.67
0.133333333333333	4	34	0.67
0.12	4	34	0.67
0.208333333333333	4	34	0.67
0.333333333333333	4	34	0.67
0.172413793103448	4	34	0.67
0.323529411764706	4	34	0.67
0.266666666666667	4	34	0.67
0.173913043478261	4	34	0.67
0.41025641025641	4	34	0.67
0.352941176470588	4	34	0.67
0.392857142857143	4	34	0.67
0.517241379310345	4	34	0.67
0.3125	4	34	0.67
0.130434782608696	4	34	0.67
0.285714285714286	4	34	0.67
0.382352941176471	4	34	0.67
0.193548387096774	4	34	0.67
0.1875	4	34	0.67
0.170731707317073	4	34	0.67
0.236842105263158	4	34	0.67
0.176470588235294	4	34	0.67
0.229166666666667	4	34	0.67
0.169811320754717	4	34	0.67
0.216216216216216	4	34	0.67
0.210526315789474	4	34	0.67
0.228571428571429	4	34	0.67
0.142857142857143	4	34	0.67
0.228571428571429	4	34	0.67
0.136363636363636	4	34	0.67
0.317073170731707	4	34	0.67
0.146341463414634	4	34	0.67
0.176470588235294	4	34	0.67
0.242424242424242	4	34	0.67
0.333333333333333	4	34	0.67
0.277777777777778	4	34	0.67
0.315789473684211	4	34	0.67
0.21875	4	34	0.67
0.444444444444444	4	34	0.67
0.217391304347826	4	34	0.67
0.170731707317073	4	34	0.67
0.177777777777778	4	34	0.67
0.181818181818182	4	34	0.67
0.318181818181818	4	34	0.67
0.166666666666667	4	34	0.67
0.133333333333333	4	34	0.67
0.176470588235294	4	34	0.67
0.117647058823529	4	34	0.67
0.193548387096774	4	34	0.67
0.2	4	34	0.67
0.166666666666667	4	34	0.67
0.206896551724138	4	34	0.67
0.259259259259259	4	34	0.67
0.142857142857143	4	34	0.67
0.105263157894737	4	34	0.67
0.571428571428571	4	34	0.67
0.159090909090909	4	34	0.67
0.551724137931034	4	34	0.67
0.297297297297297	4	34	0.67
0.171428571428571	4	34	0.67
0.130434782608696	4	34	0.67
0.3125	4	34	0.67
0.175	4	34	0.67
0.128205128205128	4	34	0.67
0.233333333333333	4	34	0.67
0.357142857142857	4	34	0.67
0.463414634146341	4	34	0.67
0.28	4	34	0.67
0.269230769230769	4	34	0.67
0.121212121212121	4	34	0.67
0.178571428571429	4	34	0.67
0.211538461538462	4	34	0.67
0.166666666666667	4	34	0.67
0.142857142857143	4	34	0.67
0.133333333333333	4	34	0.67
0.333333333333333	4	34	0.67
0.130434782608696	4	34	0.67
0.142857142857143	4	34	0.67
0.175	4	34	0.67
0.179487179487179	4	34	0.67
0.175	4	34	0.67
0.125	4	34	0.67
0.138888888888889	4	34	0.67
0.162790697674419	4	34	0.67
0.173913043478261	4	34	0.67
0.216216216216216	4	34	0.67
0.212121212121212	4	34	0.67
0.159090909090909	4	34	0.67
0.2	4	34	0.67
0.272727272727273	4	34	0.67
0.206896551724138	4	34	0.67
0.428571428571429	4	34	0.67
0.173913043478261	4	34	0.67
0.379310344827586	4	34	0.67
0.5	4	34	0.67
0.148148148148148	4	34	0.67
0.142857142857143	4	34	0.67
0.194444444444444	4	34	0.67
0.111111111111111	4	34	0.67
0.181818181818182	4	34	0.67
0.444444444444444	4	34	0.67
0.282051282051282	4	34	0.67
0.2	4	34	0.67
0.16	4	34	0.67
0.157894736842105	4	34	0.67
0.268292682926829	4	34	0.67
0.321428571428571	4	34	0.67
0.166666666666667	4	34	0.67
0.19047619047619	4	34	0.67
0.388888888888889	4	34	0.67
0.193548387096774	4	34	0.67
0.209302325581395	4	34	0.67
0.275862068965517	4	34	0.67
0.142857142857143	4	34	0.67
0.189189189189189	4	34	0.67
0.243243243243243	4	34	0.67
0.148936170212766	4	34	0.67
0.227272727272727	4	34	0.67
0.111111111111111	4	34	0.67
0.371428571428571	4	34	0.67
0.366666666666667	4	34	0.67
0.155555555555556	4	34	0.67
0.210526315789474	4	34	0.67
0.209302325581395	4	34	0.67
0.246153846153846	4	34	0.67
0.3	4	34	0.67
0.151515151515152	4	34	0.67
0.119047619047619	4	34	0.67
0.25	4	34	0.67
0.366666666666667	4	34	0.67
0.425	4	34	0.67
0.155555555555556	4	34	0.67
0.545454545454545	4	34	0.67
0.275	4	34	0.67
0.157894736842105	4	34	0.67
0.176470588235294	4	34	0.67
0.305555555555556	4	34	0.67
0.125	4	34	0.67
0.233333333333333	4	34	0.67
0.189189189189189	4	34	0.67
0.428571428571429	4	34	0.67
0.145833333333333	4	34	0.67
0.5	4	34	0.67
0.178571428571429	4	34	0.67
0.166666666666667	4	34	0.67
0.303030303030303	4	34	0.67
0.258064516129032	4	34	0.67
0.272727272727273	4	34	0.67
0.184210526315789	4	34	0.67
0.205882352941176	4	34	0.67
0.13953488372093	4	34	0.67
0.25	4	34	0.67
0.121951219512195	4	34	0.67
0.177777777777778	4	34	0.67
0.170212765957447	4	34	0.67
0.260869565217391	4	34	0.67
0.122448979591837	4	34	0.67
0.125	4	34	0.67
0.146341463414634	4	34	0.67
0.193548387096774	4	34	0.67
0.153846153846154	4	34	0.67
0.216216216216216	4	34	0.67
0.235294117647059	4	34	0.67
0.142857142857143	4	34	0.67
0.358974358974359	4	34	0.67
0.157894736842105	4	34	0.67
0.166666666666667	4	34	0.67
0.323529411764706	4	34	0.67
0.192307692307692	4	34	0.67
0.342857142857143	4	34	0.67
0.159090909090909	4	34	0.67
0.136363636363636	4	34	0.67
0.135135135135135	4	34	0.67
0.461538461538462	4	34	0.67
0.321428571428571	4	34	0.67
0.25	4	34	0.67
0.259259259259259	4	34	0.67
0.216216216216216	4	34	0.67
0.117647058823529	4	34	0.67
0.177777777777778	4	34	0.67
0.206896551724138	4	34	0.67
0.212765957446809	4	34	0.67
0.194444444444444	4	34	0.67
0.428571428571429	4	34	0.67
0.171428571428571	4	34	0.67
0.193548387096774	4	34	0.67
0.4375	4	34	0.67
0.195121951219512	4	34	0.67
0.176470588235294	4	34	0.67
0.115384615384615	4	34	0.67
0.166666666666667	4	34	0.67
0.176470588235294	4	34	0.67
0.21875	4	34	0.67
0.458333333333333	4	34	0.67
0.166666666666667	4	34	0.67
0.170731707317073	4	34	0.67
0.28	4	34	0.67
0.176470588235294	4	34	0.67
0.1875	4	34	0.67
0.205882352941176	4	34	0.67
0.235294117647059	4	34	0.67
0.333333333333333	4	34	0.67
0.5	4	34	0.67
0.529411764705882	4	34	0.67
0.224489795918367	4	34	0.67
0.333333333333333	4	34	0.67
0.204081632653061	4	34	0.67
0.233333333333333	4	34	0.67
0.162790697674419	4	34	0.67
0.125	4	34	0.67
0.295454545454545	4	34	0.67
0.170212765957447	4	34	0.67
0.1875	4	34	0.67
0.166666666666667	4	34	0.67
0.216216216216216	4	34	0.67
0.2	4	34	0.67
0.24	4	34	0.67
0.256410256410256	4	34	0.67
0.1875	4	34	0.67
0.145833333333333	4	34	0.67
0.157894736842105	4	34	0.67
0.307692307692308	4	34	0.67
0.173913043478261	4	34	0.67
0.136363636363636	4	34	0.67
0.466666666666667	4	34	0.67
0.121212121212121	4	34	0.67
0.166666666666667	4	34	0.67
0.166666666666667	4	34	0.67
0.244444444444444	4	34	0.67
0.114285714285714	4	34	0.67
0.111111111111111	4	34	0.67
0.344827586206897	4	34	0.67
0.134615384615385	4	34	0.67
0.153846153846154	4	34	0.67
0.102040816326531	4	34	0.67
0.2	4	34	0.67
0.138888888888889	4	34	0.67
0.368421052631579	4	34	0.67
0.371428571428571	4	34	0.67
0.129032258064516	4	34	0.67
0.215686274509804	4	34	0.67
0.146341463414634	4	34	0.67
0.214285714285714	4	34	0.67
0.387096774193548	4	34	0.67
0.128205128205128	4	34	0.67
0.272727272727273	4	34	0.67
0.157894736842105	4	34	0.67
0.15625	4	34	0.67
0.230769230769231	4	34	0.67
0.115384615384615	4	34	0.67
0.163265306122449	4	34	0.67
0.130434782608696	4	34	0.67
0.121951219512195	4	34	0.67
0.222222222222222	4	34	0.67
0.222222222222222	4	34	0.67
0.125	4	34	0.67
0.333333333333333	4	34	0.67
0.289473684210526	4	34	0.67
0.181818181818182	4	34	0.67
0.25	4	34	0.67
0.125	4	34	0.67
0.171428571428571	4	34	0.67
0.171428571428571	4	34	0.67
0.264705882352941	4	34	0.67
0.324324324324324	4	34	0.67
0.162790697674419	4	34	0.67
0.2	4	34	0.67
0.212121212121212	4	34	0.67
0.155555555555556	4	34	0.67
0.256410256410256	4	34	0.67
0.12	4	34	0.67
0.32258064516129	4	34	0.67
0.258064516129032	4	34	0.67
0.130434782608696	4	34	0.67
0.206896551724138	4	34	0.67
0.241379310344828	4	34	0.67
0.136363636363636	4	34	0.67
0.25	4	34	0.67
0.176470588235294	4	34	0.67
0.184210526315789	4	34	0.67
0.136363636363636	4	34	0.67
0.204081632653061	4	34	0.67
0.413793103448276	4	34	0.67
0.157894736842105	4	34	0.67
0.166666666666667	4	34	0.67
0.15	4	34	0.67
0.136363636363636	4	34	0.67
0.128205128205128	4	34	0.67
0.194444444444444	4	34	0.67
0.161290322580645	4	34	0.67
0.28	4	34	0.67
0.258064516129032	4	34	0.67
0.152173913043478	4	34	0.67
0.186046511627907	4	34	0.67
0.159090909090909	4	34	0.67
0.184210526315789	4	34	0.67
0.366666666666667	4	34	0.67
0.142857142857143	4	34	0.67
0.214285714285714	4	34	0.67
0.176470588235294	4	34	0.67
0.384615384615385	4	34	0.67
0.3	4	34	0.67
0.423076923076923	4	34	0.67
0.204545454545455	4	34	0.67
0.1875	4	34	0.67
0.155555555555556	4	34	0.67
0.325581395348837	4	34	0.67
0.340909090909091	4	34	0.67
0.108695652173913	4	34	0.67
0.291666666666667	4	34	0.67
0.188679245283019	4	34	0.67
0.2	4	34	0.67
0.342857142857143	4	34	0.67
0.225806451612903	4	34	0.67
0.178571428571429	4	34	0.67
0.1875	4	34	0.67
0.138888888888889	4	34	0.67
0.222222222222222	4	34	0.67
0.236842105263158	4	34	0.67
0.162790697674419	4	34	0.67
0.243243243243243	4	34	0.67
0.170731707317073	4	34	0.67
0.176470588235294	4	34	0.67
0.34375	4	34	0.67
0.175	4	34	0.67
0.161290322580645	4	34	0.67
0.135135135135135	4	34	0.67
0.0952380952380952	4	34	0.67
0.2	4	34	0.67
0.222222222222222	4	34	0.67
0.291666666666667	4	34	0.67
0.228571428571429	4	34	0.67
0.214285714285714	4	34	0.67
0.571428571428571	4	34	0.67
0.236842105263158	4	34	0.67
0.263157894736842	4	34	0.67
0.241379310344828	4	34	0.67
0.25	4	34	0.67
0.205882352941176	4	34	0.67
0.155555555555556	4	34	0.67
0.2	4	34	0.67
0.176470588235294	4	34	0.67
0.151515151515152	4	34	0.67
0.15	4	34	0.67
0.138888888888889	4	34	0.67
0.170731707317073	4	34	0.67
0.470588235294118	4	34	0.67
0.2	4	34	0.67
0.342105263157895	4	34	0.67
0.15625	4	34	0.67
0.166666666666667	4	34	0.67
0.129032258064516	4	34	0.67
0.206896551724138	4	34	0.67
0.138888888888889	4	34	0.67
0.2	4	34	0.67
0.25	4	34	0.67
0.392857142857143	4	34	0.67
0.490196078431373	4	34	0.67
0.232558139534884	4	34	0.67
0.315789473684211	4	34	0.67
0.12962962962963	4	34	0.67
0.238095238095238	4	34	0.67
0.136363636363636	4	34	0.67
0.333333333333333	4	34	0.67
0.25	4	34	0.67
0.113636363636364	4	34	0.67
0.179487179487179	4	34	0.67
0.15	4	34	0.67
0.142857142857143	4	34	0.67
0.166666666666667	4	34	0.67
0.205128205128205	4	34	0.67
0.162790697674419	4	34	0.67
0.125	4	34	0.67
0.162790697674419	4	34	0.67
0.142857142857143	4	34	0.67
0.222222222222222	4	34	0.67
0.15625	4	34	0.67
0.171428571428571	4	34	0.67
0.19047619047619	4	34	0.67
0.235294117647059	4	34	0.67
0.371428571428571	4	34	0.67
0.111111111111111	4	34	0.67
0.354838709677419	4	34	0.67
0.117647058823529	4	34	0.67
0.222222222222222	4	34	0.67
0.571428571428571	4	34	0.67
0.175	4	34	0.67
0.175	4	34	0.67
0.125	4	34	0.67
0.136363636363636	4	34	0.67
0.178571428571429	4	34	0.67
0.210526315789474	4	34	0.67
0.127659574468085	4	34	0.67
0.258064516129032	4	34	0.67
0.189189189189189	4	34	0.67
0.127272727272727	4	34	0.67
0.176470588235294	4	34	0.67
0.24	4	34	0.67
0.1	4	34	0.67
0.3	4	34	0.67
0.214285714285714	4	34	0.67
0.384615384615385	4	34	0.67
0.225	4	34	0.67
0.375	4	34	0.67
0.136986301369863	4	34	0.67
0.173913043478261	4	34	0.67
0.1875	4	34	0.67
0.214285714285714	4	34	0.67
0.119047619047619	4	34	0.67
0.136363636363636	4	34	0.67
0.131578947368421	4	34	0.67
0.7	4	34	0.67
0.151515151515152	4	34	0.67
0.333333333333333	4	34	0.67
0.228571428571429	4	34	0.67
0.241379310344828	4	34	0.67
0.225806451612903	4	34	0.67
0.1875	4	34	0.67
0.181818181818182	4	34	0.67
0.146341463414634	4	34	0.67
0.272727272727273	4	34	0.67
0.275862068965517	4	34	0.67
0.137931034482759	4	34	0.67
0.324324324324324	4	34	0.67
0.166666666666667	4	34	0.67
0.166666666666667	4	34	0.67
0.212121212121212	4	34	0.67
0.214285714285714	4	34	0.67
0.307692307692308	4	34	0.67
0.176470588235294	4	34	0.67
0.121212121212121	4	34	0.67
0.4	4	34	0.67
0.333333333333333	4	34	0.67
0.458333333333333	4	34	0.67
0.275862068965517	4	34	0.67
0.378378378378378	4	34	0.67
0.153846153846154	4	34	0.67
0.130434782608696	4	34	0.67
0.142857142857143	4	34	0.67
0.305555555555556	4	34	0.67
0.228571428571429	4	34	0.67
0.121212121212121	4	34	0.67
0.2	4	34	0.67
0.142857142857143	4	34	0.67
0.32	4	34	0.67
0.212121212121212	4	34	0.67
0.13953488372093	4	34	0.67
0.28	4	34	0.67
0.3125	4	34	0.67
0.119047619047619	4	34	0.67
0.205128205128205	4	34	0.67
0.176470588235294	4	34	0.67
0.212121212121212	4	34	0.67
0.157894736842105	4	34	0.67
0.235294117647059	4	34	0.67
0.303030303030303	4	34	0.67
0.28125	4	34	0.67
0.206896551724138	4	34	0.67
0.484848484848485	4	34	0.67
0.230769230769231	4	34	0.67
0.121212121212121	4	34	0.67
0.130434782608696	4	34	0.67
0.166666666666667	4	34	0.67
0.162790697674419	4	34	0.67
0.152173913043478	4	34	0.67
0.222222222222222	4	34	0.67
0.125	4	34	0.67
0.3	4	34	0.67
0.393939393939394	4	34	0.67
0.2	4	34	0.67
0.204545454545455	4	34	0.67
0.204545454545455	4	34	0.67
0.159090909090909	4	34	0.67
0.161290322580645	4	34	0.67
0.235294117647059	4	34	0.67
0.205882352941176	4	34	0.67
0.166666666666667	4	34	0.67
0.275862068965517	4	34	0.67
0.241379310344828	4	34	0.67
0.216216216216216	4	34	0.67
0.25	4	34	0.67
0.15625	4	34	0.67
0.285714285714286	4	34	0.67
0.185185185185185	4	34	0.67
0.289473684210526	4	34	0.67
0.162790697674419	4	34	0.67
0.153846153846154	4	34	0.67
0.157894736842105	4	34	0.67
0.146341463414634	4	34	0.67
0.478260869565217	4	34	0.67
0.285714285714286	4	34	0.67
0.258064516129032	4	34	0.67
0.153846153846154	4	34	0.67
0.142857142857143	4	34	0.67
0.277777777777778	4	34	0.67
0.162790697674419	4	34	0.67
0.135135135135135	4	34	0.67
0.24	4	34	0.67
0.142857142857143	4	34	0.67
0.216216216216216	4	34	0.67
0.138888888888889	4	34	0.67
0.125	4	34	0.67
0.111111111111111	4	34	0.67
0.130434782608696	4	34	0.67
0.19047619047619	4	34	0.67
0.157894736842105	4	34	0.67
0.205882352941176	4	34	0.67
0.125	4	34	0.67
0.142857142857143	4	34	0.67
0.121951219512195	4	34	0.67
0.115384615384615	4	34	0.67
0.428571428571429	4	34	0.67
0.258064516129032	4	34	0.67
0.2	4	34	0.67
0.170731707317073	4	34	0.67
0.2	4	34	0.67
0.5	4	34	0.67
0.315789473684211	4	34	0.67
0.108108108108108	4	34	0.67
0.121951219512195	4	34	0.67
0.25	4	34	0.67
0.175	4	34	0.67
0.205128205128205	4	34	0.67
0.434782608695652	4	34	0.67
0.423076923076923	4	34	0.67
0.441176470588235	4	34	0.67
0.166666666666667	4	34	0.67
0.363636363636364	4	34	0.67
0.428571428571429	4	34	0.67
0.157894736842105	4	34	0.67
0.2	4	34	0.67
0.2	4	34	0.67
