VAF	CN	avg.depth	purity
0.5	2	20	1
0.44	2	20	1
0.5	2	20	1
0.523809523809524	2	20	1
0.333333333333333	2	20	1
0.4	2	20	1
0.37037037037037	2	20	1
0.6	2	20	1
0.523809523809524	2	20	1
0.583333333333333	2	20	1
0.916666666666667	2	20	1
0.388888888888889	2	20	1
0.666666666666667	2	20	1
0.259259259259259	2	20	1
0.428571428571429	2	20	1
0.478260869565217	2	20	1
0.705882352941177	2	20	1
0.705882352941177	2	20	1
0.285714285714286	2	20	1
0.428571428571429	2	20	1
0.473684210526316	2	20	1
0.722222222222222	2	20	1
0.466666666666667	2	20	1
0.2	2	20	1
0.944444444444444	2	20	1
0.578947368421053	2	20	1
0.578947368421053	2	20	1
0.421052631578947	2	20	1
0.481481481481481	2	20	1
0.833333333333333	2	20	1
0.470588235294118	2	20	1
0.461538461538462	2	20	1
0.19047619047619	2	20	1
0.25	2	20	1
0.391304347826087	2	20	1
0.384615384615385	2	20	1
0.388888888888889	2	20	1
1	2	20	1
0.28	2	20	1
0.421052631578947	2	20	1
1	2	20	1
1	2	20	1
0.692307692307692	2	20	1
0.434782608695652	2	20	1
0.2	2	20	1
0.555555555555556	2	20	1
1	2	20	1
0.304347826086957	2	20	1
0.130434782608696	2	20	1
0.481481481481481	2	20	1
1	2	20	1
0.4	2	20	1
0.411764705882353	2	20	1
0.347826086956522	2	20	1
0.363636363636364	2	20	1
0.545454545454545	2	20	1
0.315789473684211	2	20	1
1	2	20	1
0.4	2	20	1
0.352941176470588	2	20	1
0.55	2	20	1
0.583333333333333	2	20	1
0.518518518518518	2	20	1
0.448275862068966	2	20	1
0.545454545454545	2	20	1
0.44	2	20	1
0.45	2	20	1
0.6	2	20	1
0.5	2	20	1
0.428571428571429	2	20	1
0.947368421052632	2	20	1
0.458333333333333	2	20	1
0.125	2	20	1
0.4	2	20	1
0.521739130434783	2	20	1
0.5	2	20	1
0.611111111111111	2	20	1
0.5	2	20	1
0.454545454545455	2	20	1
0.636363636363636	2	20	1
0.428571428571429	2	20	1
0.36	2	20	1
0.473684210526316	2	20	1
0.421052631578947	2	20	1
0.576923076923077	2	20	1
0.529411764705882	2	20	1
0.894736842105263	2	20	1
0.428571428571429	2	20	1
0.466666666666667	2	20	1
0.428571428571429	2	20	1
0.428571428571429	2	20	1
0.96551724137931	2	20	1
0.387096774193548	2	20	1
0.428571428571429	2	20	1
0.55	2	20	1
0.733333333333333	2	20	1
0.5	2	20	1
0.625	2	20	1
0.411764705882353	2	20	1
0.545454545454545	2	20	1
0.482758620689655	2	20	1
0.411764705882353	2	20	1
0.583333333333333	2	20	1
0.555555555555556	2	20	1
1	2	20	1
0.333333333333333	2	20	1
1	2	20	1
0.473684210526316	2	20	1
0.571428571428571	2	20	1
0.235294117647059	2	20	1
0.391304347826087	2	20	1
1	2	20	1
0.958333333333333	2	20	1
0.459459459459459	2	20	1
0.714285714285714	2	20	1
0.241379310344828	2	20	1
1	2	20	1
0.538461538461538	2	20	1
0.631578947368421	2	20	1
0.4375	2	20	1
1	2	20	1
0.478260869565217	2	20	1
0.583333333333333	2	20	1
0.380952380952381	2	20	1
0.933333333333333	2	20	1
0.166666666666667	2	20	1
1	2	20	1
0.35	2	20	1
0.538461538461538	2	20	1
0.230769230769231	2	20	1
0.526315789473684	2	20	1
1	2	20	1
0.565217391304348	2	20	1
0.5	2	20	1
0.428571428571429	2	20	1
1	2	20	1
0.380952380952381	2	20	1
1	2	20	1
0.230769230769231	2	20	1
1	2	20	1
0.272727272727273	2	20	1
0.44	2	20	1
0.777777777777778	2	20	1
0.970588235294118	2	20	1
0.6	2	20	1
0.526315789473684	2	20	1
0.65	2	20	1
0.7	2	20	1
0.733333333333333	2	20	1
0.95	2	20	1
0.6	2	20	1
0.565217391304348	2	20	1
0.3	2	20	1
0.227272727272727	2	20	1
0.285714285714286	2	20	1
0.214285714285714	3	31	1
0.25	3	31	1
0.7	3	31	1
0.324324324324324	3	31	1
0.411764705882353	3	31	1
0.272727272727273	3	31	1
0.296296296296296	3	31	1
0.321428571428571	3	31	1
0.363636363636364	3	31	1
0.184210526315789	3	31	1
0.387096774193548	3	31	1
0.1875	3	31	1
0.387096774193548	3	31	1
0.272727272727273	3	31	1
0.583333333333333	3	31	1
0.222222222222222	3	31	1
0.512820512820513	3	31	1
0.620689655172414	3	31	1
0.32	3	31	1
0.3	3	31	1
0.4	3	31	1
0.277777777777778	3	31	1
0.366666666666667	3	31	1
0.375	3	31	1
0.291666666666667	3	31	1
0.707317073170732	3	31	1
0.333333333333333	3	31	1
0.263157894736842	3	31	1
0.333333333333333	3	31	1
0.405405405405405	3	31	1
0.375	3	31	1
0.416666666666667	3	31	1
0.233333333333333	3	31	1
0.466666666666667	3	31	1
0.5	3	31	1
0.290322580645161	3	31	1
0.19047619047619	3	31	1
0.375	3	31	1
0.285714285714286	3	31	1
0.483870967741935	3	31	1
0.290322580645161	3	31	1
0.3125	3	31	1
0.166666666666667	3	31	1
0.25	3	31	1
0.27027027027027	3	31	1
0.235294117647059	3	31	1
0.290322580645161	3	31	1
0.242424242424242	3	31	1
0.405405405405405	3	31	1
0.341463414634146	3	31	1
0.5	3	31	1
0.28125	3	31	1
0.25	3	31	1
0.238095238095238	3	31	1
0.216216216216216	3	31	1
0.228571428571429	3	31	1
0.305555555555556	3	31	1
0.454545454545455	3	31	1
0.291666666666667	3	31	1
0.2	3	31	1
0.707317073170732	3	31	1
0.333333333333333	3	31	1
0.304347826086957	3	31	1
0.277777777777778	3	31	1
0.388888888888889	3	31	1
0.357142857142857	3	31	1
0.612903225806452	3	31	1
0.608695652173913	3	31	1
0.189189189189189	3	31	1
0.242424242424242	3	31	1
0.391304347826087	3	31	1
0.461538461538462	3	31	1
0.333333333333333	3	31	1
0.259259259259259	3	31	1
0.473684210526316	3	31	1
0.3	3	31	1
0.777777777777778	3	31	1
0.3125	3	31	1
0.24	3	31	1
0.375	3	31	1
0.375	3	31	1
0.428571428571429	3	31	1
0.171428571428571	3	31	1
0.470588235294118	3	31	1
0.354838709677419	3	31	1
0.382352941176471	3	31	1
0.375	3	31	1
0.285714285714286	3	31	1
0.333333333333333	3	31	1
0.333333333333333	3	31	1
0.303030303030303	3	31	1
0.418604651162791	3	31	1
0.289473684210526	3	31	1
0.263157894736842	3	31	1
0.228571428571429	3	31	1
0.457142857142857	3	31	1
0.357142857142857	3	31	1
0.294117647058824	3	31	1
0.318181818181818	3	31	1
0.3125	3	31	1
0.16	3	31	1
0.40625	3	31	1
0.32258064516129	3	31	1
0.566666666666667	3	31	1
0.666666666666667	3	31	1
0.275862068965517	3	31	1
0.377777777777778	3	31	1
0.28	3	31	1
0.6	3	31	1
0.333333333333333	3	31	1
0.264705882352941	3	31	1
0.2	3	31	1
0.7	3	31	1
0.222222222222222	3	31	1
0.444444444444444	3	31	1
0.307692307692308	3	31	1
0.40625	3	31	1
0.263157894736842	3	31	1
0.314285714285714	3	31	1
0.133333333333333	3	31	1
0.8125	3	31	1
0.269230769230769	3	31	1
0.346153846153846	3	31	1
0.310344827586207	3	31	1
0.416666666666667	3	31	1
0.171428571428571	3	31	1
0.275862068965517	3	31	1
0.444444444444444	3	31	1
0.289473684210526	3	31	1
0.3125	3	31	1
0.347826086956522	3	31	1
0.454545454545455	3	31	1
0.347826086956522	3	31	1
0.363636363636364	3	31	1
0.27027027027027	3	31	1
0.428571428571429	3	31	1
0.317073170731707	3	31	1
0.3125	3	31	1
0.25	3	31	1
0.142857142857143	3	31	1
0.535714285714286	3	31	1
0.333333333333333	3	31	1
0.294117647058824	3	31	1
0.3125	3	31	1
0.304347826086957	3	31	1
0.2	3	31	1
0.333333333333333	3	31	1
0.357142857142857	3	31	1
0.4	3	31	1
0.35	3	31	1
0.275862068965517	3	31	1
0.266666666666667	3	31	1
0.34375	3	31	1
0.238095238095238	3	31	1
0.307692307692308	3	31	1
0.548387096774194	3	31	1
0.4375	3	31	1
0.387096774193548	3	31	1
0.4	3	31	1
0.2	3	31	1
0.25	3	31	1
0.289473684210526	3	31	1
0.4	3	31	1
0.642857142857143	3	31	1
0.368421052631579	3	31	1
0.181818181818182	3	31	1
0.354838709677419	3	31	1
0.2	3	31	1
0.272727272727273	3	31	1
0.56	3	31	1
0.35	3	31	1
0.315789473684211	3	31	1
0.1875	3	31	1
0.193548387096774	3	31	1
0.27027027027027	3	31	1
0.108108108108108	3	31	1
0.3	3	31	1
0.25	3	31	1
0.172413793103448	3	31	1
0.347826086956522	3	31	1
0.28	3	31	1
0.32258064516129	3	31	1
0.235294117647059	3	31	1
0.222222222222222	3	31	1
0.25	3	31	1
0.375	3	31	1
0.214285714285714	3	31	1
0.3125	3	31	1
0.142857142857143	3	31	1
0.346153846153846	3	31	1
0.333333333333333	3	31	1
0.289473684210526	3	31	1
0.206896551724138	3	31	1
0.13953488372093	3	31	1
0.173913043478261	3	31	1
0.590909090909091	3	31	1
0.272727272727273	3	31	1
0.277777777777778	3	31	1
0.5	3	31	1
0.21875	3	31	1
0.457142857142857	3	31	1
0.323529411764706	3	31	1
0.428571428571429	3	31	1
0.428571428571429	3	31	1
0.318181818181818	3	31	1
0.551724137931034	3	31	1
0.171428571428571	3	31	1
0.222222222222222	3	31	1
0.255813953488372	3	31	1
0.1875	3	31	1
0.25	3	31	1
0.382352941176471	3	31	1
0.290322580645161	3	31	1
0.25	3	31	1
0.206896551724138	3	31	1
0.27027027027027	3	31	1
0.305555555555556	3	31	1
0.205128205128205	3	31	1
0.264705882352941	3	31	1
0.475	3	31	1
0.291666666666667	3	31	1
0.15	3	31	1
0.181818181818182	3	31	1
0.375	3	31	1
0.137931034482759	3	31	1
0.147058823529412	3	31	1
0.424242424242424	3	31	1
0.333333333333333	3	31	1
0.142857142857143	3	31	1
0.214285714285714	3	31	1
0.323529411764706	3	31	1
0.341463414634146	3	31	1
0.162162162162162	3	31	1
0.384615384615385	3	31	1
0.25	3	31	1
0.393939393939394	3	31	1
0.365853658536585	3	31	1
0.195121951219512	3	31	1
0.142857142857143	3	31	1
0.369565217391304	3	31	1
0.241379310344828	3	31	1
0.342857142857143	3	31	1
0.3125	3	31	1
0.5	3	31	1
0.21875	3	31	1
0.2	3	31	1
0.371428571428571	3	31	1
0.379310344827586	3	31	1
0.24390243902439	3	31	1
0.153846153846154	3	31	1
0.216216216216216	3	31	1
0.6	3	31	1
0.384615384615385	3	31	1
0.153846153846154	3	31	1
0.451612903225806	3	31	1
0.189189189189189	3	31	1
0.230769230769231	3	31	1
0.235294117647059	3	31	1
0.135135135135135	3	31	1
0.379310344827586	3	31	1
0.16	3	31	1
0.219512195121951	3	31	1
0.333333333333333	3	31	1
0.258064516129032	3	31	1
0.678571428571429	3	31	1
0.28125	3	31	1
0.15625	3	31	1
0.257142857142857	3	31	1
0.2	3	31	1
0.277777777777778	3	31	1
0.606060606060606	3	31	1
0.58974358974359	3	31	1
0.318181818181818	3	31	1
0.137931034482759	3	31	1
0.210526315789474	3	31	1
0.2	3	31	1
0.272727272727273	3	31	1
0.222222222222222	3	31	1
0.388888888888889	3	31	1
0.212121212121212	3	31	1
0.363636363636364	3	31	1
0.275862068965517	3	31	1
0.333333333333333	3	31	1
0.413793103448276	3	31	1
0.333333333333333	3	31	1
0.28	3	31	1
0.148148148148148	3	31	1
0.146341463414634	3	31	1
0.210526315789474	3	31	1
0.291666666666667	3	31	1
0.230769230769231	3	31	1
0.142857142857143	3	31	1
0.186046511627907	3	31	1
0.377777777777778	3	31	1
0.272727272727273	3	31	1
0.448275862068966	3	31	1
0.32	3	31	1
0.241379310344828	3	31	1
0.258064516129032	3	31	1
0.285714285714286	3	31	1
0.1875	3	31	1
0.294117647058824	3	31	1
0.295454545454545	3	31	1
0.304347826086957	3	31	1
0.321428571428571	3	31	1
0.375	3	31	1
0.25	3	31	1
0.285714285714286	3	31	1
0.222222222222222	3	31	1
0.285714285714286	3	31	1
0.428571428571429	3	31	1
0.296296296296296	3	31	1
0.473684210526316	3	31	1
0.2	3	31	1
0.296296296296296	3	31	1
0.236842105263158	3	31	1
0.354838709677419	3	31	1
0.162162162162162	3	31	1
0.272727272727273	3	31	1
0.225806451612903	3	31	1
0.257142857142857	3	31	1
0.21875	3	31	1
0.388888888888889	3	31	1
0.209302325581395	3	31	1
0.208333333333333	3	31	1
0.266666666666667	3	31	1
0.268292682926829	3	31	1
0.257142857142857	3	31	1
0.37037037037037	3	31	1
0.289473684210526	3	31	1
0.3125	3	31	1
0.137931034482759	3	31	1
0.285714285714286	3	31	1
0.620689655172414	3	31	1
0.393939393939394	3	31	1
0.161290322580645	3	31	1
0.260869565217391	3	31	1
0.55	3	31	1
0.333333333333333	3	31	1
0.176470588235294	3	31	1
0.142857142857143	3	31	1
0.222222222222222	3	31	1
0.225806451612903	3	31	1
0.378378378378378	3	31	1
0.3	3	31	1
0.2	3	31	1
0.179487179487179	3	31	1
0.285714285714286	3	31	1
0.192307692307692	3	31	1
0.268292682926829	3	31	1
0.266666666666667	3	31	1
0.3125	3	31	1
0.333333333333333	3	31	1
0.269230769230769	3	31	1
0.394736842105263	3	31	1
0.44	3	31	1
0.725	3	31	1
0.2	3	31	1
0.37037037037037	3	31	1
0.333333333333333	3	31	1
0.25	3	31	1
0.4	3	31	1
0.181818181818182	3	31	1
0.285714285714286	3	31	1
0.515151515151515	3	31	1
0.25	3	31	1
0.411764705882353	3	31	1
0.214285714285714	3	31	1
0.258064516129032	3	31	1
0.333333333333333	3	31	1
0.382352941176471	3	31	1
0.25	3	31	1
0.518518518518518	3	31	1
0.333333333333333	3	31	1
0.294117647058824	3	31	1
0.4375	3	31	1
0.447368421052632	3	31	1
0.176470588235294	3	31	1
0.290322580645161	3	31	1
0.108108108108108	3	31	1
0.355555555555556	3	31	1
0.275862068965517	3	31	1
0.36	3	31	1
0.310344827586207	3	31	1
0.32	3	31	1
0.516129032258065	3	31	1
0.689655172413793	3	31	1
0.142857142857143	3	31	1
0.3	3	31	1
0.384615384615385	3	31	1
0.40625	3	31	1
0.272727272727273	3	31	1
0.318181818181818	3	31	1
0.6875	3	31	1
0.432432432432432	3	31	1
0.189189189189189	3	31	1
0.21875	3	31	1
0.2	3	31	1
0.363636363636364	3	31	1
0.694444444444444	3	31	1
0.423076923076923	3	31	1
0.333333333333333	3	31	1
0.305555555555556	3	31	1
0.409090909090909	3	31	1
0.36	3	31	1
0.181818181818182	3	31	1
0.266666666666667	3	31	1
0.351351351351351	3	31	1
0.380952380952381	3	31	1
0.75609756097561	3	31	1
0.266666666666667	3	31	1
0.24	3	31	1
0.325	3	31	1
0.34375	3	31	1
0.285714285714286	3	31	1
0.473684210526316	3	31	1
0.28	3	31	1
0.242424242424242	3	31	1
0.333333333333333	3	31	1
0.642857142857143	3	31	1
0.352941176470588	3	31	1
0.363636363636364	3	31	1
0.344827586206897	3	31	1
0.326086956521739	3	31	1
0.290322580645161	3	31	1
0.258064516129032	3	31	1
0.354838709677419	3	31	1
0.470588235294118	3	31	1
0.264705882352941	3	31	1
0.321428571428571	3	31	1
0.346938775510204	3	31	1
0.305555555555556	3	31	1
0.3125	3	31	1
0.272727272727273	3	31	1
0.142857142857143	3	31	1
0.892857142857143	3	31	1
0.375	3	31	1
0.256410256410256	3	31	1
0.225806451612903	3	31	1
0.125	3	31	1
0.148148148148148	3	31	1
0.3	3	31	1
0.5625	3	31	1
0.3	3	31	1
0.392857142857143	3	31	1
0.333333333333333	3	31	1
0.375	3	31	1
0.15625	3	31	1
0.451612903225806	3	31	1
0.214285714285714	3	31	1
0.394736842105263	3	31	1
0.212121212121212	3	31	1
0.37037037037037	3	31	1
0.236842105263158	3	31	1
0.263157894736842	3	31	1
0.243243243243243	3	31	1
0.146341463414634	3	31	1
0.181818181818182	3	31	1
0.256410256410256	3	31	1
0.266666666666667	3	31	1
0.21875	3	31	1
0.461538461538462	3	31	1
0.36	3	31	1
0.333333333333333	3	31	1
0.133333333333333	3	31	1
0.2	3	31	1
0.295454545454545	3	31	1
0.380952380952381	3	31	1
0.242424242424242	3	31	1
0.136363636363636	3	31	1
0.206896551724138	3	31	1
0.166666666666667	3	31	1
0.172413793103448	3	31	1
0.257142857142857	3	31	1
0.1875	3	31	1
0.19047619047619	3	31	1
0.204545454545455	3	31	1
0.256410256410256	3	31	1
0.333333333333333	3	31	1
0.268292682926829	3	31	1
0.333333333333333	3	31	1
0.125	3	31	1
0.3125	3	31	1
0.227272727272727	3	31	1
0.424242424242424	3	31	1
0.307692307692308	3	31	1
0.217391304347826	3	31	1
0.285714285714286	3	31	1
0.133333333333333	3	31	1
0.131578947368421	3	31	1
0.363636363636364	3	31	1
0.159090909090909	3	31	1
0.439024390243902	3	31	1
0.368421052631579	3	31	1
0.263157894736842	3	31	1
0.25	3	31	1
0.615384615384615	3	31	1
0.257142857142857	3	31	1
0.411764705882353	3	31	1
0.735294117647059	3	31	1
0.6	3	31	1
0.193548387096774	3	31	1
0.19047619047619	3	31	1
0.282051282051282	3	31	1
0.404761904761905	3	31	1
0.483870967741935	3	31	1
0.476190476190476	3	31	1
0.595238095238095	3	31	1
0.19047619047619	3	31	1
0.5	3	31	1
0.162162162162162	3	31	1
0.588235294117647	3	31	1
0.285714285714286	3	31	1
0.189189189189189	3	31	1
0.166666666666667	3	31	1
0.388888888888889	3	31	1
0.155555555555556	3	31	1
0.423076923076923	3	31	1
0.375	3	31	1
0.142857142857143	3	31	1
0.133333333333333	3	31	1
0.282608695652174	3	31	1
0.111111111111111	3	31	1
0.205882352941176	3	31	1
0.266666666666667	3	31	1
0.239130434782609	3	31	1
0.305555555555556	3	31	1
0.228571428571429	3	31	1
0.3	3	31	1
0.166666666666667	3	31	1
0.161290322580645	3	31	1
0.25	3	31	1
0.166666666666667	3	31	1
0.282051282051282	3	31	1
0.244897959183673	3	31	1
0.25	3	31	1
0.387096774193548	3	31	1
0.166666666666667	3	31	1
0.413793103448276	3	31	1
0.363636363636364	3	31	1
0.368421052631579	3	31	1
0.263157894736842	3	31	1
0.394736842105263	3	31	1
0.666666666666667	3	31	1
0.413793103448276	3	31	1
0.307692307692308	3	31	1
0.346153846153846	3	31	1
0.315789473684211	3	31	1
0.347826086956522	3	31	1
0.533333333333333	3	31	1
0.296296296296296	3	31	1
0.419354838709677	3	31	1
0.333333333333333	3	31	1
0.2	3	31	1
0.28125	3	31	1
0.347826086956522	3	31	1
0.4	3	31	1
0.419354838709677	3	31	1
0.2	3	31	1
0.269230769230769	3	31	1
0.30952380952381	3	31	1
0.375	3	31	1
0.233333333333333	3	31	1
0.25	3	31	1
0.238095238095238	3	31	1
0.333333333333333	3	31	1
0.289473684210526	3	31	1
0.25	3	31	1
0.357142857142857	3	31	1
0.423076923076923	3	31	1
0.264705882352941	3	31	1
0.6	3	31	1
0.24	3	31	1
0.423076923076923	3	31	1
0.384615384615385	3	31	1
0.44	3	31	1
0.294117647058824	3	31	1
0.285714285714286	3	31	1
0.473684210526316	3	31	1
0.333333333333333	3	31	1
0.233333333333333	3	31	1
0.666666666666667	3	31	1
0.645161290322581	3	31	1
0.458333333333333	3	31	1
0.738095238095238	3	31	1
0.28125	3	31	1
0.361111111111111	3	31	1
0.333333333333333	3	31	1
0.269230769230769	4	39	1
0.106382978723404	4	39	1
0.3	4	39	1
0.439024390243902	4	39	1
0.268292682926829	4	39	1
0.2	4	39	1
0.15	4	39	1
0.142857142857143	4	39	1
0.428571428571429	4	39	1
0.490196078431373	4	39	1
0.194444444444444	4	39	1
0.333333333333333	4	39	1
0.238095238095238	4	39	1
0.150943396226415	4	39	1
0.575	4	39	1
0.240740740740741	4	39	1
0.274193548387097	4	39	1
0.136363636363636	4	39	1
0.4	4	39	1
0.333333333333333	4	39	1
0.277777777777778	4	39	1
0.152173913043478	4	39	1
0.512820512820513	4	39	1
0.285714285714286	4	39	1
0.321428571428571	4	39	1
0.254901960784314	4	39	1
0.295454545454545	4	39	1
0.55	4	39	1
0.244444444444444	4	39	1
0.419354838709677	4	39	1
0.382352941176471	4	39	1
0.230769230769231	4	39	1
0.133333333333333	4	39	1
0.25	4	39	1
0.311111111111111	4	39	1
0.25	4	39	1
0.1875	4	39	1
0.403508771929825	4	39	1
0.272727272727273	4	39	1
0.272727272727273	4	39	1
0.159090909090909	4	39	1
0.25	4	39	1
0.583333333333333	4	39	1
0.272727272727273	4	39	1
0.150943396226415	4	39	1
0.261904761904762	4	39	1
0.565217391304348	4	39	1
0.213114754098361	4	39	1
0.162790697674419	4	39	1
0.354838709677419	4	39	1
0.473684210526316	4	39	1
0.162162162162162	4	39	1
0.25531914893617	4	39	1
0.25531914893617	4	39	1
0.232558139534884	4	39	1
0.411764705882353	4	39	1
0.490196078431373	4	39	1
0.2	4	39	1
0.212765957446809	4	39	1
0.346153846153846	4	39	1
0.153846153846154	4	39	1
0.275	4	39	1
0.342857142857143	4	39	1
0.384615384615385	4	39	1
0.333333333333333	4	39	1
0.146341463414634	4	39	1
0.234042553191489	4	39	1
0.242424242424242	4	39	1
0.215686274509804	4	39	1
0.2	4	39	1
0.130434782608696	4	39	1
0.155172413793103	4	39	1
0.219512195121951	4	39	1
0.323529411764706	4	39	1
0.461538461538462	4	39	1
0.272727272727273	4	39	1
0.176470588235294	4	39	1
0.288888888888889	4	39	1
0.3	4	39	1
0.274509803921569	4	39	1
0.315789473684211	4	39	1
0.285714285714286	4	39	1
0.285714285714286	4	39	1
0.272727272727273	4	39	1
0.266666666666667	4	39	1
0.191489361702128	4	39	1
0.268292682926829	4	39	1
0.269230769230769	4	39	1
0.217391304347826	4	39	1
0.26	4	39	1
0.234042553191489	4	39	1
0.3	4	39	1
0.127659574468085	4	39	1
0.297872340425532	4	39	1
0.258064516129032	4	39	1
0.615384615384615	4	39	1
0.235294117647059	4	39	1
0.186046511627907	4	39	1
0.241379310344828	4	39	1
0.32258064516129	4	39	1
0.217391304347826	4	39	1
0.228571428571429	4	39	1
0.769230769230769	4	39	1
0.439024390243902	4	39	1
0.239130434782609	4	39	1
0.275	4	39	1
0.142857142857143	4	39	1
0.522727272727273	4	39	1
0.285714285714286	4	39	1
0.277777777777778	4	39	1
0.275	4	39	1
0.291666666666667	4	39	1
0.289473684210526	4	39	1
0.212765957446809	4	39	1
0.222222222222222	4	39	1
0.152173913043478	4	39	1
0.75	4	39	1
0.2	4	39	1
0.229166666666667	4	39	1
0.25	4	39	1
0.263157894736842	4	39	1
0.18	4	39	1
0.24390243902439	4	39	1
0.242424242424242	4	39	1
0.24	4	39	1
0.264150943396226	4	39	1
0.19047619047619	4	39	1
0.2	4	39	1
0.173076923076923	4	39	1
0.236842105263158	4	39	1
0.368421052631579	4	39	1
0.179487179487179	4	39	1
0.333333333333333	4	39	1
0.176470588235294	4	39	1
0.351351351351351	4	39	1
0.1875	4	39	1
0.181818181818182	4	39	1
0.333333333333333	4	39	1
0.454545454545455	4	39	1
0.340909090909091	4	39	1
0.314285714285714	4	39	1
0.451612903225806	4	39	1
0.295454545454545	4	39	1
0.333333333333333	4	39	1
0.5	4	39	1
0.146341463414634	4	39	1
0.224489795918367	4	39	1
0.297872340425532	4	39	1
0.325581395348837	4	39	1
0.146341463414634	4	39	1
0.520833333333333	4	39	1
0.275	4	39	1
0.222222222222222	4	39	1
0.368421052631579	4	39	1
0.470588235294118	4	39	1
0.244444444444444	4	39	1
0.325	4	39	1
0.163265306122449	4	39	1
0.166666666666667	4	39	1
0.228571428571429	4	39	1
0.363636363636364	4	39	1
0.272727272727273	4	39	1
0.325	4	39	1
0.19047619047619	4	39	1
0.3	4	39	1
0.243243243243243	4	39	1
0.441176470588235	4	39	1
0.194444444444444	4	39	1
0.348837209302326	4	39	1
0.238095238095238	4	39	1
0.362068965517241	4	39	1
0.268292682926829	4	39	1
0.162790697674419	4	39	1
0.217391304347826	4	39	1
0.222222222222222	4	39	1
0.171428571428571	4	39	1
0.179487179487179	4	39	1
0.148148148148148	4	39	1
0.228571428571429	4	39	1
0.261904761904762	4	39	1
0.169811320754717	4	39	1
0.236842105263158	4	39	1
0.310344827586207	4	39	1
0.466666666666667	4	39	1
0.321428571428571	4	39	1
0.238095238095238	4	39	1
0.291666666666667	4	39	1
0.25	4	39	1
0.24390243902439	4	39	1
0.384615384615385	4	39	1
0.259259259259259	4	39	1
0.341463414634146	4	39	1
0.243243243243243	4	39	1
0.216216216216216	4	39	1
0.583333333333333	4	39	1
0.169811320754717	4	39	1
0.204081632653061	4	39	1
0.545454545454545	4	39	1
0.275	4	39	1
0.234042553191489	4	39	1
0.622222222222222	4	39	1
0.27027027027027	4	39	1
0.525	4	39	1
0.155555555555556	4	39	1
0.204545454545455	4	39	1
0.232558139534884	4	39	1
0.243243243243243	4	39	1
0.393939393939394	4	39	1
0.234042553191489	4	39	1
0.212121212121212	4	39	1
0.276595744680851	4	39	1
0.25	4	39	1
0.214285714285714	4	39	1
0.315789473684211	4	39	1
0.2	4	39	1
0.135135135135135	4	39	1
0.272727272727273	4	39	1
0.424242424242424	4	39	1
0.210526315789474	4	39	1
0.162162162162162	4	39	1
0.115384615384615	4	39	1
0.5	4	39	1
0.411764705882353	4	39	1
0.261904761904762	4	39	1
0.192307692307692	4	39	1
0.214285714285714	4	39	1
0.152173913043478	4	39	1
0.242424242424242	4	39	1
0.222222222222222	4	39	1
0.266666666666667	4	39	1
0.0925925925925926	4	39	1
0.171428571428571	4	39	1
0.352941176470588	4	39	1
0.301587301587302	4	39	1
0.222222222222222	4	39	1
0.119047619047619	4	39	1
0.25	4	39	1
0.3	4	39	1
0.4	4	39	1
0.27027027027027	4	39	1
0.244444444444444	4	39	1
0.153846153846154	4	39	1
0.153846153846154	4	39	1
0.291666666666667	4	39	1
0.277777777777778	4	39	1
0.210526315789474	4	39	1
0.266666666666667	4	39	1
0.172413793103448	4	39	1
0.283018867924528	4	39	1
0.325	4	39	1
0.1	4	39	1
0.103448275862069	4	39	1
0.552631578947368	4	39	1
0.155555555555556	4	39	1
0.283018867924528	4	39	1
0.27027027027027	4	39	1
0.244897959183673	4	39	1
0.5	4	39	1
0.27027027027027	4	39	1
0.157894736842105	4	39	1
0.28	4	39	1
0.166666666666667	4	39	1
0.351351351351351	4	39	1
0.25	4	39	1
0.194444444444444	4	39	1
0.468085106382979	4	39	1
0.171428571428571	4	39	1
0.234042553191489	4	39	1
0.173076923076923	4	39	1
0.222222222222222	4	39	1
0.212121212121212	4	39	1
0.272727272727273	4	39	1
0.3	4	39	1
0.19047619047619	4	39	1
0.357142857142857	4	39	1
0.236363636363636	4	39	1
0.2	4	39	1
0.196078431372549	4	39	1
0.210526315789474	4	39	1
0.175	4	39	1
0.297297297297297	4	39	1
0.263157894736842	4	39	1
0.261904761904762	4	39	1
0.37037037037037	4	39	1
0.28125	4	39	1
0.318181818181818	4	39	1
0.179487179487179	4	39	1
0.305555555555556	4	39	1
0.264705882352941	4	39	1
0.232558139534884	4	39	1
0.152173913043478	4	39	1
0.333333333333333	4	39	1
0.361111111111111	4	39	1
0.282051282051282	4	39	1
0.183673469387755	4	39	1
0.293103448275862	4	39	1
0.304347826086957	4	39	1
0.230769230769231	4	39	1
0.292682926829268	4	39	1
0.272727272727273	4	39	1
0.2	4	39	1
0.137254901960784	4	39	1
0.184210526315789	4	39	1
0.24390243902439	4	39	1
0.192307692307692	4	39	1
0.565217391304348	4	39	1
0.285714285714286	4	39	1
0.19047619047619	4	39	1
0.204081632653061	4	39	1
0.285714285714286	4	39	1
0.375	4	39	1
0.294117647058824	4	39	1
1	4	39	1
0.295081967213115	4	39	1
0.173913043478261	4	39	1
0.5	4	39	1
0.428571428571429	4	39	1
0.21875	4	39	1
0.135135135135135	4	39	1
0.122448979591837	4	39	1
0.326530612244898	4	39	1
0.222222222222222	4	39	1
0.136363636363636	4	39	1
0.255813953488372	4	39	1
0.575	4	39	1
0.470588235294118	4	39	1
0.25	4	39	1
0.351351351351351	4	39	1
0.297297297297297	4	39	1
0.363636363636364	4	39	1
0.245614035087719	4	39	1
0.166666666666667	4	39	1
0.214285714285714	4	39	1
0.333333333333333	4	39	1
0.181818181818182	4	39	1
0.159090909090909	4	39	1
0.28	4	39	1
0.260869565217391	4	39	1
0.365853658536585	4	39	1
0.232558139534884	4	39	1
0.192307692307692	4	39	1
0.789473684210526	4	39	1
0.292682926829268	4	39	1
0.222222222222222	4	39	1
0.428571428571429	4	39	1
0.121951219512195	4	39	1
0.319148936170213	4	39	1
0.2	4	39	1
0.264705882352941	4	39	1
0.219512195121951	4	39	1
0.333333333333333	4	39	1
0.386363636363636	4	39	1
0.297872340425532	4	39	1
0.153846153846154	4	39	1
0.19047619047619	4	39	1
0.628571428571429	4	39	1
0.212765957446809	4	39	1
0.520833333333333	4	39	1
0.175	4	39	1
0.304347826086957	4	39	1
0.363636363636364	4	39	1
0.166666666666667	4	39	1
0.534883720930233	4	39	1
0.255813953488372	4	39	1
0.3	4	39	1
0.511111111111111	4	39	1
0.137254901960784	4	39	1
0.25	4	39	1
0.567567567567568	4	39	1
0.272727272727273	4	39	1
0.282608695652174	4	39	1
0.428571428571429	4	39	1
0.254545454545455	4	39	1
0.340425531914894	4	39	1
0.103448275862069	4	39	1
0.170731707317073	4	39	1
0.3	4	39	1
0.2	4	39	1
0.34375	4	39	1
0.176470588235294	4	39	1
0.324324324324324	4	39	1
0.129032258064516	4	39	1
0.228070175438596	4	39	1
0.222222222222222	4	39	1
0.295454545454545	4	39	1
0.148936170212766	4	39	1
0.307692307692308	4	39	1
0.117647058823529	4	39	1
0.184210526315789	4	39	1
0.416666666666667	4	39	1
0.214285714285714	4	39	1
0.138888888888889	4	39	1
0.142857142857143	4	39	1
0.239130434782609	4	39	1
0.411764705882353	4	39	1
0.363636363636364	4	39	1
0.444444444444444	4	39	1
0.266666666666667	4	39	1
0.234042553191489	4	39	1
0.392857142857143	4	39	1
0.567567567567568	4	39	1
0.136363636363636	4	39	1
0.150943396226415	4	39	1
0.293103448275862	4	39	1
0.25531914893617	4	39	1
0.625	4	39	1
0.263157894736842	4	39	1
0.173076923076923	4	39	1
0.184210526315789	4	39	1
0.333333333333333	4	39	1
0.259259259259259	4	39	1
0.181818181818182	4	39	1
0.4	4	39	1
0.291666666666667	4	39	1
0.136363636363636	4	39	1
0.184210526315789	4	39	1
0.263157894736842	4	39	1
0.317073170731707	4	39	1
0.267857142857143	4	39	1
0.510204081632653	4	39	1
0.2	4	39	1
0.292682926829268	4	39	1
0.275	4	39	1
0.25	4	39	1
0.15	4	39	1
0.238095238095238	4	39	1
0.25	4	39	1
0.30188679245283	4	39	1
0.175	4	39	1
0.1875	4	39	1
0.243243243243243	4	39	1
0.272727272727273	4	39	1
0.302325581395349	4	39	1
0.244444444444444	4	39	1
0.212121212121212	4	39	1
0.288461538461538	4	39	1
0.296296296296296	4	39	1
0.171428571428571	4	39	1
0.27027027027027	4	39	1
0.255813953488372	4	39	1
0.333333333333333	4	39	1
0.170212765957447	4	39	1
0.214285714285714	4	39	1
0.233333333333333	4	39	1
0.13953488372093	4	39	1
0.147058823529412	4	39	1
0.239130434782609	4	39	1
0.413793103448276	4	39	1
0.282608695652174	4	39	1
0.285714285714286	4	39	1
0.875	4	39	1
0.313725490196078	4	39	1
0.25	4	39	1
0.15	4	39	1
0.3125	4	39	1
0.125	4	39	1
0.536585365853659	4	39	1
0.19047619047619	4	39	1
0.195121951219512	4	39	1
0.259259259259259	4	39	1
0.244897959183673	4	39	1
0.27906976744186	4	39	1
0.256410256410256	4	39	1
0.205128205128205	4	39	1
0.463414634146341	4	39	1
0.466666666666667	4	39	1
0.302325581395349	4	39	1
0.540540540540541	4	39	1
0.212765957446809	4	39	1
0.204545454545455	4	39	1
0.485714285714286	4	39	1
0.48780487804878	4	39	1
0.53125	4	39	1
0.264705882352941	4	39	1
0.230769230769231	4	39	1
0.209302325581395	4	39	1
0.25	4	39	1
0.387755102040816	4	39	1
0.145833333333333	4	39	1
0.51219512195122	4	39	1
0.18	4	39	1
0.282051282051282	4	39	1
0.194444444444444	4	39	1
0.212765957446809	4	39	1
0.234042553191489	4	39	1
0.214285714285714	4	39	1
0.15625	4	39	1
0.255813953488372	4	39	1
0.244444444444444	4	39	1
0.257142857142857	4	39	1
0.2	4	39	1
0.277777777777778	4	39	1
0.181818181818182	4	39	1
0.418604651162791	4	39	1
0.203703703703704	4	39	1
0.224489795918367	4	39	1
0.142857142857143	4	39	1
0.176470588235294	4	39	1
0.270833333333333	4	39	1
0.2	4	39	1
0.476190476190476	4	39	1
0.272727272727273	4	39	1
0.302325581395349	4	39	1
0.363636363636364	4	39	1
0.372093023255814	4	39	1
0.219512195121951	4	39	1
0.441176470588235	4	39	1
0.282051282051282	4	39	1
0.163265306122449	4	39	1
0.19047619047619	4	39	1
0.423076923076923	4	39	1
0.24390243902439	4	39	1
0.297872340425532	4	39	1
0.290322580645161	4	39	1
0.297297297297297	4	39	1
0.25	4	39	1
0.302325581395349	4	39	1
0.340425531914894	4	39	1
0.282051282051282	4	39	1
0.172413793103448	4	39	1
0.170212765957447	4	39	1
0.326086956521739	4	39	1
0.297297297297297	4	39	1
0.333333333333333	4	39	1
0.177777777777778	4	39	1
0.162162162162162	4	39	1
0.225806451612903	4	39	1
0.195121951219512	4	39	1
0.232142857142857	4	39	1
0.32258064516129	4	39	1
0.390243902439024	4	39	1
0.333333333333333	4	39	1
0.225	4	39	1
0.228571428571429	4	39	1
0.193548387096774	4	39	1
0.25	4	39	1
0.222222222222222	4	39	1
0.40625	4	39	1
0.142857142857143	4	39	1
0.441860465116279	4	39	1
0.217391304347826	4	39	1
0.181818181818182	4	39	1
0.131578947368421	4	39	1
0.514285714285714	4	39	1
0.441176470588235	4	39	1
0.333333333333333	4	39	1
0.162790697674419	4	39	1
0.205882352941176	4	39	1
0.291666666666667	4	39	1
0.2	4	39	1
0.444444444444444	4	39	1
0.205882352941176	4	39	1
0.263157894736842	4	39	1
0.25531914893617	4	39	1
0.204545454545455	4	39	1
0.230769230769231	4	39	1
0.263157894736842	4	39	1
0.255813953488372	4	39	1
0.24390243902439	4	39	1
0.189189189189189	4	39	1
0.238095238095238	4	39	1
0.466666666666667	4	39	1
0.358490566037736	4	39	1
0.119047619047619	4	39	1
0.25	4	39	1
0.189189189189189	4	39	1
0.239130434782609	4	39	1
0.294117647058824	4	39	1
0.264705882352941	4	39	1
0.266666666666667	4	39	1
0.5	4	39	1
0.134615384615385	4	39	1
0.32	4	39	1
0.32	4	39	1
0.3	4	39	1
0.363636363636364	4	39	1
0.133333333333333	4	39	1
0.269230769230769	4	39	1
0.342857142857143	4	39	1
0.51219512195122	4	39	1
0.275	4	39	1
0.476190476190476	4	39	1
0.511627906976744	4	39	1
0.121951219512195	4	39	1
0.125	4	39	1
0.227272727272727	4	39	1
0.32	4	39	1
0.236363636363636	4	39	1
0.212121212121212	4	39	1
0.6	4	39	1
0.305555555555556	4	39	1
0.146341463414634	4	39	1
0.275	4	39	1
0.277777777777778	4	39	1
0.333333333333333	4	39	1
0.46875	4	39	1
0.318181818181818	4	39	1
0.108695652173913	4	39	1
0.209302325581395	4	39	1
0.317073170731707	4	39	1
0.234042553191489	4	39	1
0.192982456140351	4	39	1
0.333333333333333	4	39	1
0.375	4	39	1
0.27027027027027	4	39	1
0.368421052631579	4	39	1
0.204081632653061	4	39	1
0.15625	4	39	1
0.236842105263158	4	39	1
0.521739130434783	4	39	1
0.32	4	39	1
0.212765957446809	4	39	1
0.289473684210526	4	39	1
0.289473684210526	4	39	1
0.393939393939394	4	39	1
0.217391304347826	4	39	1
0.264705882352941	4	39	1
0.296296296296296	4	39	1
0.423076923076923	4	39	1
0.413793103448276	4	39	1
0.536585365853659	4	39	1
0.472727272727273	4	39	1
0.2	4	39	1
0.25531914893617	4	39	1
0.137931034482759	4	39	1
0.41025641025641	4	39	1
0.32	4	39	1
0.151515151515152	4	39	1
0.181818181818182	4	39	1
0.5	4	39	1
0.185185185185185	4	39	1
0.175	4	39	1
0.391304347826087	4	39	1
0.307692307692308	4	39	1
0.270833333333333	4	39	1
0.236842105263158	4	39	1
0.25	4	39	1
0.175	4	39	1
0.354838709677419	4	39	1
0.302325581395349	4	39	1
0.285714285714286	4	39	1
0.114285714285714	4	39	1
0.230769230769231	4	39	1
0.204545454545455	4	39	1
0.275	4	39	1
0.369565217391304	4	39	1
0.232558139534884	4	39	1
0.19047619047619	4	39	1
0.275862068965517	4	39	1
0.302325581395349	4	39	1
0.28	4	39	1
0.177777777777778	4	39	1
0.277777777777778	4	39	1
0.217391304347826	4	39	1
0.235294117647059	4	39	1
0.119047619047619	4	39	1
0.285714285714286	4	39	1
0.297297297297297	4	39	1
0.243243243243243	4	39	1
0.463414634146341	4	39	1
0.181818181818182	4	39	1
0.210526315789474	4	39	1
0.25	4	39	1
0.448275862068966	4	39	1
0.581395348837209	4	39	1
0.181818181818182	4	39	1
0.243243243243243	4	39	1
0.3	4	39	1
0.25	4	39	1
0.232142857142857	4	39	1
0.136363636363636	4	39	1
0.205128205128205	4	39	1
0.382352941176471	4	39	1
0.166666666666667	4	39	1
0.260869565217391	4	39	1
0.156862745098039	4	39	1
0.282608695652174	4	39	1
0.483870967741935	4	39	1
0.325581395348837	4	39	1
0.25	4	39	1
0.342857142857143	4	39	1
0.28	4	39	1
0.222222222222222	4	39	1
0.4	4	39	1
0.303030303030303	4	39	1
0.277777777777778	4	39	1
0.366666666666667	4	39	1
0.520833333333333	4	39	1
0.242424242424242	4	39	1
0.244444444444444	4	39	1
0.212121212121212	4	39	1
0.490566037735849	4	39	1
0.2	4	39	1
0.473684210526316	4	39	1
0.145454545454545	4	39	1
0.346153846153846	4	39	1
0.48780487804878	4	39	1
0.25	4	39	1
0.523809523809524	4	39	1
0.176470588235294	4	39	1
0.2	4	39	1
0.162162162162162	4	39	1
0.166666666666667	4	39	1
0.128205128205128	4	39	1
0.230769230769231	4	39	1
0.264705882352941	4	39	1
0.145833333333333	4	39	1
0.28125	4	39	1
0.2	4	39	1
0.355555555555556	4	39	1
0.272727272727273	4	39	1
0.363636363636364	4	39	1
0.319148936170213	4	39	1
0.536585365853659	4	39	1
0.189189189189189	4	39	1
0.384615384615385	4	39	1
0.214285714285714	4	39	1
0.473684210526316	4	39	1
0.32258064516129	4	39	1
0.203125	4	39	1
0.238095238095238	4	39	1
0.225806451612903	4	39	1
0.315789473684211	4	39	1
0.195121951219512	4	39	1
0.222222222222222	4	39	1
0.307692307692308	4	39	1
0.176470588235294	4	39	1
0.35	4	39	1
0.104166666666667	4	39	1
0.315789473684211	4	39	1
0.285714285714286	4	39	1
0.192307692307692	4	39	1
0.2	4	39	1
0.222222222222222	4	39	1
0.230769230769231	4	39	1
0.24390243902439	4	39	1
0.222222222222222	4	39	1
0.25	4	39	1
0.240740740740741	4	39	1
0.244444444444444	4	39	1
0.326923076923077	4	39	1
0.171428571428571	4	39	1
0.129032258064516	4	39	1
0.292682926829268	4	39	1
0.285714285714286	4	39	1
0.292682926829268	4	39	1
0.206896551724138	4	39	1
0.184210526315789	4	39	1
0.342105263157895	4	39	1
0.2	4	39	1
0.585365853658537	4	39	1
0.25	4	39	1
0.25531914893617	4	39	1
0.27027027027027	4	39	1
0.263157894736842	4	39	1
0.305555555555556	4	39	1
0.486486486486487	4	39	1
0.34375	4	39	1
0.324324324324324	4	39	1
0.166666666666667	4	39	1
0.432432432432432	4	39	1
0.34375	4	39	1
0.538461538461538	4	39	1
0.377777777777778	4	39	1
0.148148148148148	4	39	1
0.243243243243243	4	39	1
0.277777777777778	4	39	1
0.289473684210526	4	39	1
0.212121212121212	4	39	1
0.3	4	39	1
0.4375	4	39	1
0.24	4	39	1
0.333333333333333	4	39	1
0.238095238095238	4	39	1
0.2	4	39	1
0.212121212121212	4	39	1
0.363636363636364	4	39	1
0.113636363636364	4	39	1
0.242424242424242	4	39	1
0.3125	4	39	1
0.333333333333333	4	39	1
0.25	4	39	1
0.263157894736842	4	39	1
0.225806451612903	4	39	1
0.225	4	39	1
0.208333333333333	4	39	1
0.25	4	39	1
0.170731707317073	4	39	1
0.1875	4	39	1
0.560975609756098	4	39	1
0.176470588235294	4	39	1
0.306122448979592	4	39	1
0.189189189189189	4	39	1
0.166666666666667	4	39	1
0.346153846153846	4	39	1
0.136363636363636	4	39	1
0.52	4	39	1
0.275862068965517	4	39	1
0.346153846153846	4	39	1
0.243243243243243	4	39	1
0.326086956521739	4	39	1
0.363636363636364	4	39	1
0.282608695652174	4	39	1
0.0925925925925926	4	39	1
0.307692307692308	4	39	1
0.216216216216216	4	39	1
0.234042553191489	4	39	1
0.181818181818182	4	39	1
0.25	4	39	1
0.181818181818182	4	39	1
0.380952380952381	4	39	1
0.268292682926829	4	39	1
0.150943396226415	4	39	1
0.375	4	39	1
0.297297297297297	4	39	1
0.189189189189189	4	39	1
0.291666666666667	4	39	1
0.181818181818182	4	39	1
0.230769230769231	4	39	1
0.236842105263158	4	39	1
0.268292682926829	4	39	1
0.382352941176471	4	39	1
0.261904761904762	4	39	1
0.129032258064516	4	39	1
0.159090909090909	4	39	1
0.276595744680851	4	39	1
0.314285714285714	4	39	1
0.212765957446809	4	39	1
0.157894736842105	4	39	1
0.196078431372549	4	39	1
0.282051282051282	4	39	1
0.291666666666667	4	39	1
0.315789473684211	4	39	1
0.205882352941176	4	39	1
0.184210526315789	4	39	1
0.166666666666667	4	39	1
0.35	4	39	1
0.4375	4	39	1
0.210526315789474	4	39	1
0.222222222222222	4	39	1
0.65	4	39	1
0.289473684210526	4	39	1
0.19047619047619	4	39	1
0.298245614035088	4	39	1
0.411764705882353	4	39	1
0.174603174603175	4	39	1
0.25	4	39	1
0.282051282051282	4	39	1
0.181818181818182	4	39	1
0.195121951219512	4	39	1
0.108695652173913	4	39	1
0.217391304347826	4	39	1
0.214285714285714	4	39	1
0.238095238095238	4	39	1
0.256410256410256	4	39	1
0.454545454545455	4	39	1
0.214285714285714	4	39	1
0.219512195121951	4	39	1
0.394736842105263	4	39	1
0.388888888888889	4	39	1
0.266666666666667	4	39	1
0.2	4	39	1
0.277777777777778	4	39	1
0.222222222222222	4	39	1
0.2	4	39	1
0.285714285714286	4	39	1
0.25	4	39	1
0.303030303030303	4	39	1
0.228571428571429	4	39	1
0.212765957446809	4	39	1
0.171428571428571	4	39	1
0.354838709677419	4	39	1
0.166666666666667	4	39	1
0.304347826086957	4	39	1
0.179487179487179	4	39	1
0.352941176470588	4	39	1
0.282051282051282	4	39	1
0.233333333333333	4	39	1
0.125	4	39	1
0.115384615384615	4	39	1
0.159090909090909	4	39	1
0.3	4	39	1
0.24390243902439	4	39	1
0.277777777777778	4	39	1
0.24390243902439	4	39	1
0.257575757575758	4	39	1
0.254545454545455	4	39	1
0.269230769230769	4	39	1
0.261904761904762	4	39	1
0.204545454545455	4	39	1
0.186046511627907	4	39	1
0.195121951219512	4	39	1
0.195652173913043	4	39	1
0.111111111111111	4	39	1
0.294117647058824	4	39	1
0.217391304347826	4	39	1
0.324324324324324	4	39	1
0.25	4	39	1
0.204545454545455	4	39	1
0.4375	4	39	1
0.285714285714286	4	39	1
0.291666666666667	4	39	1
0.256410256410256	4	39	1
0.119047619047619	4	39	1
0.295454545454545	4	39	1
0.341463414634146	4	39	1
0.543478260869565	4	39	1
0.170731707317073	4	39	1
0.315789473684211	4	39	1
0.48	4	39	1
0.230769230769231	4	39	1
0.236842105263158	4	39	1
0.26530612244898	4	39	1
0.189189189189189	4	39	1
0.181818181818182	4	39	1
0.333333333333333	4	39	1
0.311111111111111	4	39	1
0.619047619047619	4	39	1
0.382978723404255	4	39	1
0.227272727272727	4	39	1
0.277777777777778	4	39	1
0.229166666666667	4	39	1
0.131578947368421	4	39	1
0.416666666666667	4	39	1
0.276595744680851	4	39	1
0.166666666666667	4	39	1
0.294117647058824	4	39	1
0.2	4	39	1
0.236842105263158	4	39	1
0.25	4	39	1
0.412698412698413	4	39	1
0.184210526315789	4	39	1
0.311111111111111	4	39	1
0.113636363636364	4	39	1
0.181818181818182	4	39	1
0.205882352941176	4	39	1
0.272727272727273	4	39	1
0.580645161290323	4	39	1
0.205882352941176	4	39	1
0.175	4	39	1
0.294117647058824	4	39	1
0.285714285714286	4	39	1
0.229166666666667	4	39	1
0.268292682926829	4	39	1
0.219512195121951	4	39	1
0.222222222222222	4	39	1
0.222222222222222	4	39	1
0.172413793103448	4	39	1
0.3	4	39	1
0.227272727272727	4	39	1
0.382352941176471	4	39	1
0.217391304347826	4	39	1
0.175	4	39	1
0.463414634146341	4	39	1
0.194444444444444	4	39	1
0.196078431372549	4	39	1
0.166666666666667	4	39	1
0.261904761904762	4	39	1
0.236842105263158	4	39	1
0.151515151515152	4	39	1
0.333333333333333	4	39	1
0.25531914893617	4	39	1
0.175438596491228	4	39	1
0.266666666666667	4	39	1
0.191489361702128	4	39	1
0.340425531914894	4	39	1
0.235294117647059	4	39	1
0.127659574468085	4	39	1
0.125	4	39	1
0.133333333333333	4	39	1
0.166666666666667	4	39	1
0.275	4	39	1
0.243243243243243	4	39	1
0.323529411764706	4	39	1
0.204545454545455	4	39	1
0.428571428571429	4	39	1
0.461538461538462	4	39	1
0.324324324324324	4	39	1
0.490909090909091	4	39	1
0.261904761904762	4	39	1
0.266666666666667	4	39	1
0.216216216216216	4	39	1
0.162790697674419	4	39	1
0.176470588235294	4	39	1
0.358974358974359	4	39	1
0.3	4	39	1
0.19047619047619	4	39	1
0.5	4	39	1
0.27027027027027	4	39	1
0.25531914893617	4	39	1
0.261904761904762	4	39	1
0.246376811594203	4	39	1
0.224137931034483	4	39	1
0.216216216216216	4	39	1
0.239130434782609	4	39	1
0.269230769230769	4	39	1
0.1875	4	39	1
0.314814814814815	4	39	1
0.186046511627907	4	39	1
0.282051282051282	4	39	1
0.272727272727273	4	39	1
0.205128205128205	4	39	1
0.177777777777778	4	39	1
0.277777777777778	4	39	1
0.3	4	39	1
0.236363636363636	4	39	1
0.347826086956522	4	39	1
0.191489361702128	4	39	1
0.333333333333333	4	39	1
0.30188679245283	4	39	1
0.315789473684211	4	39	1
0.333333333333333	4	39	1
0.222222222222222	4	39	1
0.166666666666667	4	39	1
0.259259259259259	4	39	1
0.159090909090909	4	39	1
0.209302325581395	4	39	1
0.26865671641791	4	39	1
0.24	4	39	1
0.333333333333333	4	39	1
0.543859649122807	4	39	1
0.282051282051282	4	39	1
0.243243243243243	4	39	1
0.212765957446809	4	39	1
0.125	4	39	1
0.177777777777778	4	39	1
0.277777777777778	4	39	1
0.285714285714286	4	39	1
0.276595744680851	4	39	1
0.326530612244898	4	39	1
0.326086956521739	4	39	1
0.257142857142857	4	39	1
0.346153846153846	4	39	1
0.264705882352941	4	39	1
0.25	4	39	1
0.242424242424242	4	39	1
0.297872340425532	4	39	1
0.275	4	39	1
0.214285714285714	4	39	1
0.272727272727273	4	39	1
0.241379310344828	4	39	1
0.166666666666667	4	39	1
0.347826086956522	4	39	1
0.245283018867925	4	39	1
0.177777777777778	4	39	1
0.733333333333333	4	39	1
0.239130434782609	4	39	1
0.235294117647059	4	39	1
0.227272727272727	4	39	1
0.25	4	39	1
0.115384615384615	4	39	1
0.25	4	39	1
0.260869565217391	4	39	1
0.155555555555556	4	39	1
0.285714285714286	4	39	1
0.256410256410256	4	39	1
0.212121212121212	4	39	1
0.310344827586207	4	39	1
0.15	4	39	1
0.14	4	39	1
0.127659574468085	4	39	1
0.285714285714286	4	39	1
0.241379310344828	4	39	1
0.222222222222222	4	39	1
0.35	4	39	1
0.216216216216216	4	39	1
0.222222222222222	4	39	1
0.142857142857143	4	39	1
0.203703703703704	4	39	1
0.25	4	39	1
0.515151515151515	4	39	1
0.30952380952381	4	39	1
0.5	4	39	1
0.186046511627907	4	39	1
0.207547169811321	4	39	1
0.361111111111111	4	39	1
0.351351351351351	4	39	1
0.222222222222222	4	39	1
0.2	4	39	1
0.333333333333333	4	39	1
0.26	4	39	1
0.34375	4	39	1
0.25	4	39	1
0.294117647058824	4	39	1
0.357142857142857	4	39	1
0.159090909090909	4	39	1
0.475	4	39	1
0.195652173913043	4	39	1
0.285714285714286	4	39	1
0.229166666666667	4	39	1
0.236842105263158	4	39	1
0.13953488372093	4	39	1
0.289473684210526	4	39	1
0.476190476190476	4	39	1
0.133333333333333	4	39	1
0.244444444444444	4	39	1
0.32258064516129	4	39	1
0.186046511627907	4	39	1
0.2	4	39	1
0.27906976744186	4	39	1
0.477272727272727	4	39	1
0.2	4	39	1
0.189189189189189	4	39	1
0.166666666666667	4	39	1
0.215686274509804	4	39	1
0.208333333333333	4	39	1
0.166666666666667	4	39	1
0.166666666666667	4	39	1
0.454545454545455	4	39	1
0.19047619047619	4	39	1
0.171428571428571	4	39	1
0.225806451612903	4	39	1
0.311111111111111	4	39	1
0.27027027027027	4	39	1
0.191489361702128	4	39	1
0.473684210526316	4	39	1
0.268292682926829	4	39	1
0.179487179487179	4	39	1
0.195652173913043	4	39	1
0.234042553191489	4	39	1
0.228571428571429	4	39	1
0.235294117647059	4	39	1
0.3	4	39	1
0.222222222222222	4	39	1
0.333333333333333	4	39	1
0.441860465116279	4	39	1
0.27027027027027	4	39	1
0.314285714285714	4	39	1
0.1875	4	39	1
0.294117647058824	4	39	1
0.347826086956522	4	39	1
0.15	4	39	1
0.225	4	39	1
0.289473684210526	4	39	1
0.277777777777778	4	39	1
0.3	4	39	1
0.342857142857143	4	39	1
0.272727272727273	4	39	1
0.261904761904762	4	39	1
0.142857142857143	4	39	1
0.235294117647059	4	39	1
0.194444444444444	4	39	1
0.333333333333333	4	39	1
0.266666666666667	4	39	1
0.538461538461538	4	39	1
0.179487179487179	4	39	1
0.166666666666667	4	39	1
0.3	4	39	1
0.232558139534884	4	39	1
0.173913043478261	4	39	1
0.214285714285714	4	39	1
0.366666666666667	4	39	1
0.292682926829268	4	39	1
0.303030303030303	4	39	1
0.175	4	39	1
0.277777777777778	4	39	1
0.19047619047619	4	39	1
0.205882352941176	4	39	1
0.413793103448276	4	39	1
0.304347826086957	4	39	1
0.155555555555556	4	39	1
0.282051282051282	4	39	1
0.225	4	39	1
0.189189189189189	4	39	1
0.24	4	39	1
0.304347826086957	4	39	1
0.233333333333333	4	39	1
0.361702127659574	4	39	1
0.179487179487179	4	39	1
0.209302325581395	4	39	1
0.151515151515152	4	39	1
0.35	4	39	1
0.225	4	39	1
0.206896551724138	4	39	1
0.15625	4	39	1
0.169811320754717	4	39	1
0.222222222222222	4	39	1
0.148936170212766	4	39	1
0.208333333333333	4	39	1
0.1875	4	39	1
0.172413793103448	4	39	1
0.340425531914894	4	39	1
0.228571428571429	4	39	1
0.2	4	39	1
0.258064516129032	4	39	1
0.205128205128205	4	39	1
0.147058823529412	4	39	1
0.275862068965517	4	39	1
0.25	4	39	1
0.285714285714286	4	39	1
0.318181818181818	4	39	1
0.307692307692308	4	39	1
0.481481481481481	4	39	1
0.238095238095238	4	39	1
0.513513513513513	4	39	1
0.157894736842105	4	39	1
0.26	4	39	1
0.261904761904762	4	39	1
0.4	4	39	1
0.204545454545455	4	39	1
0.216216216216216	4	39	1
0.181818181818182	4	39	1
0.181818181818182	4	39	1
0.311111111111111	4	39	1
0.234042553191489	4	39	1
0.153846153846154	4	39	1
0.214285714285714	4	39	1
0.35	4	39	1
0.342105263157895	4	39	1
0.170731707317073	4	39	1
0.341463414634146	4	39	1
0.205882352941176	4	39	1
0.259259259259259	4	39	1
0.515151515151515	4	39	1
0.311111111111111	4	39	1
0.295454545454545	4	39	1
0.236842105263158	4	39	1
0.44	4	39	1
0.163636363636364	4	39	1
0.244444444444444	4	39	1
0.186046511627907	4	39	1
0.285714285714286	4	39	1
0.324324324324324	4	39	1
0.157894736842105	4	39	1
0.2	4	39	1
0.177777777777778	4	39	1
0.233333333333333	4	39	1
0.313725490196078	4	39	1
0.340909090909091	4	39	1
0.173913043478261	4	39	1
0.384615384615385	4	39	1
0.195121951219512	4	39	1
0.266666666666667	4	39	1
0.27027027027027	4	39	1
0.206896551724138	4	39	1
0.372093023255814	4	39	1
0.171428571428571	4	39	1
0.183673469387755	4	39	1
0.533333333333333	4	39	1
0.28	4	39	1
0.36	4	39	1
0.222222222222222	4	39	1
0.515151515151515	4	39	1
0.155555555555556	4	39	1
0.235294117647059	4	39	1
0.166666666666667	4	39	1
0.212121212121212	4	39	1
0.574468085106383	4	39	1
0.307692307692308	4	39	1
0.216216216216216	4	39	1
0.116666666666667	4	39	1
0.527777777777778	4	39	1
0.235294117647059	4	39	1
0.297297297297297	4	39	1
0.156862745098039	4	39	1
0.339622641509434	4	39	1
0.307692307692308	4	39	1
0.268292682926829	4	39	1
0.275	4	39	1
0.186046511627907	4	39	1
0.243243243243243	4	39	1
0.266666666666667	4	39	1
0.25	4	39	1
0.162162162162162	4	39	1
0.113207547169811	4	39	1
0.306122448979592	4	39	1
0.272727272727273	4	39	1
0.40625	4	39	1
0.25	4	39	1
0.318181818181818	4	39	1
0.216216216216216	4	39	1
0.341463414634146	4	39	1
0.1875	4	39	1
0.613636363636364	4	39	1
0.225	4	39	1
0.239130434782609	4	39	1
0.645161290322581	4	39	1
0.3	4	39	1
0.195121951219512	4	39	1
0.333333333333333	4	39	1
0.352941176470588	4	39	1
0.272727272727273	4	39	1
0.263157894736842	4	39	1
0.234042553191489	4	39	1
0.242424242424242	4	39	1
0.266666666666667	4	39	1
0.232558139534884	4	39	1
0.357142857142857	4	39	1
0.142857142857143	4	39	1
0.266666666666667	4	39	1
0.25	4	39	1
0.288461538461538	4	39	1
0.25	4	39	1
0.45	4	39	1
0.325581395348837	4	39	1
0.272727272727273	4	39	1
0.189189189189189	4	39	1
0.148148148148148	4	39	1
0.185185185185185	4	39	1
0.341463414634146	4	39	1
0.27906976744186	4	39	1
0.192307692307692	4	39	1
0.204545454545455	4	39	1
0.476190476190476	4	39	1
0.243243243243243	4	39	1
0.239130434782609	4	39	1
0.205128205128205	4	39	1
0.225806451612903	4	39	1
0.3	4	39	1
0.363636363636364	4	39	1
0.195121951219512	4	39	1
0.2	4	39	1
0.157894736842105	4	39	1
0.478260869565217	4	39	1
0.34375	4	39	1
0.888888888888889	4	39	1
0.41025641025641	4	39	1
0.326530612244898	4	39	1
0.206896551724138	4	39	1
0.195121951219512	4	39	1
0.387096774193548	4	39	1
0.24	4	39	1
0.333333333333333	4	39	1
0.277777777777778	4	39	1
0.226415094339623	4	39	1
0.191489361702128	4	39	1
0.481481481481481	4	39	1
0.448275862068966	4	39	1
0.1875	4	39	1
0.266666666666667	4	39	1
0.151515151515152	4	39	1
0.275862068965517	4	39	1
0.325581395348837	4	39	1
0.297297297297297	4	39	1
0.263157894736842	4	39	1
0.153846153846154	4	39	1
0.219512195121951	4	39	1
0.18	4	39	1
0.363636363636364	4	39	1
0.365853658536585	4	39	1
0.241379310344828	4	39	1
0.5	4	39	1
0.188679245283019	4	39	1
0.259259259259259	4	39	1
0.304347826086957	4	39	1
0.285714285714286	4	39	1
0.214285714285714	4	39	1
0.236842105263158	4	39	1
0.282051282051282	4	39	1
0.128205128205128	4	39	1
0.170731707317073	4	39	1
0.25	4	39	1
0.181818181818182	4	39	1
0.4	4	39	1
0.448275862068966	4	39	1
0.292682926829268	4	39	1
0.210526315789474	4	39	1
0.206896551724138	4	39	1
0.269230769230769	4	39	1
0.238095238095238	4	39	1
0.375	4	39	1
0.28	4	39	1
0.15	4	39	1
0.228571428571429	4	39	1
0.511111111111111	4	39	1
0.230769230769231	4	39	1
0.241379310344828	4	39	1
0.225806451612903	4	39	1
0.127659574468085	4	39	1
0.175	4	39	1
0.27027027027027	4	39	1
0.44	4	39	1
0.371428571428571	4	39	1
0.171428571428571	4	39	1
0.2	4	39	1
0.153846153846154	4	39	1
0.42	4	39	1
0.261904761904762	4	39	1
0.184210526315789	4	39	1
0.42	4	39	1
0.567567567567568	4	39	1
0.303030303030303	4	39	1
0.189189189189189	4	39	1
0.307692307692308	4	39	1
0.236842105263158	4	39	1
0.285714285714286	4	39	1
0.289473684210526	4	39	1
0.102040816326531	4	39	1
0.25	4	39	1
0.24	4	39	1
0.431818181818182	4	39	1
0.259259259259259	4	39	1
0.684210526315789	4	39	1
0.177777777777778	4	39	1
0.21875	4	39	1
0.392857142857143	4	39	1
0.315789473684211	4	39	1
0.2	4	39	1
0.214285714285714	4	39	1
0.282608695652174	4	39	1
0.297297297297297	4	39	1
0.245283018867925	4	39	1
0.145454545454545	4	39	1
0.290322580645161	4	39	1
0.236842105263158	4	39	1
0.294117647058824	4	39	1
0.25	4	39	1
0.35	4	39	1
0.32258064516129	4	39	1
0.166666666666667	4	39	1
0.3125	4	39	1
0.205128205128205	4	39	1
0.235294117647059	4	39	1
0.268292682926829	4	39	1
0.448275862068966	4	39	1
0.285714285714286	4	39	1
0.285714285714286	4	39	1
0.170212765957447	4	39	1
0.555555555555556	4	39	1
0.184210526315789	4	39	1
0.166666666666667	4	39	1
0.24	4	39	1
0.351351351351351	4	39	1
0.25	4	39	1
0.225806451612903	4	39	1
0.214285714285714	4	39	1
0.428571428571429	4	39	1
0.258064516129032	4	39	1
0.382352941176471	4	39	1
0.5	4	39	1
0.172413793103448	4	39	1
0.568181818181818	4	39	1
0.333333333333333	4	39	1
0.222222222222222	4	39	1
0.173913043478261	4	39	1
0.204545454545455	4	39	1
0.179487179487179	4	39	1
0.269230769230769	4	39	1
0.27027027027027	4	39	1
0.243243243243243	4	39	1
0.275862068965517	4	39	1
0.222222222222222	4	39	1
0.230769230769231	4	39	1
0.1875	4	39	1
0.254901960784314	4	39	1
0.25531914893617	4	39	1
0.357142857142857	4	39	1
0.277777777777778	4	39	1
0.384615384615385	4	39	1
0.277777777777778	4	39	1
0.235294117647059	4	39	1
0.24390243902439	4	39	1
0.25	4	39	1
0.473684210526316	4	39	1
0.204081632653061	4	39	1
0.181818181818182	4	39	1
0.28125	4	39	1
0.26530612244898	4	39	1
0.290909090909091	4	39	1
0.333333333333333	4	39	1
0.272727272727273	4	39	1
0.13953488372093	4	39	1
0.2	4	39	1
0.254901960784314	4	39	1
0.24	4	39	1
0.222222222222222	4	39	1
0.275862068965517	4	39	1
0.142857142857143	4	39	1
0.205882352941176	4	39	1
0.195652173913043	4	39	1
0.2	4	39	1
0.365853658536585	4	39	1
0.133333333333333	4	39	1
0.205128205128205	4	39	1
0.358974358974359	4	39	1
0.184210526315789	4	39	1
0.176470588235294	4	39	1
0.3125	4	39	1
0.181818181818182	4	39	1
0.2	4	39	1
0.222222222222222	4	39	1
0.25	4	39	1
0.121212121212121	4	39	1
0.5	4	39	1
0.214285714285714	4	39	1
0.27906976744186	4	39	1
0.363636363636364	4	39	1
0.256410256410256	4	39	1
0.162162162162162	4	39	1
0.261904761904762	4	39	1
0.219512195121951	4	39	1
0.233333333333333	4	39	1
0.296296296296296	4	39	1
0.206896551724138	4	39	1
0.272727272727273	4	39	1
0.166666666666667	4	39	1
0.216216216216216	4	39	1
0.27027027027027	4	39	1
0.136363636363636	4	39	1
0.208333333333333	4	39	1
0.297297297297297	4	39	1
0.277777777777778	4	39	1
0.222222222222222	4	39	1
0.578947368421053	4	39	1
0.307692307692308	4	39	1
0.444444444444444	4	39	1
0.166666666666667	4	39	1
0.25531914893617	4	39	1
0.212121212121212	4	39	1
0.217391304347826	4	39	1
0.2	4	39	1
0.136363636363636	4	39	1
0.266666666666667	4	39	1
0.153846153846154	4	39	1
0.290322580645161	4	39	1
0.193548387096774	4	39	1
0.194444444444444	4	39	1
0.25	4	39	1
0.236842105263158	4	39	1
0.27906976744186	4	39	1
0.181818181818182	4	39	1
0.25	4	39	1
0.176470588235294	4	39	1
0.321428571428571	4	39	1
0.382978723404255	4	39	1
0.173913043478261	4	39	1
0.166666666666667	4	39	1
0.210526315789474	4	39	1
0.234042553191489	4	39	1
0.272727272727273	4	39	1
0.195652173913043	4	39	1
0.428571428571429	4	39	1
0.228571428571429	4	39	1
0.27027027027027	4	39	1
0.433333333333333	4	39	1
0.195652173913043	4	39	1
0.5	4	39	1
0.382978723404255	4	39	1
0.236842105263158	4	39	1
0.256410256410256	4	39	1
0.15	4	39	1
0.226415094339623	4	39	1
0.361702127659574	4	39	1
0.151515151515152	4	39	1
0.204545454545455	4	39	1
0.302325581395349	4	39	1
0.365853658536585	4	39	1
0.266666666666667	4	39	1
0.219512195121951	4	39	1
0.523809523809524	4	39	1
0.270833333333333	4	39	1
0.478260869565217	4	39	1
0.244897959183673	4	39	1
0.176470588235294	4	39	1
0.130434782608696	4	39	1
0.228571428571429	4	39	1
0.181818181818182	4	39	1
0.125	4	39	1
0.291666666666667	4	39	1
0.645161290322581	4	39	1
0.5	4	39	1
0.192307692307692	4	39	1
0.413793103448276	4	39	1
0.382352941176471	4	39	1
0.282608695652174	4	39	1
0.394736842105263	4	39	1
0.222222222222222	4	39	1
0.183673469387755	4	39	1
0.184210526315789	4	39	1
0.225	4	39	1
0.2	4	39	1
0.263157894736842	4	39	1
0.230769230769231	4	39	1
0.243243243243243	4	39	1
0.394736842105263	4	39	1
0.157894736842105	4	39	1
0.152173913043478	4	39	1
0.162790697674419	4	39	1
0.219512195121951	4	39	1
0.5	4	39	1
0.159090909090909	4	39	1
0.419354838709677	4	39	1
0.292682926829268	4	39	1
0.241379310344828	4	39	1
0.238095238095238	4	39	1
0.294117647058824	4	39	1
0.242424242424242	4	39	1
0.142857142857143	4	39	1
0.209302325581395	4	39	1
0.147058823529412	4	39	1
0.243243243243243	4	39	1
0.192307692307692	4	39	1
0.194444444444444	4	39	1
0.208333333333333	4	39	1
0.215686274509804	4	39	1
0.21875	4	39	1
0.435897435897436	4	39	1
0.435897435897436	4	39	1
0.295454545454545	4	39	1
0.209302325581395	4	39	1
0.222222222222222	4	39	1
0.224489795918367	4	39	1
0.540540540540541	4	39	1
0.52	4	39	1
0.407407407407407	4	39	1
0.245614035087719	4	39	1
0.258620689655172	4	39	1
0.314285714285714	4	39	1
0.3125	4	39	1
0.185185185185185	4	39	1
0.307692307692308	4	39	1
0.3	4	39	1
0.14	4	39	1
0.173913043478261	4	39	1
0.119047619047619	4	39	1
0.259259259259259	4	39	1
0.478260869565217	4	39	1
0.214285714285714	4	39	1
0.25	4	39	1
0.18	4	39	1
0.25	4	39	1
0.24	4	39	1
0.521739130434783	4	39	1
0.230769230769231	4	39	1
0.186046511627907	4	39	1
0.236842105263158	4	39	1
0.166666666666667	4	39	1
0.205882352941176	4	39	1
0.234042553191489	4	39	1
0.234042553191489	4	39	1
0.2	4	39	1
0.277777777777778	4	39	1
0.159090909090909	4	39	1
0.216216216216216	4	39	1
0.296296296296296	4	39	1
0.394736842105263	4	39	1
0.465116279069767	4	39	1
0.236842105263158	4	39	1
0.295454545454545	4	39	1
0.259259259259259	4	39	1
0.34	4	39	1
0.444444444444444	4	39	1
0.485714285714286	4	39	1
0.294117647058824	4	39	1
0.514285714285714	4	39	1
0.194444444444444	4	39	1
0.211538461538462	4	39	1
0.244897959183673	4	39	1
0.258620689655172	4	39	1
0.151515151515152	4	39	1
0.444444444444444	4	39	1
0.25	4	39	1
0.3	4	39	1
0.275	4	39	1
0.162162162162162	4	39	1
0.268292682926829	4	39	1
0.225	4	39	1
0.444444444444444	4	39	1
0.219512195121951	4	39	1
0.234042553191489	4	39	1
0.314285714285714	4	39	1
0.272727272727273	4	39	1
0.219512195121951	4	39	1
0.212765957446809	4	39	1
0.285714285714286	4	39	1
0.333333333333333	4	39	1
0.233333333333333	4	39	1
0.392857142857143	4	39	1
0.25	4	39	1
0.489795918367347	4	39	1
0.5	4	39	1
0.315789473684211	4	39	1
0.266666666666667	4	39	1
0.155172413793103	4	39	1
0.28125	4	39	1
0.594594594594595	4	39	1
0.117647058823529	4	39	1
0.15	4	39	1
0.163265306122449	4	39	1
0.230769230769231	4	39	1
0.25	4	39	1
0.36	4	39	1
0.263157894736842	4	39	1
0.454545454545455	4	39	1
0.266666666666667	4	39	1
0.186440677966102	4	39	1
0.302325581395349	4	39	1
0.272727272727273	4	39	1
0.244444444444444	4	39	1
0.348837209302326	4	39	1
0.229166666666667	4	39	1
0.214285714285714	4	39	1
0.207547169811321	4	39	1
0.212765957446809	4	39	1
0.25	4	39	1
0.177777777777778	4	39	1
0.6	4	39	1
0.211538461538462	4	39	1
0.189189189189189	4	39	1
0.222222222222222	4	39	1
0.171428571428571	4	39	1
0.125	4	39	1
0.145454545454545	4	39	1
0.159090909090909	4	39	1
0.571428571428571	4	39	1
0.411764705882353	4	39	1
0.166666666666667	4	39	1
0.303030303030303	4	39	1
0.185185185185185	4	39	1
0.150943396226415	4	39	1
0.127272727272727	4	39	1
0.294117647058824	4	39	1
0.272727272727273	4	39	1
0.2	4	39	1
0.156862745098039	4	39	1
0.214285714285714	4	39	1
0.210526315789474	4	39	1
0.25	4	39	1
0.222222222222222	4	39	1
0.407407407407407	4	39	1
0.193548387096774	4	39	1
0.24390243902439	4	39	1
0.4	4	39	1
0.428571428571429	4	39	1
0.25531914893617	4	39	1
0.270833333333333	4	39	1
0.326530612244898	4	39	1
0.233333333333333	4	39	1
0.363636363636364	4	39	1
0.195121951219512	4	39	1
0.216216216216216	4	39	1
0.264150943396226	4	39	1
0.25531914893617	4	39	1
0.222222222222222	4	39	1
0.235294117647059	4	39	1
0.292682926829268	4	39	1
0.25	4	39	1
0.294117647058824	4	39	1
0.230769230769231	4	39	1
0.305555555555556	4	39	1
0.184210526315789	4	39	1
0.15	4	39	1
0.2	4	39	1
0.5	4	39	1
0.1875	4	39	1
0.138888888888889	4	39	1
0.21875	4	39	1
0.194444444444444	4	39	1
0.2	4	39	1
0.159090909090909	4	39	1
0.193548387096774	4	39	1
0.26	4	39	1
0.575757575757576	4	39	1
0.280701754385965	4	39	1
0.25	4	39	1
0.205128205128205	4	39	1
0.206896551724138	4	39	1
0.196428571428571	4	39	1
0.211538461538462	4	39	1
0.266666666666667	4	39	1
0.266666666666667	4	39	1
0.304347826086957	4	39	1
0.390243902439024	4	39	1
0.421052631578947	4	39	1
0.166666666666667	4	39	1
0.48	4	39	1
0.193548387096774	4	39	1
0.205882352941176	4	39	1
0.285714285714286	4	39	1
0.244444444444444	4	39	1
0.138888888888889	4	39	1
0.317073170731707	4	39	1
0.288461538461538	4	39	1
0.222222222222222	4	39	1
0.342857142857143	4	39	1
0.302325581395349	4	39	1
0.263157894736842	4	39	1
0.303030303030303	4	39	1
0.229166666666667	4	39	1
0.342857142857143	4	39	1
0.282051282051282	4	39	1
0.207547169811321	4	39	1
0.285714285714286	4	39	1
0.189189189189189	4	39	1
0.27906976744186	4	39	1
0.18	4	39	1
0.484848484848485	4	39	1
0.153846153846154	4	39	1
0.290322580645161	4	39	1
0.297872340425532	4	39	1
0.333333333333333	4	39	1
0.352941176470588	4	39	1
0.32	4	39	1
0.297297297297297	4	39	1
0.481481481481481	4	39	1
0.481481481481481	4	39	1
0.225	4	39	1
0.275	4	39	1
0.25	4	39	1
0.228070175438596	4	39	1
0.268292682926829	4	39	1
0.121951219512195	4	39	1
0.333333333333333	4	39	1
0.119047619047619	4	39	1
0.314285714285714	4	39	1
0.285714285714286	4	39	1
0.21875	4	39	1
0.521739130434783	4	39	1
0.27906976744186	4	39	1
0.137254901960784	4	39	1
0.233333333333333	4	39	1
0.2	4	39	1
0.282051282051282	4	39	1
0.28125	4	39	1
0.372549019607843	4	39	1
0.576923076923077	4	39	1
0.163265306122449	4	39	1
0.285714285714286	4	39	1
0.263157894736842	4	39	1
0.294117647058824	4	39	1
0.307692307692308	4	39	1
0.121212121212121	4	39	1
0.484848484848485	4	39	1
0.242424242424242	4	39	1
0.266666666666667	4	39	1
0.233333333333333	4	39	1
0.351351351351351	4	39	1
0.263157894736842	4	39	1
0.170731707317073	4	39	1
0.133333333333333	4	39	1
0.129032258064516	4	39	1
0.225	4	39	1
0.24390243902439	4	39	1
0.101694915254237	4	39	1
0.103448275862069	4	39	1
0.518518518518518	4	39	1
0.242424242424242	4	39	1
0.357142857142857	4	39	1
0.357142857142857	4	39	1
0.157894736842105	4	39	1
0.372093023255814	4	39	1
0.215686274509804	4	39	1
0.114285714285714	4	39	1
0.366666666666667	4	39	1
0.157894736842105	4	39	1
0.261904761904762	4	39	1
0.272727272727273	4	39	1
0.142857142857143	4	39	1
0.363636363636364	4	39	1
0.176470588235294	4	39	1
0.458333333333333	4	39	1
0.243243243243243	4	39	1
0.4	4	39	1
0.275862068965517	4	39	1
0.259259259259259	4	39	1
0.525	4	39	1
0.285714285714286	4	39	1
0.323529411764706	4	39	1
0.256410256410256	4	39	1
0.194444444444444	4	39	1
0.12280701754386	4	39	1
0.518518518518518	4	39	1
0.366666666666667	4	39	1
0.234042553191489	4	39	1
0.214285714285714	4	39	1
0.255813953488372	4	39	1
0.152173913043478	4	39	1
0.243243243243243	4	39	1
0.333333333333333	4	39	1
0.193548387096774	4	39	1
0.170212765957447	4	39	1
0.378378378378378	4	39	1
0.296296296296296	4	39	1
0.214285714285714	4	39	1
0.28	4	39	1
0.333333333333333	4	39	1
0.305555555555556	4	39	1
0.176470588235294	4	39	1
0.238095238095238	4	39	1
0.256410256410256	4	39	1
0.32258064516129	4	39	1
0.423076923076923	4	39	1
0.176470588235294	4	39	1
0.148148148148148	4	39	1
0.25	4	39	1
0.30952380952381	4	39	1
0.15	4	39	1
0.282051282051282	4	39	1
0.285714285714286	4	39	1
0.488888888888889	4	39	1
0.240740740740741	4	39	1
0.325581395348837	4	39	1
0.207547169811321	4	39	1
0.42	4	39	1
0.266666666666667	4	39	1
0.391304347826087	4	39	1
0.282051282051282	4	39	1
0.275	4	39	1
0.108695652173913	4	39	1
0.205882352941176	4	39	1
0.256410256410256	4	39	1
0.26530612244898	4	39	1
0.222222222222222	4	39	1
0.2	4	39	1
0.19047619047619	4	39	1
0.365384615384615	4	39	1
0.176470588235294	4	39	1
0.184210526315789	4	39	1
0.175	4	39	1
0.290909090909091	4	39	1
0.22	4	39	1
0.511111111111111	4	39	1
0.2	4	39	1
0.132075471698113	4	39	1
0.219512195121951	4	39	1
0.258064516129032	4	39	1
0.235294117647059	4	39	1
0.375	4	39	1
0.166666666666667	4	39	1
0.256410256410256	4	39	1
0.222222222222222	4	39	1
0.352941176470588	4	39	1
0.411764705882353	4	39	1
0.32	4	39	1
0.24	4	39	1
0.217391304347826	4	39	1
0.297297297297297	4	39	1
0.565217391304348	4	39	1
0.242424242424242	4	39	1
0.222222222222222	4	39	1
0.212121212121212	4	39	1
0.130434782608696	4	39	1
0.333333333333333	4	39	1
0.241379310344828	4	39	1
0.242424242424242	4	39	1
0.162790697674419	4	39	1
0.319148936170213	4	39	1
0.45	4	39	1
0.162162162162162	4	39	1
0.315789473684211	4	39	1
0.431372549019608	4	39	1
0.260869565217391	4	39	1
0.555555555555556	4	39	1
0.5	4	39	1
0.441860465116279	4	39	1
0.243243243243243	4	39	1
0.106382978723404	4	39	1
0.324324324324324	4	39	1
0.195121951219512	4	39	1
0.257142857142857	4	39	1
0.382352941176471	4	39	1
0.394736842105263	4	39	1
0.222222222222222	4	39	1
0.128205128205128	4	39	1
0.517241379310345	4	39	1
0.2	4	39	1
0.175	4	39	1
0.22	4	39	1
0.444444444444444	4	39	1
0.297297297297297	4	39	1
0.210526315789474	4	39	1
0.241379310344828	4	39	1
0.292682926829268	4	39	1
0.24	4	39	1
0.282608695652174	4	39	1
0.692307692307692	4	39	1
0.30952380952381	4	39	1
0.151515151515152	4	39	1
0.307692307692308	4	39	1
0.294117647058824	4	39	1
0.163636363636364	4	39	1
0.125	4	39	1
0.205128205128205	4	39	1
0.125	4	39	1
0.392857142857143	4	39	1
0.176470588235294	4	39	1
0.222222222222222	4	39	1
0.178571428571429	4	39	1
0.382352941176471	4	39	1
0.238095238095238	4	39	1
0.25531914893617	4	39	1
0.238095238095238	4	39	1
0.243243243243243	4	39	1
0.142857142857143	4	39	1
0.323529411764706	4	39	1
0.3125	4	39	1
0.423728813559322	4	39	1
0.416666666666667	4	39	1
0.518518518518518	4	39	1
0.3	4	39	1
0.229166666666667	4	39	1
0.263157894736842	4	39	1
0.344827586206897	4	39	1
0.206896551724138	4	39	1
0.13953488372093	4	39	1
0.206896551724138	4	39	1
0.208333333333333	4	39	1
0.233333333333333	4	39	1
0.371428571428571	4	39	1
0.243243243243243	4	39	1
0.285714285714286	4	39	1
0.212121212121212	4	39	1
0.647058823529412	4	39	1
0.206896551724138	4	39	1
