VAF	CN	avg.depth	purity
0.5	1	18	0.95
0.733333333333333	1	18	0.95
0.866666666666667	1	18	0.95
0.142857142857143	1	18	0.95
0.888888888888889	1	18	0.95
0.944444444444444	1	18	0.95
0.176470588235294	1	18	0.95
0.6	1	18	0.95
0.842105263157895	1	18	0.95
0.916666666666667	1	18	0.95
0.684210526315789	1	18	0.95
0.65	1	18	0.95
0.136363636363636	1	18	0.95
0.821428571428571	1	18	0.95
1	1	18	0.95
0.944444444444444	1	18	0.95
1	1	18	0.95
0.821428571428571	1	18	0.95
0.25	1	18	0.95
0.136363636363636	1	18	0.95
0.142857142857143	1	18	0.95
0.333333333333333	1	18	0.95
1	1	18	0.95
0.1875	1	18	0.95
0.217391304347826	1	18	0.95
0.176470588235294	1	18	0.95
0.666666666666667	1	18	0.95
0.1875	1	18	0.95
0.157894736842105	1	18	0.95
0.206896551724138	1	18	0.95
0.833333333333333	1	18	0.95
0.666666666666667	1	18	0.95
0.3	1	18	0.95
0.85	1	18	0.95
0.909090909090909	1	18	0.95
0.125	1	18	0.95
0.37037037037037	1	18	0.95
0.6875	1	18	0.95
0.944444444444444	1	18	0.95
0.684210526315789	1	18	0.95
0.1875	1	18	0.95
0.3125	1	18	0.95
0.857142857142857	1	18	0.95
0.263157894736842	1	18	0.95
0.4375	1	18	0.95
0.294117647058824	1	18	0.95
0.615384615384615	1	18	0.95
0.785714285714286	1	18	0.95
0.52	1	18	0.95
1	1	18	0.95
0.916666666666667	1	18	0.95
0.866666666666667	1	18	0.95
0.166666666666667	1	18	0.95
1	1	18	0.95
0.785714285714286	1	18	0.95
0.75	1	18	0.95
0.153846153846154	1	18	0.95
0.954545454545455	1	18	0.95
0.1875	1	18	0.95
0.75	1	18	0.95
0.594594594594595	2	34	0.95
0.333333333333333	2	34	0.95
0.5	2	34	0.95
0.527777777777778	2	34	0.95
0.285714285714286	2	34	0.95
0.130434782608696	2	34	0.95
0.222222222222222	2	34	0.95
0.13953488372093	2	34	0.95
0.423076923076923	2	34	0.95
0.4375	2	34	0.95
0.24	2	34	0.95
0.142857142857143	2	34	0.95
0.34375	2	34	0.95
0.423076923076923	2	34	0.95
0.366666666666667	2	34	0.95
0.170731707317073	2	34	0.95
0.354838709677419	2	34	0.95
0.363636363636364	2	34	0.95
0.115384615384615	2	34	0.95
0.387096774193548	2	34	0.95
0.558823529411765	2	34	0.95
0.304347826086957	2	34	0.95
0.414634146341463	2	34	0.95
0.4	2	34	0.95
0.439024390243902	2	34	0.95
0.307692307692308	2	34	0.95
0.36	2	34	0.95
0.416666666666667	2	34	0.95
0.5	2	34	0.95
0.135135135135135	2	34	0.95
0.45	2	34	0.95
0.324324324324324	2	34	0.95
0.421052631578947	2	34	0.95
0.289473684210526	2	34	0.95
0.217391304347826	2	34	0.95
0.433962264150943	2	34	0.95
0.514285714285714	2	34	0.95
0.416666666666667	2	34	0.95
0.375	2	34	0.95
0.55	2	34	0.95
0.173913043478261	2	34	0.95
0.470588235294118	2	34	0.95
0.483870967741935	2	34	0.95
0.363636363636364	2	34	0.95
0.357142857142857	2	34	0.95
0.317073170731707	2	34	0.95
0.464285714285714	2	34	0.95
0.484848484848485	2	34	0.95
0.482758620689655	2	34	0.95
0.428571428571429	2	34	0.95
0.534883720930233	2	34	0.95
0.40625	2	34	0.95
0.379310344827586	2	34	0.95
0.157894736842105	2	34	0.95
0.481481481481481	2	34	0.95
0.5	2	34	0.95
0.388888888888889	2	34	0.95
0.451612903225806	2	34	0.95
0.225806451612903	2	34	0.95
0.4	2	34	0.95
0.414634146341463	2	34	0.95
0.155555555555556	2	34	0.95
0.4	2	34	0.95
0.285714285714286	2	34	0.95
0.476190476190476	2	34	0.95
0.575757575757576	2	34	0.95
0.136363636363636	2	34	0.95
0.411764705882353	2	34	0.95
0.425	2	34	0.95
0.357142857142857	2	34	0.95
0.588235294117647	2	34	0.95
0.2	2	34	0.95
0.352941176470588	2	34	0.95
0.404761904761905	2	34	0.95
0.225806451612903	2	34	0.95
0.483870967741935	2	34	0.95
0.333333333333333	2	34	0.95
0.461538461538462	2	34	0.95
0.142857142857143	2	34	0.95
0.4	2	34	0.95
0.454545454545455	2	34	0.95
0.588235294117647	2	34	0.95
0.666666666666667	2	34	0.95
0.131578947368421	2	34	0.95
0.333333333333333	2	34	0.95
0.37037037037037	2	34	0.95
0.177777777777778	2	34	0.95
0.153846153846154	2	34	0.95
0.181818181818182	2	34	0.95
0.421052631578947	2	34	0.95
0.285714285714286	2	34	0.95
0.516129032258065	2	34	0.95
0.424242424242424	2	34	0.95
0.142857142857143	2	34	0.95
0.434782608695652	2	34	0.95
0.566666666666667	2	34	0.95
0.121212121212121	2	34	0.95
0.571428571428571	2	34	0.95
0.321428571428571	2	34	0.95
0.392857142857143	2	34	0.95
0.382352941176471	2	34	0.95
0.5	2	34	0.95
0.41304347826087	2	34	0.95
0.166666666666667	2	34	0.95
0.151515151515152	2	34	0.95
0.241379310344828	2	34	0.95
0.166666666666667	2	34	0.95
0.45	2	34	0.95
0.256410256410256	2	34	0.95
0.5	2	34	0.95
0.475	2	34	0.95
0.444444444444444	2	34	0.95
0.461538461538462	2	34	0.95
0.428571428571429	2	34	0.95
0.607142857142857	2	34	0.95
0.6	2	34	0.95
0.475	2	34	0.95
0.571428571428571	2	34	0.95
0.461538461538462	2	34	0.95
0.333333333333333	2	34	0.95
0.482758620689655	2	34	0.95
0.372093023255814	2	34	0.95
0.272727272727273	2	34	0.95
0.5	2	34	0.95
0.289473684210526	2	34	0.95
0.127659574468085	2	34	0.95
0.125	2	34	0.95
0.318181818181818	2	34	0.95
0.393939393939394	2	34	0.95
0.5	2	34	0.95
0.48	2	34	0.95
0.170731707317073	2	34	0.95
0.375	2	34	0.95
0.59375	2	34	0.95
0.258064516129032	2	34	0.95
0.173913043478261	2	34	0.95
0.53125	2	34	0.95
0.333333333333333	2	34	0.95
0.361111111111111	2	34	0.95
0.347826086956522	2	34	0.95
0.261904761904762	2	34	0.95
0.555555555555556	2	34	0.95
0.413793103448276	2	34	0.95
0.428571428571429	2	34	0.95
0.384615384615385	2	34	0.95
0.52	2	34	0.95
0.346153846153846	2	34	0.95
0.2	2	34	0.95
0.439024390243902	2	34	0.95
0.148148148148148	2	34	0.95
0.433333333333333	2	34	0.95
0.5	2	34	0.95
0.5	2	34	0.95
0.464285714285714	2	34	0.95
0.5	2	34	0.95
0.44	2	34	0.95
0.233333333333333	2	34	0.95
0.136363636363636	2	34	0.95
0.205882352941176	2	34	0.95
0.418604651162791	2	34	0.95
0.6	2	34	0.95
0.333333333333333	2	34	0.95
0.407407407407407	2	34	0.95
0.111111111111111	2	34	0.95
0.153846153846154	2	34	0.95
0.517241379310345	2	34	0.95
0.586206896551724	2	34	0.95
0.571428571428571	2	34	0.95
0.354838709677419	2	34	0.95
0.378378378378378	2	34	0.95
0.547619047619048	2	34	0.95
0.318181818181818	2	34	0.95
0.319148936170213	2	34	0.95
0.448275862068966	2	34	0.95
0.451612903225806	2	34	0.95
0.545454545454545	2	34	0.95
0.142857142857143	2	34	0.95
0.173913043478261	2	34	0.95
0.390243902439024	2	34	0.95
0.363636363636364	2	34	0.95
0.314285714285714	2	34	0.95
0.358974358974359	2	34	0.95
0.4375	2	34	0.95
0.358974358974359	2	34	0.95
0.4375	2	34	0.95
0.457142857142857	2	34	0.95
0.34375	2	34	0.95
0.294117647058824	2	34	0.95
0.407407407407407	2	34	0.95
0.423076923076923	2	34	0.95
0.296296296296296	2	34	0.95
0.425	2	34	0.95
0.259259259259259	2	34	0.95
0.529411764705882	2	34	0.95
0.176470588235294	2	34	0.95
0.285714285714286	2	34	0.95
0.555555555555556	2	34	0.95
0.439024390243902	2	34	0.95
0.857142857142857	2	34	0.95
0.483870967741935	2	34	0.95
0.264705882352941	2	34	0.95
0.372093023255814	2	34	0.95
0.542857142857143	2	34	0.95
0.393939393939394	2	34	0.95
0.666666666666667	2	34	0.95
0.355555555555556	2	34	0.95
0.153846153846154	2	34	0.95
0.357142857142857	2	34	0.95
0.137931034482759	2	34	0.95
0.357142857142857	2	34	0.95
0.297297297297297	2	34	0.95
0.117647058823529	2	34	0.95
0.512820512820513	2	34	0.95
0.215686274509804	2	34	0.95
0.529411764705882	2	34	0.95
0.451612903225806	2	34	0.95
0.387096774193548	2	34	0.95
0.428571428571429	2	34	0.95
0.147058823529412	2	34	0.95
0.472222222222222	2	34	0.95
0.452380952380952	2	34	0.95
0.5	2	34	0.95
0.5	2	34	0.95
0.478260869565217	2	34	0.95
0.567567567567568	2	34	0.95
0.5	2	34	0.95
0.594594594594595	2	34	0.95
0.5	2	34	0.95
0.380952380952381	2	34	0.95
0.195652173913043	2	34	0.95
0.204081632653061	2	34	0.95
0.642857142857143	2	34	0.95
0.333333333333333	2	34	0.95
0.424242424242424	2	34	0.95
0.428571428571429	2	34	0.95
0.418604651162791	2	34	0.95
0.347826086956522	2	34	0.95
0.375	2	34	0.95
0.529411764705882	2	34	0.95
0.538461538461538	2	34	0.95
0.486486486486487	2	34	0.95
0.475	2	34	0.95
0.470588235294118	2	34	0.95
0.5	2	34	0.95
0.116279069767442	2	34	0.95
0.28	2	34	0.95
0.153846153846154	2	34	0.95
0.5	2	34	0.95
0.333333333333333	2	34	0.95
0.419354838709677	2	34	0.95
0.147058823529412	2	34	0.95
0.379310344827586	2	34	0.95
0.25	2	34	0.95
0.435897435897436	2	34	0.95
0.8	2	34	0.95
0.694444444444444	2	34	0.95
0.375	2	34	0.95
0.393939393939394	2	34	0.95
0.365853658536585	2	34	0.95
0.361111111111111	2	34	0.95
0.479166666666667	2	34	0.95
0.605263157894737	2	34	0.95
0.433333333333333	2	34	0.95
0.424242424242424	2	34	0.95
0.275	2	34	0.95
0.170731707317073	2	34	0.95
0.48936170212766	2	34	0.95
0.3	2	34	0.95
0.486486486486487	2	34	0.95
0.153846153846154	2	34	0.95
0.442307692307692	2	34	0.95
0.517241379310345	2	34	0.95
0.515151515151515	2	34	0.95
0.136363636363636	2	34	0.95
0.294117647058824	2	34	0.95
0.28	2	34	0.95
0.45	2	34	0.95
0.272727272727273	2	34	0.95
0.375	2	34	0.95
0.125	2	34	0.95
0.463414634146341	2	34	0.95
0.523809523809524	2	34	0.95
0.482758620689655	2	34	0.95
0.457142857142857	2	34	0.95
0.428571428571429	2	34	0.95
0.133333333333333	2	34	0.95
0.45	2	34	0.95
0.318181818181818	2	34	0.95
0.555555555555556	2	34	0.95
0.5	2	34	0.95
0.333333333333333	2	34	0.95
0.72	2	34	0.95
0.333333333333333	2	34	0.95
0.53125	2	34	0.95
0.3	2	34	0.95
0.222222222222222	2	34	0.95
0.4375	2	34	0.95
0.1	2	34	0.95
0.2	2	34	0.95
0.366666666666667	2	34	0.95
0.483870967741935	2	34	0.95
0.606060606060606	2	34	0.95
0.466666666666667	2	34	0.95
0.5	2	34	0.95
0.342857142857143	2	34	0.95
0.394736842105263	2	34	0.95
0.447368421052632	2	34	0.95
0.444444444444444	2	34	0.95
0.461538461538462	2	34	0.95
0.407407407407407	2	34	0.95
0.571428571428571	2	34	0.95
0.607142857142857	2	34	0.95
0.511111111111111	2	34	0.95
0.355555555555556	2	34	0.95
0.32258064516129	2	34	0.95
0.129032258064516	2	34	0.95
0.533333333333333	2	34	0.95
0.113207547169811	2	34	0.95
0.571428571428571	2	34	0.95
0.342105263157895	2	34	0.95
0.318181818181818	2	34	0.95
0.111111111111111	2	34	0.95
0.655172413793103	2	34	0.95
0.393939393939394	2	34	0.95
0.386363636363636	2	34	0.95
0.161290322580645	2	34	0.95
0.321428571428571	2	34	0.95
0.136986301369863	2	34	0.95
0.432432432432432	2	34	0.95
0.538461538461538	2	34	0.95
0.392857142857143	2	34	0.95
0.473684210526316	2	34	0.95
0.621621621621622	2	34	0.95
0.176470588235294	2	34	0.95
0.529411764705882	2	34	0.95
0.371428571428571	2	34	0.95
0.357142857142857	2	34	0.95
0.4	2	34	0.95
0.538461538461538	2	34	0.95
0.553191489361702	2	34	0.95
0.137931034482759	2	34	0.95
0.15	2	34	0.95
0.346153846153846	2	34	0.95
0.212121212121212	2	34	0.95
0.416666666666667	2	34	0.95
0.545454545454545	2	34	0.95
0.62962962962963	2	34	0.95
0.545454545454545	2	34	0.95
0.404761904761905	2	34	0.95
0.208333333333333	2	34	0.95
0.357142857142857	2	34	0.95
0.470588235294118	2	34	0.95
0.446808510638298	2	34	0.95
0.382352941176471	2	34	0.95
0.142857142857143	2	34	0.95
0.473684210526316	2	34	0.95
0.605263157894737	2	34	0.95
0.354166666666667	2	34	0.95
0.342105263157895	2	34	0.95
0.378378378378378	2	34	0.95
0.241379310344828	2	34	0.95
0.470588235294118	2	34	0.95
0.366666666666667	2	34	0.95
0.512820512820513	2	34	0.95
0.171428571428571	2	34	0.95
0.533333333333333	2	34	0.95
0.175	2	34	0.95
0.266666666666667	2	34	0.95
0.172413793103448	2	34	0.95
0.395348837209302	2	34	0.95
0.333333333333333	2	34	0.95
0.571428571428571	2	34	0.95
0.2	2	34	0.95
0.560975609756098	2	34	0.95
0.425531914893617	2	34	0.95
0.4	2	34	0.95
0.340909090909091	2	34	0.95
0.423076923076923	2	34	0.95
0.125	2	34	0.95
0.4	2	34	0.95
0.171428571428571	2	34	0.95
0.104651162790698	2	34	0.95
0.4	2	34	0.95
0.37037037037037	2	34	0.95
0.5	2	34	0.95
0.461538461538462	2	34	0.95
0.370967741935484	2	34	0.95
0.384615384615385	2	34	0.95
0.268292682926829	2	34	0.95
0.666666666666667	2	34	0.95
0.425531914893617	2	34	0.95
0.393939393939394	2	34	0.95
0.432432432432432	2	34	0.95
0.125	2	34	0.95
0.533333333333333	2	34	0.95
0.4	2	34	0.95
0.137931034482759	2	34	0.95
0.486486486486487	2	34	0.95
0.205882352941176	2	34	0.95
0.444444444444444	2	34	0.95
0.355555555555556	2	34	0.95
0.551020408163265	2	34	0.95
0.161290322580645	2	34	0.95
0.185185185185185	2	34	0.95
0.40625	2	34	0.95
0.291666666666667	2	34	0.95
0.324324324324324	2	34	0.95
0.341463414634146	2	34	0.95
0.470588235294118	2	34	0.95
0.133333333333333	2	34	0.95
0.142857142857143	2	34	0.95
0.275	2	34	0.95
0.458333333333333	2	34	0.95
0.461538461538462	2	34	0.95
0.473684210526316	2	34	0.95
0.4375	2	34	0.95
0.457142857142857	2	34	0.95
0.439024390243902	2	34	0.95
0.4	2	34	0.95
0.378378378378378	2	34	0.95
0.481481481481481	2	34	0.95
0.285714285714286	2	34	0.95
0.380952380952381	2	34	0.95
0.571428571428571	2	34	0.95
0.105263157894737	2	34	0.95
0.5	2	34	0.95
0.432432432432432	2	34	0.95
0.146341463414634	2	34	0.95
0.241379310344828	2	34	0.95
0.444444444444444	2	34	0.95
0.484848484848485	2	34	0.95
0.333333333333333	2	34	0.95
0.486486486486487	2	34	0.95
0.6	2	34	0.95
0.225806451612903	2	34	0.95
0.128205128205128	2	34	0.95
0.515151515151515	2	34	0.95
0.15	2	34	0.95
0.419354838709677	2	34	0.95
0.387096774193548	2	34	0.95
0.419354838709677	2	34	0.95
0.277777777777778	2	34	0.95
0.5	2	34	0.95
0.411764705882353	2	34	0.95
0.173913043478261	2	34	0.95
0.378378378378378	2	34	0.95
0.173913043478261	2	34	0.95
0.388888888888889	2	34	0.95
0.428571428571429	2	34	0.95
0.540540540540541	2	34	0.95
0.785714285714286	2	34	0.95
0.5	2	34	0.95
0.352941176470588	2	34	0.95
0.433333333333333	2	34	0.95
0.647058823529412	2	34	0.95
0.133333333333333	2	34	0.95
0.5	2	34	0.95
0.3	2	34	0.95
0.529411764705882	2	34	0.95
0.375	2	34	0.95
0.5	2	34	0.95
0.454545454545455	2	34	0.95
0.484848484848485	2	34	0.95
0.195652173913043	2	34	0.95
0.439024390243902	2	34	0.95
0.409090909090909	2	34	0.95
0.604651162790698	2	34	0.95
0.53125	2	34	0.95
0.578947368421053	2	34	0.95
0.48780487804878	2	34	0.95
0.439024390243902	2	34	0.95
0.307692307692308	2	34	0.95
0.111111111111111	2	34	0.95
0.45	2	34	0.95
0.15625	2	34	0.95
0.189189189189189	2	34	0.95
0.548387096774194	2	34	0.95
0.314285714285714	2	34	0.95
0.30952380952381	2	34	0.95
0.577777777777778	2	34	0.95
0.304347826086957	2	34	0.95
0.606060606060606	2	34	0.95
0.162790697674419	2	34	0.95
0.470588235294118	2	34	0.95
0.411764705882353	2	34	0.95
0.52	2	34	0.95
0.142857142857143	2	34	0.95
0.4375	2	34	0.95
0.195652173913043	2	34	0.95
0.5	2	34	0.95
0.428571428571429	2	34	0.95
0.433333333333333	2	34	0.95
0.361111111111111	2	34	0.95
0.157894736842105	2	34	0.95
0.581395348837209	2	34	0.95
0.119047619047619	2	34	0.95
0.540540540540541	2	34	0.95
0.28	2	34	0.95
0.484848484848485	2	34	0.95
0.162162162162162	2	34	0.95
0.405405405405405	2	34	0.95
0.405405405405405	2	34	0.95
0.361111111111111	2	34	0.95
0.52	2	34	0.95
0.5	2	34	0.95
0.1875	2	34	0.95
0.451612903225806	2	34	0.95
0.454545454545455	2	34	0.95
0.314285714285714	2	34	0.95
0.625	2	34	0.95
0.482758620689655	2	34	0.95
0.476190476190476	2	34	0.95
0.333333333333333	2	34	0.95
0.433962264150943	2	34	0.95
0.428571428571429	2	34	0.95
0.481481481481481	2	34	0.95
0.4	2	34	0.95
0.5	2	34	0.95
0.390243902439024	2	34	0.95
0.433333333333333	2	34	0.95
0.444444444444444	2	34	0.95
0.361111111111111	2	34	0.95
0.470588235294118	2	34	0.95
0.413793103448276	2	34	0.95
0.509090909090909	2	34	0.95
0.285714285714286	2	34	0.95
0.454545454545455	2	34	0.95
0.518518518518518	2	34	0.95
0.5	2	34	0.95
0.44	2	34	0.95
0.473684210526316	2	34	0.95
0.5	2	34	0.95
0.106382978723404	2	34	0.95
0.384615384615385	2	34	0.95
0.526315789473684	2	34	0.95
0.36	2	34	0.95
0.428571428571429	2	34	0.95
0.351351351351351	2	34	0.95
0.578947368421053	2	34	0.95
0.465116279069767	2	34	0.95
0.5	2	34	0.95
0.473684210526316	2	34	0.95
0.484848484848485	2	34	0.95
0.457142857142857	2	34	0.95
0.384615384615385	2	34	0.95
0.522727272727273	2	34	0.95
0.441176470588235	2	34	0.95
0.40625	2	34	0.95
0.456521739130435	2	34	0.95
0.676470588235294	2	34	0.95
0.347826086956522	2	34	0.95
0.333333333333333	2	34	0.95
0.216216216216216	2	34	0.95
0.470588235294118	2	34	0.95
0.45	2	34	0.95
0.28	2	34	0.95
0.225806451612903	2	34	0.95
0.146341463414634	2	34	0.95
0.409090909090909	2	34	0.95
0.379310344827586	2	34	0.95
0.386363636363636	2	34	0.95
0.472222222222222	2	34	0.95
0.181818181818182	2	34	0.95
0.344827586206897	2	34	0.95
0.214285714285714	2	34	0.95
0.357142857142857	2	34	0.95
0.393939393939394	2	34	0.95
0.5	2	34	0.95
0.425	2	34	0.95
0.388888888888889	2	34	0.95
0.363636363636364	2	34	0.95
0.434782608695652	2	34	0.95
0.448275862068966	2	34	0.95
0.184210526315789	2	34	0.95
0.535714285714286	2	34	0.95
0.28125	2	34	0.95
0.4	2	34	0.95
0.388888888888889	2	34	0.95
0.514285714285714	2	34	0.95
0.473684210526316	2	34	0.95
0.461538461538462	2	34	0.95
0.634146341463415	2	34	0.95
0.416666666666667	2	34	0.95
0.461538461538462	2	34	0.95
0.4	2	34	0.95
0.414634146341463	2	34	0.95
0.39622641509434	2	34	0.95
0.5	2	34	0.95
0.5	2	34	0.95
0.236842105263158	2	34	0.95
0.16	2	34	0.95
0.441176470588235	2	34	0.95
0.148148148148148	2	34	0.95
0.46875	2	34	0.95
0.1875	2	34	0.95
0.470588235294118	2	34	0.95
0.522727272727273	2	34	0.95
0.607142857142857	2	34	0.95
0.206896551724138	2	34	0.95
0.466666666666667	2	34	0.95
0.28	2	34	0.95
0.162162162162162	2	34	0.95
0.48780487804878	2	34	0.95
0.611111111111111	2	34	0.95
0.522727272727273	2	34	0.95
0.179487179487179	2	34	0.95
0.25	2	34	0.95
0.451612903225806	2	34	0.95
0.485714285714286	2	34	0.95
0.15	2	34	0.95
0.206896551724138	2	34	0.95
0.431818181818182	2	34	0.95
0.5	2	34	0.95
0.352941176470588	2	34	0.95
0.395348837209302	2	34	0.95
0.444444444444444	2	34	0.95
0.384615384615385	2	34	0.95
0.434782608695652	2	34	0.95
0.205882352941176	2	34	0.95
0.379310344827586	2	34	0.95
0.421052631578947	2	34	0.95
0.540540540540541	2	34	0.95
0.515151515151515	2	34	0.95
0.117647058823529	2	34	0.95
0.657142857142857	2	34	0.95
0.452380952380952	2	34	0.95
0.469387755102041	2	34	0.95
0.416666666666667	2	34	0.95
0.113636363636364	2	34	0.95
0.259259259259259	2	34	0.95
0.421052631578947	2	34	0.95
0.457142857142857	2	34	0.95
0.459459459459459	2	34	0.95
0.314285714285714	2	34	0.95
0.538461538461538	2	34	0.95
0.225806451612903	2	34	0.95
0.548387096774194	2	34	0.95
0.435897435897436	2	34	0.95
0.479166666666667	2	34	0.95
0.4375	2	34	0.95
0.428571428571429	2	34	0.95
0.354838709677419	2	34	0.95
0.146341463414634	2	34	0.95
0.214285714285714	2	34	0.95
0.3125	2	34	0.95
0.48780487804878	2	34	0.95
0.4	2	34	0.95
0.56	2	34	0.95
0.55	2	34	0.95
0.333333333333333	2	34	0.95
0.217391304347826	2	34	0.95
0.339285714285714	2	34	0.95
0.516129032258065	2	34	0.95
0.535714285714286	2	34	0.95
0.21875	2	34	0.95
0.482758620689655	2	34	0.95
0.533333333333333	2	34	0.95
0.268292682926829	2	34	0.95
0.521739130434783	2	34	0.95
0.405405405405405	2	34	0.95
0.552631578947368	2	34	0.95
0.486486486486487	2	34	0.95
0.571428571428571	2	34	0.95
0.207547169811321	2	34	0.95
0.155555555555556	2	34	0.95
0.4	2	34	0.95
0.5	2	34	0.95
0.387096774193548	2	34	0.95
0.36	2	34	0.95
0.516129032258065	2	34	0.95
0.323529411764706	2	34	0.95
0.631578947368421	2	34	0.95
0.655172413793103	2	34	0.95
0.475	2	34	0.95
0.375	2	34	0.95
0.275862068965517	2	34	0.95
0.3125	2	34	0.95
0.461538461538462	2	34	0.95
0.40625	2	34	0.95
0.548387096774194	2	34	0.95
0.357142857142857	2	34	0.95
0.433333333333333	2	34	0.95
0.444444444444444	2	34	0.95
0.354838709677419	2	34	0.95
0.184210526315789	2	34	0.95
0.566666666666667	2	34	0.95
0.117647058823529	2	34	0.95
0.545454545454545	2	34	0.95
0.518518518518518	2	34	0.95
0.142857142857143	2	34	0.95
0.483870967741935	2	34	0.95
0.552631578947368	2	34	0.95
0.379310344827586	2	34	0.95
0.13953488372093	2	34	0.95
0.411764705882353	2	34	0.95
0.107142857142857	2	34	0.95
0.464285714285714	2	34	0.95
0.658536585365854	2	34	0.95
0.513513513513513	2	34	0.95
0.171428571428571	2	34	0.95
0.38	2	34	0.95
0.192307692307692	2	34	0.95
0.606060606060606	2	34	0.95
0.366666666666667	2	34	0.95
0.289473684210526	2	34	0.95
0.305555555555556	2	34	0.95
0.428571428571429	2	34	0.95
0.361111111111111	2	34	0.95
0.162790697674419	2	34	0.95
0.6	2	34	0.95
0.518518518518518	2	34	0.95
0.484848484848485	2	34	0.95
0.477272727272727	2	34	0.95
0.413793103448276	2	34	0.95
0.631578947368421	2	34	0.95
0.205882352941176	2	34	0.95
0.473684210526316	2	34	0.95
0.475	2	34	0.95
0.317073170731707	2	34	0.95
0.342857142857143	2	34	0.95
0.517241379310345	2	34	0.95
0.409090909090909	2	34	0.95
0.52	2	34	0.95
0.15625	2	34	0.95
0.342857142857143	2	34	0.95
0.357142857142857	2	34	0.95
0.526315789473684	2	34	0.95
0.384615384615385	2	34	0.95
0.604651162790698	2	34	0.95
0.157894736842105	2	34	0.95
0.514285714285714	2	34	0.95
0.166666666666667	2	34	0.95
0.205128205128205	2	34	0.95
0.645161290322581	2	34	0.95
0.156862745098039	2	34	0.95
0.15625	2	34	0.95
0.344827586206897	2	34	0.95
0.454545454545455	2	34	0.95
0.444444444444444	2	34	0.95
0.411764705882353	2	34	0.95
0.414634146341463	2	34	0.95
0.5	2	34	0.95
0.146341463414634	2	34	0.95
0.416666666666667	2	34	0.95
0.454545454545455	2	34	0.95
0.333333333333333	2	34	0.95
0.52	2	34	0.95
0.117647058823529	2	34	0.95
0.333333333333333	2	34	0.95
0.538461538461538	2	34	0.95
0.185185185185185	2	34	0.95
0.516129032258065	2	34	0.95
0.434782608695652	2	34	0.95
0.244444444444444	2	34	0.95
0.484848484848485	2	34	0.95
0.489795918367347	2	34	0.95
0.333333333333333	2	34	0.95
0.133333333333333	2	34	0.95
0.285714285714286	2	34	0.95
0.315789473684211	2	34	0.95
0.465116279069767	2	34	0.95
0.321428571428571	2	34	0.95
0.477272727272727	2	34	0.95
0.380952380952381	2	34	0.95
0.387096774193548	2	34	0.95
0.408163265306122	2	34	0.95
0.382978723404255	2	34	0.95
0.5	2	34	0.95
0.483870967741935	2	34	0.95
0.471698113207547	2	34	0.95
0.446808510638298	2	34	0.95
0.291666666666667	2	34	0.95
0.4375	2	34	0.95
0.485714285714286	2	34	0.95
0.333333333333333	2	34	0.95
0.428571428571429	2	34	0.95
0.514285714285714	2	34	0.95
0.535714285714286	2	34	0.95
0.466666666666667	2	34	0.95
0.333333333333333	2	34	0.95
0.222222222222222	2	34	0.95
0.41025641025641	2	34	0.95
0.736842105263158	2	34	0.95
0.127659574468085	2	34	0.95
0.131578947368421	2	34	0.95
0.485714285714286	2	34	0.95
0.478260869565217	2	34	0.95
0.631578947368421	2	34	0.95
0.555555555555556	2	34	0.95
0.205882352941176	2	34	0.95
0.514285714285714	2	34	0.95
0.424242424242424	2	34	0.95
0.560975609756098	2	34	0.95
0.421052631578947	2	34	0.95
0.452380952380952	2	34	0.95
0.473684210526316	2	34	0.95
0.540540540540541	2	34	0.95
0.56	2	34	0.95
0.138888888888889	2	34	0.95
0.685714285714286	2	34	0.95
0.388888888888889	2	34	0.95
0.375	2	34	0.95
0.48	2	34	0.95
0.4	2	34	0.95
0.4	2	34	0.95
0.214285714285714	2	34	0.95
0.529411764705882	2	34	0.95
0.206896551724138	2	34	0.95
0.424242424242424	2	34	0.95
0.145833333333333	2	34	0.95
0.390243902439024	2	34	0.95
0.21875	2	34	0.95
0.485714285714286	2	34	0.95
0.464285714285714	2	34	0.95
0.15	2	34	0.95
0.454545454545455	2	34	0.95
0.387096774193548	2	34	0.95
0.513513513513513	2	34	0.95
0.487179487179487	2	34	0.95
0.333333333333333	2	34	0.95
0.354838709677419	2	34	0.95
0.866666666666667	2	34	0.95
0.428571428571429	2	34	0.95
0.333333333333333	2	34	0.95
0.521739130434783	2	34	0.95
0.387755102040816	2	34	0.95
0.146341463414634	2	34	0.95
0.538461538461538	2	34	0.95
0.451612903225806	2	34	0.95
0.5	2	34	0.95
0.178571428571429	2	34	0.95
0.470588235294118	2	34	0.95
0.466666666666667	2	34	0.95
0.27027027027027	2	34	0.95
0.466666666666667	2	34	0.95
0.386363636363636	2	34	0.95
0.542857142857143	2	34	0.95
0.432432432432432	2	34	0.95
0.521739130434783	2	34	0.95
0.509090909090909	2	34	0.95
0.5	2	34	0.95
0.25	2	34	0.95
0.384615384615385	2	34	0.95
0.4	2	34	0.95
0.432432432432432	2	34	0.95
0.4	2	34	0.95
0.439024390243902	2	34	0.95
0.13953488372093	2	34	0.95
0.653846153846154	2	34	0.95
0.230769230769231	2	34	0.95
0.4375	2	34	0.95
0.1875	2	34	0.95
0.416666666666667	2	34	0.95
0.40625	2	34	0.95
0.44	2	34	0.95
0.206896551724138	2	34	0.95
0.206896551724138	2	34	0.95
0.578947368421053	2	34	0.95
0.48	2	34	0.95
0.28	2	34	0.95
0.578947368421053	2	34	0.95
0.282608695652174	2	34	0.95
0.393939393939394	2	34	0.95
0.5	2	34	0.95
0.315789473684211	2	34	0.95
0.416666666666667	2	34	0.95
0.476190476190476	2	34	0.95
0.545454545454545	2	34	0.95
0.386363636363636	2	34	0.95
0.466666666666667	2	34	0.95
0.382352941176471	2	34	0.95
0.409090909090909	2	34	0.95
0.526315789473684	2	34	0.95
0.551724137931034	2	34	0.95
0.470588235294118	2	34	0.95
0.48	2	34	0.95
0.129032258064516	2	34	0.95
0.391304347826087	2	34	0.95
0.378378378378378	2	34	0.95
0.136363636363636	2	34	0.95
0.127272727272727	2	34	0.95
0.142857142857143	2	34	0.95
0.451612903225806	2	34	0.95
0.333333333333333	2	34	0.95
0.425	2	34	0.95
0.5	2	34	0.95
0.65	2	34	0.95
0.166666666666667	2	34	0.95
0.484848484848485	2	34	0.95
0.347826086956522	2	34	0.95
0.421052631578947	2	34	0.95
0.555555555555556	2	34	0.95
0.444444444444444	2	34	0.95
0.285714285714286	2	34	0.95
0.48	2	34	0.95
0.418604651162791	2	34	0.95
0.522727272727273	2	34	0.95
0.285714285714286	2	34	0.95
0.138888888888889	2	34	0.95
0.515151515151515	2	34	0.95
0.333333333333333	2	34	0.95
0.516129032258065	2	34	0.95
0.382352941176471	2	34	0.95
0.384615384615385	2	34	0.95
0.358974358974359	2	34	0.95
0.461538461538462	2	34	0.95
0.516129032258065	2	34	0.95
0.5	2	34	0.95
0.391304347826087	2	34	0.95
0.4	2	34	0.95
0.384615384615385	2	34	0.95
0.388888888888889	2	34	0.95
0.439024390243902	2	34	0.95
0.333333333333333	2	34	0.95
0.16	2	34	0.95
0.35	2	34	0.95
0.46	2	34	0.95
0.615384615384615	2	34	0.95
0.470588235294118	2	34	0.95
0.485714285714286	2	34	0.95
0.444444444444444	2	34	0.95
0.625	2	34	0.95
0.3125	2	34	0.95
0.535714285714286	2	34	0.95
0.40625	2	34	0.95
0.21875	2	34	0.95
0.304347826086957	2	34	0.95
0.666666666666667	2	34	0.95
0.363636363636364	2	34	0.95
0.3	2	34	0.95
0.565217391304348	2	34	0.95
0.463414634146341	2	34	0.95
0.3	2	34	0.95
0.355555555555556	2	34	0.95
0.311111111111111	2	34	0.95
0.6	2	34	0.95
0.527777777777778	2	34	0.95
0.466666666666667	2	34	0.95
