VAF	CN	avg.depth	purity
0.56	3	26	1
0.307692307692308	3	26	1
0.272727272727273	3	26	1
0.297297297297297	3	26	1
0.285714285714286	3	26	1
0.59375	3	26	1
0.384615384615385	3	26	1
0.181818181818182	3	26	1
0.291666666666667	3	26	1
0.583333333333333	3	26	1
0.205882352941176	3	26	1
0.19047619047619	3	26	1
0.71875	3	26	1
0.133333333333333	3	26	1
0.222222222222222	3	26	1
0.3	3	26	1
0.3	3	26	1
0.296296296296296	3	26	1
0.222222222222222	3	26	1
0.210526315789474	3	26	1
0.676470588235294	3	26	1
0.62962962962963	3	26	1
0.206896551724138	3	26	1
0.225806451612903	3	26	1
0.257142857142857	3	26	1
0.266666666666667	3	26	1
0.304347826086957	3	26	1
0.424242424242424	3	26	1
0.4375	3	26	1
0.45	3	26	1
0.302325581395349	3	26	1
0.459459459459459	3	26	1
0.25	3	26	1
0.25	3	26	1
0.363636363636364	3	26	1
0.333333333333333	3	26	1
0.523809523809524	3	26	1
0.260869565217391	3	26	1
0.666666666666667	3	26	1
0.117647058823529	3	26	1
0.586206896551724	3	26	1
0.529411764705882	3	26	1
0.470588235294118	3	26	1
0.195121951219512	3	26	1
0.333333333333333	3	26	1
0.269230769230769	3	26	1
0.269230769230769	3	26	1
0.260869565217391	3	26	1
0.655172413793103	3	26	1
0.583333333333333	3	26	1
0.7	3	26	1
0.461538461538462	3	26	1
0.162162162162162	3	26	1
0.741935483870968	3	26	1
0.2	3	26	1
0.578947368421053	3	26	1
0.15	3	26	1
0.25	3	26	1
0.727272727272727	3	26	1
0.214285714285714	3	26	1
0.64	3	26	1
0.303030303030303	3	26	1
0.592592592592593	3	26	1
0.541666666666667	3	26	1
0.761904761904762	3	26	1
0.264705882352941	3	26	1
0.307692307692308	3	26	1
0.318181818181818	3	26	1
0.708333333333333	3	26	1
0.25	3	26	1
0.391304347826087	3	26	1
0.212121212121212	3	26	1
0.727272727272727	3	26	1
0.75	3	26	1
0.344827586206897	3	26	1
0.764705882352941	3	26	1
0.64	3	26	1
0.566666666666667	3	26	1
0.36	3	26	1
0.321428571428571	3	26	1
0.391304347826087	3	26	1
0.176470588235294	3	26	1
0.5	3	26	1
0.214285714285714	3	26	1
0.297297297297297	3	26	1
0.285714285714286	3	26	1
0.619047619047619	3	26	1
0.416666666666667	3	26	1
0.125	3	26	1
0.303030303030303	3	26	1
0.228571428571429	3	26	1
0.526315789473684	3	26	1
0.136363636363636	3	26	1
0.485714285714286	3	26	1
0.25	3	26	1
0.6	3	26	1
0.347826086956522	3	26	1
0.578947368421053	3	26	1
0.181818181818182	3	26	1
0.818181818181818	3	26	1
0.518518518518518	3	26	1
0.32258064516129	3	26	1
0.269230769230769	3	26	1
0.466666666666667	3	26	1
0.393939393939394	3	26	1
0.652173913043478	3	26	1
0.344827586206897	3	26	1
0.666666666666667	3	26	1
0.653846153846154	3	26	1
0.333333333333333	3	26	1
0.652173913043478	3	26	1
0.352941176470588	3	26	1
0.333333333333333	3	26	1
0.323529411764706	3	26	1
0.363636363636364	3	26	1
0.617647058823529	3	26	1
0.3	3	26	1
0.5	3	26	1
0.607142857142857	3	26	1
0.411764705882353	3	26	1
0.454545454545455	3	26	1
0.636363636363636	3	26	1
0.35	3	26	1
0.625	3	26	1
0.342857142857143	3	26	1
0.157894736842105	3	26	1
0.28	3	26	1
0.666666666666667	3	26	1
0.266666666666667	3	26	1
0.571428571428571	3	26	1
0.842105263157895	3	26	1
0.666666666666667	3	26	1
0.375	3	26	1
0.8	3	26	1
0.1	3	26	1
0.4	3	26	1
0.37037037037037	3	26	1
0.470588235294118	3	26	1
0.769230769230769	3	26	1
0.357142857142857	3	26	1
0.24	3	26	1
0.347826086956522	3	26	1
0.257142857142857	3	26	1
0.208333333333333	3	26	1
0.32258064516129	3	26	1
0.714285714285714	3	26	1
0.315789473684211	3	26	1
0.576923076923077	3	26	1
0.730769230769231	3	26	1
0.875	3	26	1
0.875	3	26	1
0.875	3	26	1
0.392857142857143	3	26	1
0.333333333333333	3	26	1
0.178571428571429	3	26	1
0.666666666666667	3	26	1
0.275862068965517	3	26	1
0.176470588235294	3	26	1
0.44	3	26	1
0.4	3	26	1
0.217391304347826	3	26	1
0.6	3	26	1
0.277777777777778	3	26	1
0.282051282051282	3	26	1
0.333333333333333	3	26	1
0.533333333333333	3	26	1
0.565217391304348	3	26	1
0.833333333333333	3	26	1
0.24	3	26	1
0.285714285714286	3	26	1
0.3	3	26	1
0.516129032258065	3	26	1
0.212765957446809	4	35	1
0.166666666666667	4	35	1
0.178571428571429	4	35	1
0.189189189189189	4	35	1
0.285714285714286	4	35	1
0.181818181818182	4	35	1
0.558139534883721	4	35	1
0.176470588235294	4	35	1
0.28125	4	35	1
0.222222222222222	4	35	1
0.318181818181818	4	35	1
0.428571428571429	4	35	1
0.225	4	35	1
0.188679245283019	4	35	1
0.153846153846154	4	35	1
0.235294117647059	4	35	1
0.5	4	35	1
0.25	4	35	1
0.216216216216216	4	35	1
0.1875	4	35	1
0.1875	4	35	1
0.191489361702128	4	35	1
0.565217391304348	4	35	1
0.857142857142857	4	35	1
0.407407407407407	4	35	1
0.172413793103448	4	35	1
0.482758620689655	4	35	1
0.212121212121212	4	35	1
0.857142857142857	4	35	1
0.121212121212121	4	35	1
0.137931034482759	4	35	1
0.535714285714286	4	35	1
0.473684210526316	4	35	1
0.393939393939394	4	35	1
0.35	4	35	1
0.176470588235294	4	35	1
0.153846153846154	4	35	1
0.459459459459459	4	35	1
0.145833333333333	4	35	1
0.513513513513513	4	35	1
0.5	4	35	1
0.257142857142857	4	35	1
0.487179487179487	4	35	1
0.193548387096774	4	35	1
0.583333333333333	4	35	1
0.358974358974359	4	35	1
0.21875	4	35	1
0.153846153846154	4	35	1
0.25	4	35	1
0.377777777777778	4	35	1
0.459459459459459	4	35	1
0.131578947368421	4	35	1
0.179487179487179	4	35	1
0.234042553191489	4	35	1
0.21875	4	35	1
0.333333333333333	4	35	1
0.482758620689655	4	35	1
0.277777777777778	4	35	1
0.290322580645161	4	35	1
0.476190476190476	4	35	1
0.146341463414634	4	35	1
0.457142857142857	4	35	1
0.166666666666667	4	35	1
0.512820512820513	4	35	1
0.523809523809524	4	35	1
0.439024390243902	4	35	1
0.512820512820513	4	35	1
0.514285714285714	4	35	1
0.270833333333333	4	35	1
0.588235294117647	4	35	1
0.4	4	35	1
0.352941176470588	4	35	1
0.513513513513513	4	35	1
0.310344827586207	4	35	1
0.157894736842105	4	35	1
0.526315789473684	4	35	1
0.431818181818182	4	35	1
0.266666666666667	4	35	1
0.28125	4	35	1
0.171428571428571	4	35	1
0.6	4	35	1
0.204545454545455	4	35	1
0.45	4	35	1
0.222222222222222	4	35	1
0.233333333333333	4	35	1
0.191489361702128	4	35	1
0.264705882352941	4	35	1
0.24390243902439	4	35	1
0.382352941176471	4	35	1
0.413793103448276	4	35	1
0.538461538461538	4	35	1
0.510204081632653	4	35	1
0.5	4	35	1
0.40625	4	35	1
0.333333333333333	4	35	1
0.104166666666667	4	35	1
0.378378378378378	4	35	1
0.588235294117647	4	35	1
0.5	4	35	1
0.204081632653061	4	35	1
0.21875	4	35	1
0.533333333333333	4	35	1
0.472222222222222	4	35	1
0.117647058823529	4	35	1
0.481481481481481	4	35	1
0.155555555555556	4	35	1
0.162162162162162	4	35	1
0.214285714285714	4	35	1
0.416666666666667	4	35	1
0.352941176470588	4	35	1
0.24390243902439	4	35	1
0.333333333333333	4	35	1
0.244897959183673	4	35	1
0.229166666666667	4	35	1
0.133333333333333	4	35	1
0.522727272727273	4	35	1
0.46875	4	35	1
0.40625	4	35	1
0.137254901960784	4	35	1
0.191489361702128	4	35	1
0.548387096774194	4	35	1
0.464285714285714	4	35	1
0.482758620689655	4	35	1
0.297872340425532	4	35	1
0.424242424242424	4	35	1
0.490566037735849	4	35	1
0.422222222222222	4	35	1
0.225	4	35	1
0.255813953488372	4	35	1
0.212121212121212	4	35	1
0.333333333333333	4	35	1
0.285714285714286	4	35	1
0.21875	4	35	1
0.268292682926829	4	35	1
0.352941176470588	4	35	1
0.45	4	35	1
0.5	4	35	1
0.27027027027027	4	35	1
0.425	4	35	1
0.157894736842105	4	35	1
0.222222222222222	4	35	1
0.142857142857143	4	35	1
0.209302325581395	4	35	1
0.472222222222222	4	35	1
0.393939393939394	4	35	1
0.484848484848485	4	35	1
0.483870967741935	4	35	1
0.119047619047619	4	35	1
0.25	4	35	1
0.257142857142857	4	35	1
0.583333333333333	4	35	1
0.326086956521739	4	35	1
0.35	4	35	1
0.458333333333333	4	35	1
0.225	4	35	1
0.222222222222222	4	35	1
0.325	4	35	1
0.315789473684211	4	35	1
0.216216216216216	4	35	1
0.136363636363636	4	35	1
0.307692307692308	4	35	1
0.479166666666667	4	35	1
0.121212121212121	4	35	1
0.52	4	35	1
0.435897435897436	4	35	1
0.411764705882353	4	35	1
0.423076923076923	4	35	1
0.333333333333333	4	35	1
0.272727272727273	4	35	1
0.133333333333333	4	35	1
0.6	4	35	1
0.159090909090909	4	35	1
0.25	4	35	1
0.25	4	35	1
0.171428571428571	4	35	1
0.28125	4	35	1
0.272727272727273	4	35	1
0.114285714285714	4	35	1
0.541666666666667	4	35	1
0.116279069767442	4	35	1
0.527777777777778	4	35	1
0.212121212121212	4	35	1
0.428571428571429	4	35	1
0.179487179487179	4	35	1
0.184210526315789	4	35	1
0.25	4	35	1
0.28125	4	35	1
0.268292682926829	4	35	1
0.470588235294118	4	35	1
0.212765957446809	4	35	1
0.34375	4	35	1
0.454545454545455	4	35	1
0.28	4	35	1
0.542857142857143	4	35	1
0.25	4	35	1
0.34375	4	35	1
0.418604651162791	4	35	1
0.277777777777778	4	35	1
0.558823529411765	4	35	1
0.162162162162162	4	35	1
0.206896551724138	4	35	1
0.243243243243243	4	35	1
0.133333333333333	4	35	1
0.181818181818182	4	35	1
0.2	4	35	1
0.459459459459459	4	35	1
0.133333333333333	4	35	1
0.216216216216216	4	35	1
0.24	4	35	1
0.270833333333333	4	35	1
0.390243902439024	4	35	1
0.108108108108108	4	35	1
0.181818181818182	4	35	1
0.530612244897959	4	35	1
0.24	4	35	1
0.342857142857143	4	35	1
0.40625	4	35	1
0.333333333333333	4	35	1
0.1875	4	35	1
0.274509803921569	4	35	1
0.189189189189189	4	35	1
0.2	4	35	1
0.384615384615385	4	35	1
0.25	4	35	1
0.191489361702128	4	35	1
0.305555555555556	4	35	1
0.34375	4	35	1
0.1875	4	35	1
0.58974358974359	4	35	1
0.151515151515152	4	35	1
0.428571428571429	4	35	1
0.194444444444444	4	35	1
0.214285714285714	4	35	1
0.333333333333333	4	35	1
0.28125	4	35	1
0.314285714285714	4	35	1
0.21875	4	35	1
0.233333333333333	4	35	1
0.193548387096774	4	35	1
0.205128205128205	4	35	1
0.184210526315789	4	35	1
0.275	4	35	1
0.25	4	35	1
0.2	4	35	1
0.4	4	35	1
0.317073170731707	4	35	1
0.127659574468085	4	35	1
0.288888888888889	4	35	1
0.275	4	35	1
0.333333333333333	4	35	1
0.296296296296296	4	35	1
0.19047619047619	4	35	1
0.212765957446809	4	35	1
0.243243243243243	4	35	1
0.172413793103448	4	35	1
0.257142857142857	4	35	1
0.176470588235294	4	35	1
0.463414634146341	4	35	1
0.216216216216216	4	35	1
0.25	4	35	1
0.189189189189189	4	35	1
0.371428571428571	4	35	1
0.333333333333333	4	35	1
0.379310344827586	4	35	1
0.48	4	35	1
0.222222222222222	4	35	1
0.407407407407407	4	35	1
0.2	4	35	1
0.275	4	35	1
0.171428571428571	4	35	1
0.189189189189189	4	35	1
0.595238095238095	4	35	1
0.32	4	35	1
0.260869565217391	4	35	1
0.261904761904762	4	35	1
0.266666666666667	4	35	1
0.303030303030303	4	35	1
0.282608695652174	4	35	1
0.333333333333333	4	35	1
0.435897435897436	4	35	1
0.789473684210526	4	35	1
0.145833333333333	4	35	1
0.210526315789474	4	35	1
0.366666666666667	4	35	1
0.261904761904762	4	35	1
0.241379310344828	4	35	1
0.317073170731707	4	35	1
0.222222222222222	4	35	1
0.212121212121212	4	35	1
0.263157894736842	4	35	1
0.324324324324324	4	35	1
0.428571428571429	4	35	1
0.15625	4	35	1
0.41304347826087	4	35	1
0.212121212121212	4	35	1
0.333333333333333	4	35	1
0.314285714285714	4	35	1
0.214285714285714	4	35	1
0.266666666666667	4	35	1
0.111111111111111	4	35	1
0.222222222222222	4	35	1
0.195121951219512	4	35	1
0.171428571428571	4	35	1
0.555555555555556	4	35	1
0.2	4	35	1
0.222222222222222	4	35	1
0.470588235294118	4	35	1
0.5	4	35	1
0.414634146341463	4	35	1
0.5	4	35	1
0.206896551724138	4	35	1
0.204545454545455	4	35	1
0.486486486486487	4	35	1
0.24390243902439	4	35	1
0.52	4	35	1
0.189189189189189	4	35	1
0.487179487179487	4	35	1
0.375	4	35	1
0.189189189189189	4	35	1
0.153846153846154	4	35	1
0.179487179487179	4	35	1
0.125	4	35	1
0.4375	4	35	1
0.333333333333333	4	35	1
0.133333333333333	4	35	1
0.185185185185185	4	35	1
0.193548387096774	4	35	1
0.289473684210526	4	35	1
0.192307692307692	4	35	1
0.181818181818182	4	35	1
0.264705882352941	4	35	1
0.1875	4	35	1
0.486486486486487	4	35	1
0.326086956521739	4	35	1
0.181818181818182	4	35	1
0.217391304347826	4	35	1
0.351351351351351	4	35	1
0.424242424242424	4	35	1
0.269230769230769	4	35	1
0.4	4	35	1
0.630434782608696	4	35	1
0.52	4	35	1
0.296296296296296	4	35	1
0.46875	4	35	1
0.5	4	35	1
0.380952380952381	4	35	1
0.6	4	35	1
0.260869565217391	4	35	1
0.490566037735849	4	35	1
0.461538461538462	4	35	1
0.428571428571429	4	35	1
0.243243243243243	4	35	1
0.352941176470588	4	35	1
0.214285714285714	4	35	1
0.666666666666667	4	35	1
0.25	4	35	1
0.514285714285714	4	35	1
0.214285714285714	4	35	1
0.2	4	35	1
0.225806451612903	4	35	1
0.296296296296296	4	35	1
0.323529411764706	4	35	1
0.133333333333333	4	35	1
0.25	4	35	1
0.432432432432432	4	35	1
0.521739130434783	4	35	1
0.186440677966102	4	35	1
0.157894736842105	4	35	1
0.282051282051282	4	35	1
0.7	4	35	1
0.346938775510204	4	35	1
0.193548387096774	4	35	1
0.1875	4	35	1
0.170731707317073	4	35	1
0.272727272727273	4	35	1
0.463414634146341	4	35	1
0.233333333333333	4	35	1
0.325	4	35	1
0.472222222222222	4	35	1
0.170731707317073	4	35	1
0.285714285714286	4	35	1
0.315789473684211	4	35	1
0.333333333333333	4	35	1
0.2	4	35	1
0.375	4	35	1
0.277777777777778	4	35	1
0.307692307692308	4	35	1
0.352941176470588	4	35	1
0.153846153846154	4	35	1
0.361111111111111	4	35	1
0.303030303030303	4	35	1
0.243243243243243	4	35	1
0.411764705882353	4	35	1
0.857142857142857	4	35	1
0.363636363636364	4	35	1
0.275	4	35	1
0.434782608695652	4	35	1
0.19047619047619	4	35	1
0.583333333333333	4	35	1
0.307692307692308	4	35	1
0.517241379310345	4	35	1
0.514285714285714	4	35	1
0.588235294117647	4	35	1
0.166666666666667	4	35	1
0.333333333333333	4	35	1
0.257142857142857	4	35	1
0.513513513513513	4	35	1
0.27027027027027	4	35	1
0.375	4	35	1
0.358974358974359	4	35	1
0.232558139534884	4	35	1
0.607142857142857	4	35	1
0.136363636363636	4	35	1
0.342105263157895	4	35	1
0.138888888888889	4	35	1
0.173913043478261	4	35	1
0.225806451612903	4	35	1
0.25	4	35	1
0.375	4	35	1
0.619047619047619	4	35	1
0.222222222222222	4	35	1
0.258064516129032	4	35	1
0.130434782608696	4	35	1
0.388888888888889	4	35	1
0.3	4	35	1
0.5	4	35	1
0.551724137931034	4	35	1
0.285714285714286	4	35	1
0.185185185185185	4	35	1
0.372093023255814	4	35	1
0.448275862068966	4	35	1
0.630434782608696	4	35	1
0.133333333333333	4	35	1
0.3	4	35	1
0.352941176470588	4	35	1
0.352941176470588	4	35	1
0.352941176470588	4	35	1
0.428571428571429	4	35	1
0.545454545454545	4	35	1
0.545454545454545	4	35	1
0.152173913043478	4	35	1
0.179487179487179	4	35	1
0.171428571428571	4	35	1
0.444444444444444	4	35	1
0.157894736842105	4	35	1
0.6	4	35	1
0.4375	4	35	1
0.472222222222222	4	35	1
0.413793103448276	4	35	1
0.5	4	35	1
0.28	4	35	1
0.222222222222222	4	35	1
0.229166666666667	4	35	1
0.206896551724138	4	35	1
0.521739130434783	4	35	1
0.464285714285714	4	35	1
0.189189189189189	4	35	1
0.586206896551724	4	35	1
0.575	4	35	1
0.257142857142857	4	35	1
0.136363636363636	4	35	1
0.127659574468085	4	35	1
0.238095238095238	4	35	1
0.170212765957447	4	35	1
0.303030303030303	4	35	1
0.48	4	35	1
0.333333333333333	4	35	1
0.19047619047619	4	35	1
0.230769230769231	4	35	1
0.285714285714286	4	35	1
0.176470588235294	4	35	1
0.217391304347826	4	35	1
0.114285714285714	4	35	1
0.176470588235294	4	35	1
0.371428571428571	4	35	1
0.184210526315789	4	35	1
0.473684210526316	4	35	1
0.3125	4	35	1
0.540540540540541	4	35	1
0.255813953488372	4	35	1
0.191489361702128	4	35	1
0.138888888888889	4	35	1
0.206896551724138	4	35	1
0.193548387096774	4	35	1
0.636363636363636	4	35	1
0.4	4	35	1
0.371428571428571	4	35	1
0.40625	4	35	1
0.209302325581395	4	35	1
0.282608695652174	4	35	1
0.340909090909091	4	35	1
0.225	4	35	1
0.219512195121951	4	35	1
0.617647058823529	4	35	1
0.131578947368421	4	35	1
0.272727272727273	4	35	1
0.333333333333333	4	35	1
0.181818181818182	4	35	1
0.28125	4	35	1
0.225	4	35	1
0.548387096774194	4	35	1
0.580645161290323	4	35	1
0.166666666666667	4	35	1
0.462962962962963	4	35	1
0.230769230769231	4	35	1
0.184210526315789	4	35	1
0.414634146341463	4	35	1
0.411764705882353	4	35	1
0.162162162162162	4	35	1
0.46	4	35	1
0.432432432432432	4	35	1
0.441176470588235	4	35	1
0.217391304347826	4	35	1
0.176470588235294	4	35	1
0.1875	4	35	1
0.235294117647059	4	35	1
0.472222222222222	4	35	1
0.276595744680851	4	35	1
0.235294117647059	4	35	1
0.25	4	35	1
0.228571428571429	4	35	1
0.161290322580645	4	35	1
0.205128205128205	4	35	1
0.15	4	35	1
0.6	4	35	1
0.428571428571429	4	35	1
0.461538461538462	4	35	1
0.37037037037037	4	35	1
0.2	4	35	1
0.386363636363636	4	35	1
0.155555555555556	4	35	1
0.176470588235294	4	35	1
0.244444444444444	4	35	1
0.244444444444444	4	35	1
0.333333333333333	4	35	1
0.178571428571429	4	35	1
0.268292682926829	4	35	1
0.307692307692308	4	35	1
0.183673469387755	4	35	1
0.275	4	35	1
0.241379310344828	4	35	1
0.297297297297297	4	35	1
0.459459459459459	4	35	1
0.272727272727273	4	35	1
0.1875	4	35	1
0.5625	4	35	1
0.5	4	35	1
0.5	4	35	1
0.421052631578947	4	35	1
0.241379310344828	4	35	1
0.318181818181818	4	35	1
0.4	4	35	1
0.159090909090909	4	35	1
0.485714285714286	4	35	1
0.5	4	35	1
0.289473684210526	4	35	1
0.175	4	35	1
0.161290322580645	4	35	1
0.272727272727273	4	35	1
0.181818181818182	4	35	1
0.282051282051282	4	35	1
0.25	4	35	1
0.321428571428571	4	35	1
0.525	4	35	1
0.225806451612903	4	35	1
0.230769230769231	4	35	1
0.333333333333333	4	35	1
0.625	4	35	1
0.2	4	35	1
0.222222222222222	4	35	1
0.157894736842105	4	35	1
0.133333333333333	4	35	1
0.181818181818182	4	35	1
0.413793103448276	4	35	1
0.642857142857143	4	35	1
0.441860465116279	4	35	1
0.5	4	35	1
0.233333333333333	4	35	1
0.228571428571429	4	35	1
0.15	4	35	1
0.193548387096774	4	35	1
0.388888888888889	4	35	1
0.314285714285714	4	35	1
0.574468085106383	4	35	1
0.264705882352941	4	35	1
0.36	4	35	1
0.290322580645161	4	35	1
0.4375	4	35	1
0.551724137931034	4	35	1
0.4375	4	35	1
0.46875	4	35	1
0.166666666666667	4	35	1
0.358974358974359	4	35	1
0.25	4	35	1
0.571428571428571	4	35	1
0.348837209302326	4	35	1
0.2	4	35	1
0.409090909090909	4	35	1
0.314285714285714	4	35	1
0.40625	4	35	1
0.25	4	35	1
0.463414634146341	4	35	1
0.321428571428571	4	35	1
0.214285714285714	4	35	1
0.170731707317073	4	35	1
0.411764705882353	4	35	1
0.465116279069767	4	35	1
0.628571428571429	4	35	1
0.628571428571429	4	35	1
0.304347826086957	4	35	1
0.555555555555556	4	35	1
0.189189189189189	4	35	1
0.441860465116279	4	35	1
0.27906976744186	4	35	1
0.243243243243243	4	35	1
0.266666666666667	4	35	1
0.4	4	35	1
0.428571428571429	4	35	1
0.148936170212766	4	35	1
0.484848484848485	4	35	1
0.225	4	35	1
0.318181818181818	4	35	1
0.379310344827586	4	35	1
0.580645161290323	4	35	1
0.138888888888889	4	35	1
0.379310344827586	4	35	1
0.588235294117647	4	35	1
0.454545454545455	4	35	1
0.441860465116279	4	35	1
0.225806451612903	4	35	1
0.5	4	35	1
0.4375	4	35	1
0.114285714285714	4	35	1
0.266666666666667	4	35	1
0.5	4	35	1
0.132075471698113	4	35	1
0.157894736842105	4	35	1
0.4375	4	35	1
0.393939393939394	4	35	1
0.166666666666667	4	35	1
0.295454545454545	4	35	1
0.238095238095238	4	35	1
0.314814814814815	4	35	1
0.471698113207547	4	35	1
0.255813953488372	4	35	1
0.306122448979592	4	35	1
0.25	4	35	1
0.307692307692308	4	35	1
0.358974358974359	4	35	1
0.193548387096774	4	35	1
0.186046511627907	4	35	1
0.235294117647059	4	35	1
0.117647058823529	4	35	1
0.171428571428571	4	35	1
0.258064516129032	4	35	1
0.133333333333333	4	35	1
0.465116279069767	4	35	1
0.28125	4	35	1
0.241379310344828	4	35	1
0.230769230769231	4	35	1
0.27027027027027	4	35	1
0.222222222222222	4	35	1
0.2	4	35	1
0.837837837837838	4	35	1
0.205882352941176	4	35	1
0.318181818181818	4	35	1
0.238095238095238	4	35	1
0.435897435897436	4	35	1
0.15	4	35	1
0.533333333333333	4	35	1
0.25	4	35	1
0.24390243902439	4	35	1
0.162162162162162	4	35	1
0.257142857142857	4	35	1
0.40625	4	35	1
0.195652173913043	4	35	1
0.344827586206897	4	35	1
0.25	4	35	1
0.138888888888889	4	35	1
0.175	4	35	1
0.575757575757576	4	35	1
0.230769230769231	4	35	1
0.1875	4	35	1
0.333333333333333	4	35	1
0.333333333333333	4	35	1
0.428571428571429	4	35	1
0.166666666666667	4	35	1
0.285714285714286	4	35	1
0.210526315789474	4	35	1
0.266666666666667	4	35	1
0.194444444444444	4	35	1
0.361111111111111	4	35	1
0.214285714285714	4	35	1
0.19047619047619	4	35	1
0.25	4	35	1
0.428571428571429	4	35	1
0.428571428571429	4	35	1
0.2	4	35	1
0.228571428571429	4	35	1
0.535714285714286	4	35	1
0.189189189189189	4	35	1
0.297872340425532	4	35	1
0.55	4	35	1
0.227272727272727	4	35	1
0.518518518518518	4	35	1
0.177777777777778	4	35	1
0.195121951219512	4	35	1
0.318181818181818	4	35	1
0.266666666666667	4	35	1
0.205128205128205	4	35	1
0.216216216216216	4	35	1
0.227272727272727	4	35	1
0.266666666666667	4	35	1
0.25	4	35	1
0.147058823529412	4	35	1
0.260869565217391	4	35	1
0.16	4	35	1
0.256410256410256	4	35	1
0.176470588235294	4	35	1
0.434782608695652	4	35	1
0.305555555555556	4	35	1
0.525	4	35	1
0.204545454545455	4	35	1
0.324324324324324	4	35	1
0.176470588235294	4	35	1
0.268292682926829	4	35	1
0.157894736842105	4	35	1
0.378378378378378	4	35	1
0.195121951219512	4	35	1
0.258064516129032	4	35	1
0.2	4	35	1
0.317073170731707	4	35	1
0.1875	4	35	1
0.2	4	35	1
0.233333333333333	4	35	1
0.219512195121951	4	35	1
0.2	4	35	1
0.380952380952381	4	35	1
0.24390243902439	4	35	1
0.214285714285714	4	35	1
0.425	4	35	1
0.16	4	35	1
0.257142857142857	4	35	1
0.228571428571429	4	35	1
0.209302325581395	4	35	1
0.227272727272727	4	35	1
0.378378378378378	4	35	1
0.227272727272727	4	35	1
0.5	4	35	1
0.153846153846154	4	35	1
0.486486486486487	4	35	1
0.25	4	35	1
0.409090909090909	4	35	1
0.21875	4	35	1
0.268292682926829	4	35	1
0.146341463414634	4	35	1
0.2	4	35	1
0.326923076923077	4	35	1
0.518518518518518	4	35	1
0.146341463414634	4	35	1
0.407407407407407	4	35	1
0.541666666666667	4	35	1
0.354838709677419	4	35	1
0.428571428571429	4	35	1
0.517241379310345	4	35	1
0.419354838709677	4	35	1
0.111111111111111	4	35	1
0.27027027027027	4	35	1
0.56	4	35	1
0.407407407407407	4	35	1
0.473684210526316	4	35	1
0.2	4	35	1
0.289473684210526	4	35	1
0.285714285714286	4	35	1
0.105263157894737	4	35	1
0.159090909090909	4	35	1
0.159090909090909	4	35	1
0.176470588235294	4	35	1
0.520833333333333	4	35	1
0.594594594594595	4	35	1
0.294117647058824	4	35	1
0.209302325581395	4	35	1
0.222222222222222	4	35	1
0.421052631578947	4	35	1
0.592592592592593	4	35	1
0.12	4	35	1
0.65625	4	35	1
0.351351351351351	4	35	1
0.194444444444444	4	35	1
0.576923076923077	4	35	1
0.275862068965517	4	35	1
0.575757575757576	4	35	1
0.45	4	35	1
0.2	4	35	1
0.475	4	35	1
0.64	4	35	1
0.148148148148148	4	35	1
0.379310344827586	4	35	1
0.236842105263158	4	35	1
