VAF	CN	avg.depth	purity
0.259259259259259	2	35	0.92
0.166666666666667	2	35	0.92
0.212121212121212	2	35	0.92
0.3	2	35	0.92
0.3	2	35	0.92
0.171428571428571	2	35	0.92
0.230769230769231	2	35	0.92
0.122448979591837	2	35	0.92
0.346153846153846	2	35	0.92
0.175	2	35	0.92
0.142857142857143	2	35	0.92
0.2	2	35	0.92
0.435897435897436	2	35	0.92
0.184210526315789	2	35	0.92
0.272727272727273	2	35	0.92
0.153846153846154	2	35	0.92
0.222222222222222	2	35	0.92
0.515151515151515	2	35	0.92
0.171428571428571	2	35	0.92
0.649122807017544	2	35	0.92
0.181818181818182	2	35	0.92
0.230769230769231	2	35	0.92
0.195652173913043	2	35	0.92
0.620689655172414	2	35	0.92
0.130434782608696	2	35	0.92
0.333333333333333	2	35	0.92
0.358974358974359	2	35	0.92
0.46875	2	35	0.92
0.222222222222222	2	35	0.92
0.285714285714286	2	35	0.92
0.101449275362319	2	35	0.92
0.217391304347826	2	35	0.92
0.205882352941176	2	35	0.92
0.24	2	35	0.92
0.111111111111111	2	35	0.92
0.414634146341463	2	35	0.92
0.148936170212766	2	35	0.92
0.152173913043478	2	35	0.92
0.162162162162162	2	35	0.92
0.189655172413793	2	35	0.92
0.545454545454545	2	35	0.92
0.5	2	35	0.92
0.216216216216216	2	35	0.92
0.5	2	35	0.92
0.127659574468085	2	35	0.92
0.127659574468085	2	35	0.92
0.333333333333333	2	35	0.92
0.107142857142857	2	35	0.92
0.170731707317073	2	35	0.92
0.378378378378378	2	35	0.92
0.357142857142857	2	35	0.92
0.2	2	35	0.92
0.1875	2	35	0.92
0.212121212121212	2	35	0.92
0.352941176470588	2	35	0.92
0.260869565217391	2	35	0.92
0.5	2	35	0.92
0.1875	2	35	0.92
0.115384615384615	2	35	0.92
0.153846153846154	2	35	0.92
0.333333333333333	2	35	0.92
0.12	2	35	0.92
0.222222222222222	2	35	0.92
0.465116279069767	2	35	0.92
0.162162162162162	2	35	0.92
0.178571428571429	2	35	0.92
0.178571428571429	2	35	0.92
0.163636363636364	2	35	0.92
0.2	2	35	0.92
0.586206896551724	2	35	0.92
0.192307692307692	2	35	0.92
0.101694915254237	2	35	0.92
0.134615384615385	2	35	0.92
0.163265306122449	2	35	0.92
0.272727272727273	2	35	0.92
0.361111111111111	2	35	0.92
0.333333333333333	2	35	0.92
0.263157894736842	2	35	0.92
0.552631578947368	2	35	0.92
0.473684210526316	2	35	0.92
0.333333333333333	2	35	0.92
0.206896551724138	2	35	0.92
0.162162162162162	2	35	0.92
0.222222222222222	2	35	0.92
0.307692307692308	2	35	0.92
0.513513513513513	2	35	0.92
0.15	2	35	0.92
0.104166666666667	2	35	0.92
0.2	2	35	0.92
0.193548387096774	2	35	0.92
0.166666666666667	2	35	0.92
0.2	2	35	0.92
0.263157894736842	2	35	0.92
0.414634146341463	2	35	0.92
0.13953488372093	2	35	0.92
0.14	2	35	0.92
0.157894736842105	2	35	0.92
0.166666666666667	2	35	0.92
0.195121951219512	2	35	0.92
0.272727272727273	2	35	0.92
