VAF	CN	avg.depth	purity
0.25	2	26	0.9
0.391304347826087	2	26	0.9
0.133333333333333	2	26	0.9
0.142857142857143	2	26	0.9
0.148148148148148	2	26	0.9
0.6	2	26	0.9
0.148148148148148	2	26	0.9
0.214285714285714	2	26	0.9
0.15	2	26	0.9
0.114285714285714	2	26	0.9
0.352941176470588	2	26	0.9
0.269230769230769	2	26	0.9
0.130434782608696	2	26	0.9
0.142857142857143	3	34	0.9
0.206896551724138	3	34	0.9
0.113636363636364	3	34	0.9
0.2	3	34	0.9
0.129032258064516	3	34	0.9
0.15625	3	34	0.9
0.129032258064516	3	34	0.9
0.405405405405405	3	34	0.9
0.241379310344828	3	34	0.9
0.166666666666667	3	34	0.9
0.277777777777778	3	34	0.9
0.208333333333333	3	34	0.9
0.277777777777778	3	34	0.9
0.166666666666667	3	34	0.9
0.153846153846154	3	34	0.9
0.179487179487179	3	34	0.9
0.157894736842105	3	34	0.9
0.146341463414634	3	34	0.9
0.15	3	34	0.9
0.285714285714286	3	34	0.9
0.321428571428571	3	34	0.9
0.28	3	34	0.9
0.162162162162162	3	34	0.9
0.142857142857143	3	34	0.9
0.380952380952381	3	34	0.9
0.25	3	34	0.9
0.333333333333333	3	34	0.9
0.219512195121951	3	34	0.9
0.189189189189189	3	34	0.9
0.159090909090909	3	34	0.9
0.256410256410256	3	34	0.9
0.19047619047619	3	34	0.9
0.162790697674419	3	34	0.9
0.111111111111111	3	34	0.9
0.113636363636364	3	34	0.9
0.137931034482759	3	34	0.9
0.108695652173913	3	34	0.9
0.133333333333333	3	34	0.9
0.230769230769231	3	34	0.9
0.28125	3	34	0.9
0.130434782608696	3	34	0.9
0.166666666666667	3	34	0.9
0.242424242424242	3	34	0.9
0.206896551724138	3	34	0.9
0.179487179487179	3	34	0.9
0.428571428571429	3	34	0.9
0.2	3	34	0.9
0.424242424242424	3	34	0.9
0.15625	3	34	0.9
0.1	3	34	0.9
0.235294117647059	3	34	0.9
0.161290322580645	3	34	0.9
0.282051282051282	3	34	0.9
0.108108108108108	3	34	0.9
0.142857142857143	3	34	0.9
0.233333333333333	3	34	0.9
0.264705882352941	3	34	0.9
0.171428571428571	3	34	0.9
0.121951219512195	3	34	0.9
0.25	3	34	0.9
0.117647058823529	3	34	0.9
0.209302325581395	3	34	0.9
0.5	3	34	0.9
0.183673469387755	3	34	0.9
0.454545454545455	3	34	0.9
0.258064516129032	3	34	0.9
0.121212121212121	3	34	0.9
0.162162162162162	3	34	0.9
0.162790697674419	3	34	0.9
0.257142857142857	3	34	0.9
0.275862068965517	3	34	0.9
0.129032258064516	3	34	0.9
0.257142857142857	3	34	0.9
0.137254901960784	3	34	0.9
0.230769230769231	3	34	0.9
0.166666666666667	3	34	0.9
0.175	3	34	0.9
0.153846153846154	3	34	0.9
0.310344827586207	3	34	0.9
0.2	3	34	0.9
0.152173913043478	3	34	0.9
0.147058823529412	3	34	0.9
0.117647058823529	3	34	0.9
0.5	3	34	0.9
0.121212121212121	3	34	0.9
0.230769230769231	3	34	0.9
0.241379310344828	3	34	0.9
0.366666666666667	3	34	0.9
0.363636363636364	3	34	0.9
0.333333333333333	3	34	0.9
0.119047619047619	3	34	0.9
0.117647058823529	3	34	0.9
0.393939393939394	3	34	0.9
0.162162162162162	3	34	0.9
0.15	3	34	0.9
0.107142857142857	3	34	0.9
0.256410256410256	3	34	0.9
0.3	3	34	0.9
0.107142857142857	3	34	0.9
0.275862068965517	3	34	0.9
0.135135135135135	3	34	0.9
0.227272727272727	3	34	0.9
0.241379310344828	3	34	0.9
0.264705882352941	3	34	0.9
0.193548387096774	3	34	0.9
0.230769230769231	3	34	0.9
0.1875	3	34	0.9
0.206896551724138	3	34	0.9
0.25	3	34	0.9
0.3	3	34	0.9
0.294117647058824	3	34	0.9
0.296296296296296	3	34	0.9
0.2	3	34	0.9
0.340909090909091	3	34	0.9
0.219512195121951	3	34	0.9
0.151515151515152	3	34	0.9
0.210526315789474	3	34	0.9
0.176470588235294	3	34	0.9
0.194444444444444	3	34	0.9
0.212121212121212	3	34	0.9
0.142857142857143	3	34	0.9
0.114285714285714	3	34	0.9
0.321428571428571	3	34	0.9
0.191489361702128	3	34	0.9
0.243243243243243	3	34	0.9
0.259259259259259	3	34	0.9
0.261904761904762	3	34	0.9
0.423076923076923	3	34	0.9
0.142857142857143	3	34	0.9
0.257142857142857	3	34	0.9
0.171428571428571	3	34	0.9
0.15	3	34	0.9
0.2	3	34	0.9
0.26	3	34	0.9
0.137931034482759	3	34	0.9
0.256410256410256	3	34	0.9
0.162162162162162	3	34	0.9
0.15	3	34	0.9
0.176470588235294	3	34	0.9
0.214285714285714	3	34	0.9
0.368421052631579	3	34	0.9
0.2	3	34	0.9
0.12	3	34	0.9
0.409090909090909	3	34	0.9
0.128205128205128	3	34	0.9
0.142857142857143	3	34	0.9
0.189189189189189	3	34	0.9
0.3125	3	34	0.9
0.157894736842105	3	34	0.9
0.212121212121212	3	34	0.9
0.333333333333333	3	34	0.9
0.259259259259259	3	34	0.9
0.147058823529412	3	34	0.9
0.263157894736842	3	34	0.9
0.179487179487179	3	34	0.9
0.241379310344828	3	34	0.9
0.205128205128205	3	34	0.9
0.285714285714286	3	34	0.9
0.114285714285714	3	34	0.9
0.230769230769231	3	34	0.9
0.275862068965517	3	34	0.9
0.157894736842105	3	34	0.9
0.25	3	34	0.9
0.583333333333333	3	34	0.9
0.138888888888889	3	34	0.9
0.228571428571429	3	34	0.9
0.3	3	34	0.9
0.171428571428571	3	34	0.9
0.28	3	34	0.9
0.193548387096774	3	34	0.9
0.275862068965517	3	34	0.9
0.19047619047619	3	34	0.9
0.25	3	34	0.9
0.205882352941176	3	34	0.9
0.264705882352941	3	34	0.9
0.2	3	34	0.9
0.171428571428571	3	34	0.9
0.193548387096774	3	34	0.9
0.193548387096774	3	34	0.9
0.294117647058824	3	34	0.9
0.102564102564103	3	34	0.9
0.135135135135135	3	34	0.9
0.8	3	34	0.9
0.212121212121212	3	34	0.9
0.30952380952381	3	34	0.9
0.21875	3	34	0.9
0.111111111111111	3	34	0.9
0.275862068965517	3	34	0.9
0.235294117647059	3	34	0.9
0.333333333333333	3	34	0.9
0.411764705882353	3	34	0.9
0.25	3	34	0.9
0.4375	3	34	0.9
0.121212121212121	3	34	0.9
0.25	3	34	0.9
0.269230769230769	3	34	0.9
0.142857142857143	3	34	0.9
0.111111111111111	3	34	0.9
0.2	3	34	0.9
0.351351351351351	3	34	0.9
0.142857142857143	3	34	0.9
0.28125	3	34	0.9
0.115384615384615	3	34	0.9
0.3	3	34	0.9
0.1875	3	34	0.9
0.176470588235294	3	34	0.9
0.291666666666667	3	34	0.9
0.285714285714286	3	34	0.9
0.125	3	34	0.9
0.3	3	34	0.9
0.173913043478261	3	34	0.9
0.25	3	34	0.9
0.275862068965517	3	34	0.9
0.125	3	34	0.9
0.257142857142857	3	34	0.9
0.19047619047619	3	34	0.9
0.205128205128205	3	34	0.9
0.235294117647059	3	34	0.9
0.258064516129032	3	34	0.9
0.263157894736842	3	34	0.9
0.125	3	34	0.9
0.1875	3	34	0.9
0.3	3	34	0.9
0.275	3	34	0.9
0.137931034482759	3	34	0.9
0.1875	3	34	0.9
0.166666666666667	3	34	0.9
0.325	3	34	0.9
0.194444444444444	3	34	0.9
0.189189189189189	3	34	0.9
0.205128205128205	3	34	0.9
0.25	3	34	0.9
0.151515151515152	3	34	0.9
0.2	3	34	0.9
0.125	3	34	0.9
0.208333333333333	3	34	0.9
0.28	3	34	0.9
0.216216216216216	3	34	0.9
0.318181818181818	3	34	0.9
0.2	3	34	0.9
0.522727272727273	3	34	0.9
0.146341463414634	3	34	0.9
0.230769230769231	3	34	0.9
0.290322580645161	3	34	0.9
0.210526315789474	3	34	0.9
0.135135135135135	3	34	0.9
0.25	3	34	0.9
0.25	3	34	0.9
0.105263157894737	3	34	0.9
0.230769230769231	3	34	0.9
0.181818181818182	3	34	0.9
0.136363636363636	3	34	0.9
0.212121212121212	3	34	0.9
0.176470588235294	3	34	0.9
0.34375	3	34	0.9
0.125	3	34	0.9
0.117647058823529	3	34	0.9
0.208333333333333	3	34	0.9
0.28125	3	34	0.9
0.116279069767442	3	34	0.9
0.2	3	34	0.9
0.25	3	34	0.9
0.117647058823529	3	34	0.9
0.138888888888889	3	34	0.9
0.2	3	34	0.9
0.241379310344828	3	34	0.9
0.172413793103448	3	34	0.9
0.216216216216216	3	34	0.9
0.238095238095238	3	34	0.9
0.162790697674419	3	34	0.9
0.162162162162162	3	34	0.9
0.228571428571429	3	34	0.9
0.153846153846154	3	34	0.9
0.241379310344828	3	34	0.9
0.27027027027027	3	34	0.9
0.272727272727273	3	34	0.9
0.146341463414634	3	34	0.9
0.189189189189189	3	34	0.9
0.3	3	34	0.9
0.131578947368421	3	34	0.9
0.111111111111111	3	34	0.9
0.179487179487179	3	34	0.9
0.205128205128205	3	34	0.9
0.138888888888889	3	34	0.9
0.147058823529412	3	34	0.9
0.129032258064516	3	34	0.9
0.315789473684211	3	34	0.9
0.2	3	34	0.9
0.170212765957447	3	34	0.9
0.25	3	34	0.9
0.303030303030303	3	34	0.9
0.241379310344828	3	34	0.9
0.285714285714286	3	34	0.9
0.130434782608696	3	34	0.9
0.366666666666667	3	34	0.9
0.222222222222222	3	34	0.9
0.230769230769231	3	34	0.9
0.1875	3	34	0.9
0.214285714285714	3	34	0.9
0.525	3	34	0.9
0.235294117647059	3	34	0.9
0.1	3	34	0.9
0.1	3	34	0.9
0.2	3	34	0.9
0.3	3	34	0.9
0.210526315789474	3	34	0.9
0.75	3	34	0.9
0.242424242424242	3	34	0.9
0.476190476190476	3	34	0.9
0.470588235294118	3	34	0.9
0.285714285714286	3	34	0.9
0.230769230769231	3	34	0.9
0.818181818181818	3	34	0.9
0.184210526315789	4	45	0.9
0.170212765957447	4	45	0.9
0.127272727272727	4	45	0.9
0.0961538461538462	4	45	0.9
0.135135135135135	4	45	0.9
0.183673469387755	4	45	0.9
0.148148148148148	4	45	0.9
0.145833333333333	4	45	0.9
0.0909090909090909	4	45	0.9
0.357142857142857	4	45	0.9
0.0943396226415094	4	45	0.9
0.145454545454545	4	45	0.9
0.136363636363636	4	45	0.9
0.21875	4	45	0.9
0.216666666666667	4	45	0.9
0.25	4	45	0.9
0.175	4	45	0.9
0.109090909090909	4	45	0.9
0.18	4	45	0.9
0.109090909090909	4	45	0.9
0.19672131147541	4	45	0.9
0.166666666666667	4	45	0.9
0.230769230769231	4	45	0.9
0.16	4	45	0.9
0.113207547169811	4	45	0.9
0.140350877192982	4	45	0.9
0.134615384615385	4	45	0.9
0.206896551724138	4	45	0.9
0.087719298245614	4	45	0.9
0.211538461538462	4	45	0.9
0.16	4	45	0.9
0.238095238095238	4	45	0.9
0.195652173913043	4	45	0.9
0.0847457627118644	4	45	0.9
0.214285714285714	4	45	0.9
0.126984126984127	4	45	0.9
0.15	4	45	0.9
0.195652173913043	4	45	0.9
0.145454545454545	4	45	0.9
0.224489795918367	4	45	0.9
0.115384615384615	4	45	0.9
0.268292682926829	4	45	0.9
0.0909090909090909	4	45	0.9
0.1	4	45	0.9
0.384615384615385	4	45	0.9
0.163265306122449	4	45	0.9
0.106382978723404	4	45	0.9
0.15	4	45	0.9
0.18	4	45	0.9
0.102040816326531	4	45	0.9
0.28	4	45	0.9
0.291666666666667	4	45	0.9
0.122448979591837	4	45	0.9
0.275	4	45	0.9
0.2	4	45	0.9
0.5	4	45	0.9
0.0980392156862745	4	45	0.9
0.127659574468085	4	45	0.9
0.243243243243243	4	45	0.9
0.0833333333333333	4	45	0.9
0.137254901960784	4	45	0.9
0.204081632653061	4	45	0.9
0.170212765957447	4	45	0.9
0.15	4	45	0.9
0.145833333333333	4	45	0.9
0.161764705882353	4	45	0.9
0.128205128205128	4	45	0.9
0.25	4	45	0.9
0.4	4	45	0.9
0.137931034482759	4	45	0.9
0.260869565217391	4	45	0.9
0.140350877192982	4	45	0.9
0.105263157894737	4	45	0.9
0.170212765957447	4	45	0.9
0.236842105263158	4	45	0.9
0.289473684210526	4	45	0.9
0.226415094339623	4	45	0.9
0.175	4	45	0.9
0.351351351351351	4	45	0.9
0.162162162162162	4	45	0.9
0.142857142857143	4	45	0.9
0.192307692307692	4	45	0.9
0.2	4	45	0.9
0.225	4	45	0.9
0.134615384615385	4	45	0.9
0.159090909090909	4	45	0.9
0.13953488372093	4	45	0.9
0.166666666666667	4	45	0.9
0.153846153846154	4	45	0.9
0.104166666666667	4	45	0.9
0.142857142857143	4	45	0.9
0.142857142857143	4	45	0.9
0.130434782608696	4	45	0.9
0.24	4	45	0.9
0.225	4	45	0.9
0.146341463414634	4	45	0.9
0.233333333333333	4	45	0.9
0.170212765957447	4	45	0.9
0.303030303030303	4	45	0.9
0.22	4	45	0.9
0.138888888888889	4	45	0.9
0.431372549019608	4	45	0.9
0.170731707317073	4	45	0.9
0.178571428571429	4	45	0.9
0.148148148148148	4	45	0.9
0.170731707317073	4	45	0.9
0.103448275862069	4	45	0.9
0.361111111111111	4	45	0.9
0.208333333333333	4	45	0.9
0.125	4	45	0.9
0.191489361702128	4	45	0.9
0.130434782608696	4	45	0.9
0.106382978723404	4	45	0.9
0.134328358208955	4	45	0.9
0.140625	4	45	0.9
0.225	4	45	0.9
0.148148148148148	4	45	0.9
0.4375	4	45	0.9
0.411764705882353	4	45	0.9
0.189189189189189	4	45	0.9
0.169811320754717	4	45	0.9
0.361702127659574	4	45	0.9
0.186046511627907	4	45	0.9
0.210526315789474	4	45	0.9
0.203703703703704	4	45	0.9
0.113636363636364	4	45	0.9
0.0909090909090909	4	45	0.9
0.473684210526316	4	45	0.9
0.147058823529412	4	45	0.9
0.142857142857143	4	45	0.9
0.0967741935483871	4	45	0.9
0.171428571428571	4	45	0.9
0.130434782608696	4	45	0.9
0.111111111111111	4	45	0.9
0.368421052631579	4	45	0.9
0.282608695652174	4	45	0.9
0.15	4	45	0.9
0.24390243902439	4	45	0.9
0.142857142857143	4	45	0.9
0.147058823529412	4	45	0.9
0.169230769230769	4	45	0.9
0.155555555555556	4	45	0.9
0.142857142857143	4	45	0.9
0.207547169811321	4	45	0.9
0.272727272727273	4	45	0.9
0.17741935483871	4	45	0.9
0.133333333333333	4	45	0.9
0.128205128205128	4	45	0.9
0.150943396226415	4	45	0.9
0.226415094339623	4	45	0.9
0.145833333333333	4	45	0.9
0.104166666666667	4	45	0.9
0.111111111111111	4	45	0.9
0.176470588235294	4	45	0.9
0.142857142857143	4	45	0.9
0.121951219512195	4	45	0.9
0.166666666666667	4	45	0.9
0.136363636363636	4	45	0.9
0.261904761904762	4	45	0.9
0.109090909090909	4	45	0.9
0.152173913043478	4	45	0.9
0.1875	4	45	0.9
0.125	4	45	0.9
0.37037037037037	4	45	0.9
0.215686274509804	4	45	0.9
0.25	4	45	0.9
0.18	4	45	0.9
0.166666666666667	4	45	0.9
0.255813953488372	4	45	0.9
0.146341463414634	4	45	0.9
0.212121212121212	4	45	0.9
0.111111111111111	4	45	0.9
0.136363636363636	4	45	0.9
0.106382978723404	4	45	0.9
0.0909090909090909	4	45	0.9
0.142857142857143	4	45	0.9
0.109090909090909	4	45	0.9
0.145833333333333	4	45	0.9
0.195652173913043	4	45	0.9
0.189189189189189	4	45	0.9
0.162162162162162	4	45	0.9
0.166666666666667	4	45	0.9
0.125	4	45	0.9
0.236842105263158	4	45	0.9
0.229166666666667	4	45	0.9
0.152173913043478	4	45	0.9
0.145161290322581	4	45	0.9
0.285714285714286	4	45	0.9
0.214285714285714	4	45	0.9
0.162162162162162	4	45	0.9
0.204081632653061	4	45	0.9
0.225806451612903	4	45	0.9
0.196078431372549	4	45	0.9
0.12	4	45	0.9
0.0909090909090909	4	45	0.9
0.15625	4	45	0.9
0.125	4	45	0.9
0.211538461538462	4	45	0.9
0.275862068965517	4	45	0.9
0.340425531914894	4	45	0.9
0.181818181818182	4	45	0.9
0.146341463414634	4	45	0.9
0.156862745098039	4	45	0.9
0.176470588235294	4	45	0.9
0.166666666666667	4	45	0.9
0.148936170212766	4	45	0.9
0.125	4	45	0.9
0.0980392156862745	4	45	0.9
0.152173913043478	4	45	0.9
0.140350877192982	4	45	0.9
0.290322580645161	4	45	0.9
0.163265306122449	4	45	0.9
0.105263157894737	4	45	0.9
0.194444444444444	4	45	0.9
0.212765957446809	4	45	0.9
0.133333333333333	4	45	0.9
0.107142857142857	4	45	0.9
0.166666666666667	4	45	0.9
0.138888888888889	4	45	0.9
0.111111111111111	4	45	0.9
0.151515151515152	4	45	0.9
0.145833333333333	4	45	0.9
0.113636363636364	4	45	0.9
0.263157894736842	4	45	0.9
0.15	4	45	0.9
0.225806451612903	4	45	0.9
0.176470588235294	4	45	0.9
0.363636363636364	4	45	0.9
0.130434782608696	4	45	0.9
0.6	4	45	0.9
0.134328358208955	4	45	0.9
0.181818181818182	4	45	0.9
0.225806451612903	4	45	0.9
0.0886075949367089	4	45	0.9
0.146341463414634	4	45	0.9
0.19047619047619	4	45	0.9
0.146341463414634	4	45	0.9
0.176470588235294	4	45	0.9
0.19047619047619	4	45	0.9
0.195121951219512	4	45	0.9
0.128205128205128	4	45	0.9
0.15	4	45	0.9
0.260869565217391	4	45	0.9
0.222222222222222	4	45	0.9
0.157894736842105	4	45	0.9
0.195652173913043	4	45	0.9
