VAF	CN	avg.depth	purity
1	1	17	0.95
0.35	1	17	0.95
0.157894736842105	1	17	0.95
0.290322580645161	2	29	0.95
0.875	2	29	0.95
0.419354838709677	2	29	0.95
0.193548387096774	2	29	0.95
0.135135135135135	2	29	0.95
0.458333333333333	2	29	0.95
0.535714285714286	2	29	0.95
0.448275862068966	2	29	0.95
0.419354838709677	2	29	0.95
0.558823529411765	2	29	0.95
0.571428571428571	2	29	0.95
0.647058823529412	2	29	0.95
0.125	2	29	0.95
0.136363636363636	2	29	0.95
0.44	2	29	0.95
0.4	2	29	0.95
0.135135135135135	2	29	0.95
0.321428571428571	2	29	0.95
0.222222222222222	2	29	0.95
0.304347826086957	2	29	0.95
0.304347826086957	2	29	0.95
0.304347826086957	2	29	0.95
0.37037037037037	2	29	0.95
0.533333333333333	2	29	0.95
0.526315789473684	2	29	0.95
0.35	2	29	0.95
0.36	2	29	0.95
0.384615384615385	2	29	0.95
0.387096774193548	2	29	0.95
0.290322580645161	2	29	0.95
0.173913043478261	2	29	0.95
0.115384615384615	2	29	0.95
0.464285714285714	2	29	0.95
0.48	2	29	0.95
0.441176470588235	2	29	0.95
0.0882352941176471	2	29	0.95
0.473684210526316	2	29	0.95
0.34375	2	29	0.95
1	2	29	0.95
0.551724137931034	2	29	0.95
0.481481481481481	2	29	0.95
0.235294117647059	2	29	0.95
0.464285714285714	2	29	0.95
0.5	2	29	0.95
0.46875	2	29	0.95
0.535714285714286	2	29	0.95
0.592592592592593	2	29	0.95
0.428571428571429	2	29	0.95
0.136363636363636	2	29	0.95
0.0909090909090909	2	29	0.95
0.666666666666667	2	29	0.95
0.666666666666667	2	29	0.95
0.15625	2	29	0.95
0.176470588235294	2	29	0.95
0.482758620689655	2	29	0.95
0.303030303030303	2	29	0.95
0.482758620689655	2	29	0.95
0.193548387096774	2	29	0.95
0.136363636363636	2	29	0.95
0.114285714285714	2	29	0.95
0.413793103448276	2	29	0.95
0.228571428571429	2	29	0.95
0.222222222222222	2	29	0.95
0.32	2	29	0.95
0.5	2	29	0.95
0.424242424242424	2	29	0.95
0.419354838709677	2	29	0.95
0.478260869565217	2	29	0.95
0.606060606060606	2	29	0.95
0.413793103448276	2	29	0.95
0.486486486486487	2	29	0.95
0.575757575757576	2	29	0.95
0.129032258064516	2	29	0.95
0.28	2	29	0.95
0.363636363636364	2	29	0.95
0.419354838709677	2	29	0.95
0.4375	2	29	0.95
0.46875	2	29	0.95
0.566666666666667	2	29	0.95
0.451612903225806	2	29	0.95
0.368421052631579	2	29	0.95
0.378378378378378	2	29	0.95
0.521739130434783	2	29	0.95
0.25	2	29	0.95
0.272727272727273	2	29	0.95
0.62962962962963	2	29	0.95
0.390243902439024	2	29	0.95
0.388888888888889	2	29	0.95
0.358974358974359	2	29	0.95
0.40625	2	29	0.95
0.375	2	29	0.95
0.423076923076923	2	29	0.95
0.24	2	29	0.95
0.258064516129032	2	29	0.95
0.525	2	29	0.95
0.484848484848485	2	29	0.95
0.352941176470588	2	29	0.95
0.242424242424242	2	29	0.95
0.315789473684211	2	29	0.95
0.321428571428571	2	29	0.95
0.482758620689655	2	29	0.95
0.382978723404255	2	29	0.95
0.3	2	29	0.95
0.5625	2	29	0.95
0.130434782608696	2	29	0.95
0.136363636363636	2	29	0.95
0.484848484848485	2	29	0.95
0.45	2	29	0.95
0.105263157894737	2	29	0.95
0.346153846153846	2	29	0.95
0.641025641025641	2	29	0.95
0.464285714285714	2	29	0.95
0.189189189189189	2	29	0.95
0.310344827586207	2	29	0.95
0.689655172413793	2	29	0.95
0.5	2	29	0.95
0.454545454545455	2	29	0.95
0.428571428571429	2	29	0.95
0.333333333333333	2	29	0.95
0.21875	2	29	0.95
0.305555555555556	2	29	0.95
0.114285714285714	2	29	0.95
0.375	2	29	0.95
0.217391304347826	2	29	0.95
0.0909090909090909	2	29	0.95
0.421052631578947	2	29	0.95
0.148148148148148	2	29	0.95
0.432432432432432	2	29	0.95
0.0967741935483871	2	29	0.95
0.411764705882353	2	29	0.95
0.25	2	29	0.95
0.269230769230769	2	29	0.95
0.272727272727273	2	29	0.95
0.294117647058824	2	29	0.95
0.30952380952381	2	29	0.95
0.153846153846154	2	29	0.95
0.16	2	29	0.95
0.434782608695652	2	29	0.95
0.133333333333333	2	29	0.95
0.5	2	29	0.95
0.310344827586207	2	29	0.95
0.380952380952381	2	29	0.95
0.55	2	29	0.95
0.619047619047619	2	29	0.95
0.435897435897436	2	29	0.95
0.151515151515152	2	29	0.95
0.285714285714286	2	29	0.95
0.692307692307692	2	29	0.95
0.214285714285714	2	29	0.95
0.620689655172414	2	29	0.95
0.178571428571429	2	29	0.95
0.576923076923077	2	29	0.95
0.1	2	29	0.95
0.133333333333333	2	29	0.95
0.21875	2	29	0.95
0.347826086956522	2	29	0.95
0.233333333333333	2	29	0.95
0.28	2	29	0.95
0.333333333333333	2	29	0.95
0.5	2	29	0.95
0.628571428571429	2	29	0.95
0.478260869565217	2	29	0.95
0.269230769230769	2	29	0.95
0.551724137931034	2	29	0.95
0.6	2	29	0.95
0.483870967741935	2	29	0.95
0.4	2	29	0.95
0.242424242424242	2	29	0.95
0.133333333333333	2	29	0.95
0.535714285714286	2	29	0.95
0.608695652173913	2	29	0.95
0.551724137931034	2	29	0.95
0.448275862068966	2	29	0.95
0.444444444444444	2	29	0.95
0.444444444444444	2	29	0.95
0.416666666666667	2	29	0.95
0.409090909090909	2	29	0.95
0.5	2	29	0.95
0.46875	2	29	0.95
0.285714285714286	2	29	0.95
0.529411764705882	2	29	0.95
0.297297297297297	2	29	0.95
0.527777777777778	2	29	0.95
0.555555555555556	2	29	0.95
0.428571428571429	2	29	0.95
0.275862068965517	2	29	0.95
0.633333333333333	2	29	0.95
0.464285714285714	2	29	0.95
0.44	2	29	0.95
0.21875	2	29	0.95
0.357142857142857	2	29	0.95
0.129032258064516	2	29	0.95
0.136363636363636	2	29	0.95
0.157894736842105	2	29	0.95
0.333333333333333	2	29	0.95
0.125	2	29	0.95
0.2	2	29	0.95
0.515151515151515	2	29	0.95
0.225806451612903	2	29	0.95
0.379310344827586	2	29	0.95
0.473684210526316	2	29	0.95
0.555555555555556	2	29	0.95
0.566666666666667	2	29	0.95
0.414634146341463	2	29	0.95
0.5	2	29	0.95
0.157894736842105	2	29	0.95
0.103448275862069	2	29	0.95
0.161290322580645	2	29	0.95
0.451612903225806	2	29	0.95
0.3	2	29	0.95
0.641025641025641	2	29	0.95
0.37037037037037	2	29	0.95
0.333333333333333	2	29	0.95
0.666666666666667	2	29	0.95
0.129032258064516	2	29	0.95
0.481481481481481	2	29	0.95
0.272727272727273	2	29	0.95
0.159090909090909	2	29	0.95
0.633333333333333	2	29	0.95
0.2	2	29	0.95
0.388888888888889	2	29	0.95
0.2	2	29	0.95
0.423076923076923	2	29	0.95
0.392857142857143	2	29	0.95
0.44	2	29	0.95
0.444444444444444	2	29	0.95
0.527777777777778	2	29	0.95
0.3125	2	29	0.95
0.425	2	29	0.95
0.419354838709677	2	29	0.95
0.478260869565217	2	29	0.95
0.192307692307692	2	29	0.95
0.523809523809524	2	29	0.95
0.148148148148148	2	29	0.95
0.157894736842105	2	29	0.95
0.380952380952381	2	29	0.95
0.46875	2	29	0.95
0.310344827586207	2	29	0.95
0.611111111111111	2	29	0.95
0.121212121212121	2	29	0.95
0.482758620689655	2	29	0.95
0.285714285714286	2	29	0.95
0.307692307692308	2	29	0.95
0.111111111111111	2	29	0.95
0.48780487804878	2	29	0.95
0.454545454545455	2	29	0.95
0.214285714285714	2	29	0.95
0.19047619047619	2	29	0.95
0.583333333333333	2	29	0.95
0.5	2	29	0.95
0.52	2	29	0.95
0.391304347826087	2	29	0.95
0.4	2	29	0.95
0.142857142857143	2	29	0.95
0.5	2	29	0.95
0.444444444444444	2	29	0.95
0.36	2	29	0.95
0.222222222222222	2	29	0.95
0.411764705882353	2	29	0.95
0.484848484848485	2	29	0.95
0.607142857142857	2	29	0.95
0.25	2	29	0.95
0.103448275862069	2	29	0.95
0.333333333333333	2	29	0.95
0.333333333333333	2	29	0.95
0.53125	2	29	0.95
0.137931034482759	2	29	0.95
0.458333333333333	2	29	0.95
0.53125	2	29	0.95
0.48	2	29	0.95
0.142857142857143	2	29	0.95
0.4	2	29	0.95
0.307692307692308	2	29	0.95
0.434782608695652	2	29	0.95
0.142857142857143	2	29	0.95
0.34375	2	29	0.95
0.1875	2	29	0.95
0.392857142857143	2	29	0.95
0.566666666666667	2	29	0.95
0.46875	2	29	0.95
0.35	2	29	0.95
0.567567567567568	2	29	0.95
0.418604651162791	2	29	0.95
0.473684210526316	2	29	0.95
0.25	2	29	0.95
0.115384615384615	2	29	0.95
0.434782608695652	2	29	0.95
0.578947368421053	2	29	0.95
0.2	2	29	0.95
0.516129032258065	2	29	0.95
0.344827586206897	2	29	0.95
0.485714285714286	2	29	0.95
0.414634146341463	2	29	0.95
0.592592592592593	2	29	0.95
0.392857142857143	2	29	0.95
0.448275862068966	2	29	0.95
0.1875	2	29	0.95
0.1875	2	29	0.95
0.458333333333333	2	29	0.95
0.304347826086957	2	29	0.95
0.75	3	41	0.95
0.290322580645161	3	41	0.95
0.239130434782609	3	41	0.95
0.1875	3	41	0.95
0.2	3	41	0.95
0.272727272727273	3	41	0.95
0.130434782608696	3	41	0.95
0.416666666666667	3	41	0.95
0.354838709677419	3	41	0.95
0.285714285714286	3	41	0.95
0.148936170212766	3	41	0.95
0.24390243902439	3	41	0.95
0.21875	3	41	0.95
0.545454545454545	3	41	0.95
0.25	3	41	0.95
0.25	3	41	0.95
0.447368421052632	3	41	0.95
0.24390243902439	3	41	0.95
0.3	3	41	0.95
0.375	3	41	0.95
0.239130434782609	3	41	0.95
0.292682926829268	3	41	0.95
0.230769230769231	3	41	0.95
0.166666666666667	3	41	0.95
0.297297297297297	3	41	0.95
0.3	3	41	0.95
0.333333333333333	3	41	0.95
0.41304347826087	3	41	0.95
0.365384615384615	3	41	0.95
0.551724137931034	3	41	0.95
0.465116279069767	3	41	0.95
0.233333333333333	3	41	0.95
0.27906976744186	3	41	0.95
0.228571428571429	3	41	0.95
0.425925925925926	3	41	0.95
0.192982456140351	3	41	0.95
0.333333333333333	3	41	0.95
0.230769230769231	3	41	0.95
0.211538461538462	3	41	0.95
0.315789473684211	3	41	0.95
0.633333333333333	3	41	0.95
0.3	3	41	0.95
0.388888888888889	3	41	0.95
0.27906976744186	3	41	0.95
0.5	3	41	0.95
0.365384615384615	3	41	0.95
0.26530612244898	3	41	0.95
0.13953488372093	3	41	0.95
0.290909090909091	3	41	0.95
0.315789473684211	3	41	0.95
0.289473684210526	3	41	0.95
0.193548387096774	3	41	0.95
0.106382978723404	3	41	0.95
0.136363636363636	3	41	0.95
0.333333333333333	3	41	0.95
0.245614035087719	3	41	0.95
0.195652173913043	3	41	0.95
0.178571428571429	3	41	0.95
0.181818181818182	3	41	0.95
0.25531914893617	3	41	0.95
0.310344827586207	3	41	0.95
0.382978723404255	3	41	0.95
0.189189189189189	3	41	0.95
0.283018867924528	3	41	0.95
0.227272727272727	3	41	0.95
0.358490566037736	3	41	0.95
0.195652173913043	3	41	0.95
0.244444444444444	3	41	0.95
0.136363636363636	3	41	0.95
0.245283018867925	3	41	0.95
0.1875	3	41	0.95
0.142857142857143	3	41	0.95
0.347826086956522	3	41	0.95
0.357142857142857	3	41	0.95
0.12	3	41	0.95
0.266666666666667	3	41	0.95
0.333333333333333	3	41	0.95
0.269230769230769	3	41	0.95
0.342857142857143	3	41	0.95
0.276595744680851	3	41	0.95
0.105263157894737	3	41	0.95
0.416666666666667	3	41	0.95
0.37037037037037	3	41	0.95
0.319148936170213	3	41	0.95
0.305555555555556	3	41	0.95
0.394736842105263	3	41	0.95
0.375	3	41	0.95
0.5	3	41	0.95
0.25	3	41	0.95
0.272727272727273	3	41	0.95
0.120879120879121	3	41	0.95
0.41025641025641	3	41	0.95
0.384615384615385	3	41	0.95
0.425925925925926	3	41	0.95
0.176470588235294	3	41	0.95
0.295454545454545	3	41	0.95
0.259259259259259	3	41	0.95
0.159090909090909	3	41	0.95
0.327868852459016	3	41	0.95
0.439024390243902	3	41	0.95
0.383333333333333	3	41	0.95
0.26984126984127	3	41	0.95
0.235294117647059	3	41	0.95
0.173076923076923	3	41	0.95
0.153846153846154	3	41	0.95
0.311111111111111	3	41	0.95
0.0983606557377049	3	41	0.95
0.339622641509434	3	41	0.95
0.326086956521739	3	41	0.95
0.344262295081967	3	41	0.95
0.315789473684211	3	41	0.95
0.488888888888889	3	41	0.95
0.333333333333333	3	41	0.95
0.24	3	41	0.95
0.204545454545455	3	41	0.95
0.275	3	41	0.95
0.214285714285714	3	41	0.95
0.214285714285714	3	41	0.95
0.515151515151515	3	41	0.95
0.306122448979592	3	41	0.95
0.217391304347826	3	41	0.95
0.3	3	41	0.95
0.238095238095238	3	41	0.95
0.193548387096774	3	41	0.95
0.136363636363636	3	41	0.95
0.222222222222222	3	41	0.95
0.377777777777778	3	41	0.95
0.318181818181818	3	41	0.95
0.152173913043478	3	41	0.95
0.108108108108108	3	41	0.95
1	3	41	0.95
0.163265306122449	3	41	0.95
0.205882352941176	3	41	0.95
0.428571428571429	3	41	0.95
0.175	3	41	0.95
0.382352941176471	3	41	0.95
0.333333333333333	3	41	0.95
0.291666666666667	3	41	0.95
0.25	3	41	0.95
0.208333333333333	3	41	0.95
0.170731707317073	3	41	0.95
0.156862745098039	3	41	0.95
0.326923076923077	3	41	0.95
0.207547169811321	3	41	0.95
0.232558139534884	3	41	0.95
0.319148936170213	3	41	0.95
0.395833333333333	3	41	0.95
0.113207547169811	3	41	0.95
0.111111111111111	3	41	0.95
0.192307692307692	3	41	0.95
0.363636363636364	3	41	0.95
0.3	3	41	0.95
0.162162162162162	3	41	0.95
0.333333333333333	3	41	0.95
0.478260869565217	3	41	0.95
0.1875	3	41	0.95
0.239130434782609	3	41	0.95
0.297872340425532	3	41	0.95
0.176470588235294	3	41	0.95
0.344827586206897	3	41	0.95
0.384615384615385	3	41	0.95
0.325581395348837	3	41	0.95
0.371428571428571	3	41	0.95
0.375	3	41	0.95
0.314285714285714	3	41	0.95
0.333333333333333	3	41	0.95
0.122448979591837	3	41	0.95
0.3125	3	41	0.95
0.454545454545455	3	41	0.95
0.133333333333333	3	41	0.95
0.333333333333333	3	41	0.95
0.421052631578947	3	41	0.95
0.604166666666667	3	41	0.95
0.292682926829268	3	41	0.95
0.166666666666667	3	41	0.95
0.444444444444444	3	41	0.95
0.333333333333333	3	41	0.95
0.361111111111111	3	41	0.95
0.425	3	41	0.95
0.255813953488372	3	41	0.95
0.363636363636364	3	41	0.95
0.368421052631579	3	41	0.95
0.117647058823529	3	41	0.95
0.285714285714286	3	41	0.95
0.12	3	41	0.95
0.446808510638298	3	41	0.95
0.363636363636364	3	41	0.95
0.24	3	41	0.95
0.344827586206897	3	41	0.95
0.439024390243902	3	41	0.95
0.389830508474576	3	41	0.95
0.191489361702128	3	41	0.95
0.1	3	41	0.95
0.306122448979592	3	41	0.95
0.360655737704918	3	41	0.95
0.296296296296296	3	41	0.95
0.315789473684211	3	41	0.95
0.386363636363636	3	41	0.95
0.305555555555556	3	41	0.95
0.125	3	41	0.95
0.339622641509434	3	41	0.95
0.297297297297297	3	41	0.95
0.297872340425532	3	41	0.95
0.321428571428571	3	41	0.95
0.333333333333333	3	41	0.95
0.222222222222222	3	41	0.95
0.122448979591837	3	41	0.95
0.380952380952381	3	41	0.95
0.361702127659574	3	41	0.95
0.340909090909091	3	41	0.95
0.1875	3	41	0.95
0.170731707317073	3	41	0.95
0.333333333333333	3	41	0.95
0.346938775510204	3	41	0.95
0.390243902439024	3	41	0.95
0.166666666666667	3	41	0.95
0.127659574468085	3	41	0.95
0.340909090909091	3	41	0.95
0.113207547169811	3	41	0.95
0.137254901960784	3	41	0.95
0.233333333333333	3	41	0.95
0.395348837209302	3	41	0.95
0.463414634146341	3	41	0.95
0.390243902439024	3	41	0.95
0.13953488372093	3	41	0.95
0.390243902439024	3	41	0.95
0.24390243902439	3	41	0.95
0.333333333333333	3	41	0.95
0.155555555555556	3	41	0.95
0.325581395348837	3	41	0.95
0.176470588235294	3	41	0.95
0.12	3	41	0.95
0.282608695652174	3	41	0.95
0.2	3	41	0.95
0.414634146341463	3	41	0.95
0.226415094339623	3	41	0.95
0.163636363636364	3	41	0.95
0.219512195121951	3	41	0.95
0.24390243902439	3	41	0.95
0.2	3	41	0.95
0.116666666666667	3	41	0.95
0.104166666666667	3	41	0.95
0.142857142857143	3	41	0.95
0.309090909090909	3	41	0.95
0.256410256410256	3	41	0.95
0.428571428571429	3	41	0.95
0.388888888888889	3	41	0.95
0.333333333333333	3	41	0.95
0.214285714285714	3	41	0.95
0.333333333333333	3	41	0.95
0.170731707317073	3	41	0.95
0.419354838709677	3	41	0.95
0.288888888888889	3	41	0.95
0.361111111111111	3	41	0.95
0.363636363636364	3	41	0.95
0.358490566037736	3	41	0.95
0.2	3	41	0.95
0.210526315789474	3	41	0.95
0.222222222222222	3	41	0.95
0.391304347826087	3	41	0.95
0.111111111111111	3	41	0.95
0.304347826086957	3	41	0.95
0.133333333333333	3	41	0.95
0.7	3	41	0.95
0.75	3	41	0.95
0.666666666666667	3	41	0.95
0.13953488372093	3	41	0.95
0.166666666666667	3	41	0.95
0.261904761904762	3	41	0.95
0.326530612244898	3	41	0.95
0.173913043478261	3	41	0.95
0.25	3	41	0.95
0.205882352941176	3	41	0.95
0.295454545454545	3	41	0.95
0.289473684210526	3	41	0.95
0.276595744680851	3	41	0.95
0.153846153846154	3	41	0.95
0.117647058823529	3	41	0.95
0.105263157894737	3	41	0.95
0.109090909090909	3	41	0.95
0.116666666666667	3	41	0.95
0.415094339622642	3	41	0.95
0.321428571428571	3	41	0.95
0.372093023255814	3	41	0.95
0.204545454545455	3	41	0.95
0.137254901960784	3	41	0.95
0.428571428571429	3	41	0.95
0.352941176470588	3	41	0.95
0.404761904761905	3	41	0.95
0.325	3	41	0.95
0.138888888888889	3	41	0.95
0.320754716981132	3	41	0.95
0.218181818181818	3	41	0.95
0.12962962962963	3	41	0.95
0.340909090909091	3	41	0.95
0.282051282051282	3	41	0.95
0.155555555555556	3	41	0.95
0.407407407407407	3	41	0.95
0.342105263157895	3	41	0.95
0.15	3	41	0.95
0.888888888888889	3	41	0.95
0.341463414634146	3	41	0.95
0.157894736842105	3	41	0.95
0.195121951219512	3	41	0.95
0.404255319148936	3	41	0.95
0.25	3	41	0.95
0.382352941176471	3	41	0.95
0.185185185185185	3	41	0.95
0.340425531914894	3	41	0.95
0.857142857142857	3	41	0.95
0.196078431372549	3	41	0.95
0.159090909090909	3	41	0.95
0.26530612244898	3	41	0.95
0.272727272727273	3	41	0.95
0.268292682926829	3	41	0.95
0.227272727272727	3	41	0.95
0.304347826086957	3	41	0.95
0.266666666666667	3	41	0.95
0.349206349206349	3	41	0.95
0.27027027027027	3	41	0.95
0.382978723404255	3	41	0.95
0.25	3	41	0.95
0.238095238095238	3	41	0.95
0.327586206896552	3	41	0.95
0.208333333333333	3	41	0.95
0.313725490196078	3	41	0.95
0.189189189189189	3	41	0.95
0.461538461538462	3	41	0.95
0.22	3	41	0.95
0.258064516129032	3	41	0.95
0.0882352941176471	3	41	0.95
0.272727272727273	3	41	0.95
0.170731707317073	3	41	0.95
0.285714285714286	3	41	0.95
0.378378378378378	3	41	0.95
0.216216216216216	3	41	0.95
0.121212121212121	3	41	0.95
0.193548387096774	3	41	0.95
0.307692307692308	3	41	0.95
0.340425531914894	3	41	0.95
0.131578947368421	3	41	0.95
0.333333333333333	3	41	0.95
0.274509803921569	3	41	0.95
0.142857142857143	3	41	0.95
0.270833333333333	3	41	0.95
0.134615384615385	3	41	0.95
0.153846153846154	3	41	0.95
0.2	3	41	0.95
0.121212121212121	3	41	0.95
0.30952380952381	3	41	0.95
0.132075471698113	3	41	0.95
0.146341463414634	3	41	0.95
0.361111111111111	3	41	0.95
0.290322580645161	3	41	0.95
0.357142857142857	3	41	0.95
0.24	3	41	0.95
0.5	3	41	0.95
0.270833333333333	3	41	0.95
0.3125	3	41	0.95
0.288461538461538	3	41	0.95
0.289473684210526	3	41	0.95
0.25	3	41	0.95
0.4	3	41	0.95
0.127659574468085	3	41	0.95
0.15625	3	41	0.95
0.208333333333333	3	41	0.95
0.193548387096774	3	41	0.95
0.214285714285714	3	41	0.95
0.239130434782609	3	41	0.95
0.346938775510204	3	41	0.95
0.285714285714286	3	41	0.95
0.357142857142857	3	41	0.95
0.166666666666667	3	41	0.95
0.16	3	41	0.95
0.108695652173913	3	41	0.95
0.30952380952381	3	41	0.95
0.355555555555556	3	41	0.95
0.4	3	41	0.95
0.307692307692308	3	41	0.95
0.431818181818182	3	41	0.95
0.333333333333333	3	41	0.95
0.25	3	41	0.95
0.354166666666667	3	41	0.95
0.375	3	41	0.95
0.340909090909091	3	41	0.95
0.234042553191489	3	41	0.95
0.239130434782609	3	41	0.95
0.333333333333333	3	41	0.95
0.295454545454545	3	41	0.95
0.214285714285714	3	41	0.95
0.327272727272727	3	41	0.95
0.333333333333333	3	41	0.95
0.357142857142857	3	41	0.95
0.32	3	41	0.95
0.26530612244898	3	41	0.95
0.354838709677419	3	41	0.95
0.32	3	41	0.95
0.285714285714286	3	41	0.95
0.388888888888889	3	41	0.95
0.487179487179487	3	41	0.95
0.371428571428571	3	41	0.95
0.117647058823529	3	41	0.95
0.256410256410256	3	41	0.95
0.365853658536585	3	41	0.95
0.227272727272727	3	41	0.95
0.25	3	41	0.95
0.12962962962963	3	41	0.95
0.230769230769231	3	41	0.95
0.26	3	41	0.95
0.463414634146341	3	41	0.95
0.375	3	41	0.95
0.259259259259259	3	41	0.95
0.425	3	41	0.95
0.444444444444444	3	41	0.95
0.318181818181818	3	41	0.95
0.137254901960784	3	41	0.95
0.162790697674419	3	41	0.95
0.4375	3	41	0.95
0.2	3	41	0.95
0.153846153846154	3	41	0.95
0.153846153846154	3	41	0.95
0.0888888888888889	3	41	0.95
0.340909090909091	3	41	0.95
0.236842105263158	3	41	0.95
0.318181818181818	3	41	0.95
0.28125	3	41	0.95
0.425	3	41	0.95
0.27906976744186	3	41	0.95
0.333333333333333	3	41	0.95
0.257142857142857	3	41	0.95
0.125	3	41	0.95
0.522727272727273	3	41	0.95
0.311475409836066	3	41	0.95
0.264705882352941	3	41	0.95
0.195121951219512	3	41	0.95
0.150943396226415	3	41	0.95
0.322033898305085	3	41	0.95
0.195652173913043	3	41	0.95
0.272727272727273	3	41	0.95
0.333333333333333	3	41	0.95
0.157894736842105	3	41	0.95
0.304347826086957	3	41	0.95
0.261904761904762	3	41	0.95
0.269230769230769	3	41	0.95
0.163265306122449	3	41	0.95
0.28	3	41	0.95
0.268292682926829	3	41	0.95
0.285714285714286	3	41	0.95
0.2	3	41	0.95
0.171428571428571	3	41	0.95
0.357142857142857	3	41	0.95
0.418604651162791	3	41	0.95
0.27027027027027	3	41	0.95
0.380952380952381	3	41	0.95
0.294117647058824	3	41	0.95
0.30952380952381	3	41	0.95
0.0769230769230769	3	41	0.95
0.227272727272727	3	41	0.95
0.121951219512195	3	41	0.95
0.317073170731707	3	41	0.95
0.195121951219512	3	41	0.95
0.342105263157895	3	41	0.95
0.318181818181818	3	41	0.95
0.303030303030303	3	41	0.95
0.371428571428571	3	41	0.95
0.218181818181818	3	41	0.95
0.384615384615385	3	41	0.95
0.25	3	41	0.95
0.354166666666667	3	41	0.95
0.258064516129032	3	41	0.95
0.2	3	41	0.95
0.333333333333333	3	41	0.95
0.171428571428571	3	41	0.95
0.45	3	41	0.95
0.27027027027027	3	41	0.95
0.37037037037037	3	41	0.95
0.645833333333333	3	41	0.95
0.472222222222222	3	41	0.95
0.261904761904762	3	41	0.95
0.368421052631579	3	41	0.95
0.30952380952381	3	41	0.95
0.136363636363636	3	41	0.95
0.361111111111111	3	41	0.95
0.351351351351351	3	41	0.95
0.384615384615385	3	41	0.95
0.302325581395349	3	41	0.95
0.111111111111111	3	41	0.95
0.263157894736842	3	41	0.95
0.2	3	41	0.95
0.227272727272727	3	41	0.95
0.313725490196078	3	41	0.95
0.342105263157895	3	41	0.95
0.255813953488372	3	41	0.95
0.282051282051282	3	41	0.95
0.176470588235294	3	41	0.95
0.208955223880597	3	41	0.95
0.24390243902439	3	41	0.95
0.317073170731707	3	41	0.95
0.292682926829268	3	41	0.95
0.235294117647059	3	41	0.95
0.157894736842105	3	41	0.95
0.306122448979592	3	41	0.95
0.1	3	41	0.95
0.173913043478261	3	41	0.95
0.26530612244898	3	41	0.95
0.325	3	41	0.95
0.232558139534884	3	41	0.95
0.457142857142857	3	41	0.95
0.1875	3	41	0.95
0.238095238095238	3	41	0.95
0.323529411764706	3	41	0.95
0.15	3	41	0.95
0.411764705882353	3	41	0.95
0.393939393939394	3	41	0.95
0.242424242424242	3	41	0.95
0.304347826086957	3	41	0.95
0.32	3	41	0.95
0.333333333333333	3	41	0.95
0.5	3	41	0.95
0.227272727272727	3	41	0.95
0.131578947368421	3	41	0.95
0.333333333333333	3	41	0.95
0.14	3	41	0.95
0.236842105263158	3	41	0.95
0.25	3	41	0.95
0.276595744680851	3	41	0.95
0.230769230769231	3	41	0.95
0.244444444444444	3	41	0.95
0.333333333333333	3	41	0.95
0.583333333333333	3	41	0.95
0.189189189189189	3	41	0.95
0.354838709677419	3	41	0.95
0.228571428571429	3	41	0.95
0.323529411764706	3	41	0.95
0.317460317460317	3	41	0.95
0.296296296296296	3	41	0.95
0.27027027027027	3	41	0.95
0.245283018867925	3	41	0.95
0.404761904761905	3	41	0.95
0.287878787878788	3	41	0.95
0.267857142857143	3	41	0.95
0.302325581395349	3	41	0.95
0.276595744680851	3	41	0.95
0.214285714285714	3	41	0.95
0.444444444444444	3	41	0.95
0.21875	3	41	0.95
0.333333333333333	3	41	0.95
0.339285714285714	3	41	0.95
0.311111111111111	3	41	0.95
0.166666666666667	3	41	0.95
0.0892857142857143	3	41	0.95
0.153846153846154	3	41	0.95
0.292682926829268	3	41	0.95
0.204081632653061	3	41	0.95
0.368421052631579	3	41	0.95
0.123287671232877	3	41	0.95
0.186046511627907	3	41	0.95
0.315789473684211	3	41	0.95
0.315789473684211	3	41	0.95
0.315789473684211	3	41	0.95
0.272727272727273	3	41	0.95
0.230769230769231	3	41	0.95
0.289473684210526	3	41	0.95
0.432432432432432	3	41	0.95
0.386363636363636	3	41	0.95
0.294117647058824	3	41	0.95
0.333333333333333	3	41	0.95
0.14	4	53	0.95
0.296296296296296	4	53	0.95
0.222222222222222	4	53	0.95
0.209302325581395	4	53	0.95
0.260869565217391	4	53	0.95
0.157894736842105	4	53	0.95
0.28	4	53	0.95
0.224489795918367	4	53	0.95
0.519230769230769	4	53	0.95
0.285714285714286	4	53	0.95
0.375	4	53	0.95
0.127659574468085	4	53	0.95
0.235294117647059	4	53	0.95
0.25	4	53	0.95
0.315789473684211	4	53	0.95
0.222222222222222	4	53	0.95
0.273972602739726	4	53	0.95
0.171875	4	53	0.95
0.24	4	53	0.95
0.214285714285714	4	53	0.95
0.282608695652174	4	53	0.95
0.147540983606557	4	53	0.95
0.21875	4	53	0.95
0.166666666666667	4	53	0.95
0.166666666666667	4	53	0.95
0.307692307692308	4	53	0.95
0.107692307692308	4	53	0.95
0.101694915254237	4	53	0.95
0.271186440677966	4	53	0.95
0.434782608695652	4	53	0.95
0.142857142857143	4	53	0.95
0.327586206896552	4	53	0.95
0.25	4	53	0.95
0.263157894736842	4	53	0.95
0.277777777777778	4	53	0.95
0.226415094339623	4	53	0.95
0.19047619047619	4	53	0.95
0.435897435897436	4	53	0.95
0.21875	4	53	0.95
0.269230769230769	4	53	0.95
0.25	4	53	0.95
0.166666666666667	4	53	0.95
0.12962962962963	4	53	0.95
0.347826086956522	4	53	0.95
0.155172413793103	4	53	0.95
0.232558139534884	4	53	0.95
0.12	4	53	0.95
0.19047619047619	4	53	0.95
0.208955223880597	4	53	0.95
0.205882352941176	4	53	0.95
0.538461538461538	4	53	0.95
0.2	4	53	0.95
0.147540983606557	4	53	0.95
0.157894736842105	4	53	0.95
0.492537313432836	4	53	0.95
0.5	4	53	0.95
0.125	4	53	0.95
0.526315789473684	4	53	0.95
0.111111111111111	4	53	0.95
0.740740740740741	4	53	0.95
0.14	4	53	0.95
0.146341463414634	4	53	0.95
0.183098591549296	4	53	0.95
0.206896551724138	4	53	0.95
0.145833333333333	4	53	0.95
0.166666666666667	4	53	0.95
0.52	4	53	0.95
0.222222222222222	4	53	0.95
0.301587301587302	4	53	0.95
0.0833333333333333	4	53	0.95
0.386363636363636	4	53	0.95
0.264705882352941	4	53	0.95
0.210526315789474	4	53	0.95
0.192982456140351	4	53	0.95
0.25	4	53	0.95
0.138461538461538	4	53	0.95
0.214285714285714	4	53	0.95
0.245283018867925	4	53	0.95
0.35	4	53	0.95
0.194029850746269	4	53	0.95
0.222222222222222	4	53	0.95
0.19672131147541	4	53	0.95
0.196078431372549	4	53	0.95
0.285714285714286	4	53	0.95
0.191780821917808	4	53	0.95
0.0804597701149425	4	53	0.95
0.130434782608696	4	53	0.95
0.111111111111111	4	53	0.95
0.24	4	53	0.95
0.0845070422535211	4	53	0.95
0.285714285714286	4	53	0.95
0.238095238095238	4	53	0.95
0.267857142857143	4	53	0.95
0.230769230769231	4	53	0.95
0.559322033898305	4	53	0.95
0.241379310344828	4	53	0.95
0.215686274509804	4	53	0.95
0.14	4	53	0.95
0.289855072463768	4	53	0.95
0.264705882352941	4	53	0.95
0.36	4	53	0.95
0.269230769230769	4	53	0.95
0.224489795918367	4	53	0.95
0.140625	4	53	0.95
0.241379310344828	4	53	0.95
0.222222222222222	4	53	0.95
0.125	4	53	0.95
0.191780821917808	4	53	0.95
0.230769230769231	4	53	0.95
0.140845070422535	4	53	0.95
0.189655172413793	4	53	0.95
0.28125	4	53	0.95
0.333333333333333	4	53	0.95
0.264150943396226	4	53	0.95
0.204081632653061	4	53	0.95
0.185185185185185	4	53	0.95
0.178082191780822	4	53	0.95
