VAF	CN	avg.depth	purity
0.193548387096774	2	27	1
0.6	2	27	1
0.111111111111111	2	27	1
0.148148148148148	2	27	1
0.409090909090909	2	27	1
0.285714285714286	2	27	1
0.291666666666667	2	27	1
0.363636363636364	2	27	1
0.517241379310345	2	27	1
0.521739130434783	2	27	1
0.391304347826087	2	27	1
0.275	2	27	1
0.464285714285714	2	27	1
0.217391304347826	2	27	1
0.454545454545455	2	27	1
0.272727272727273	2	27	1
0.481481481481481	2	27	1
0.257142857142857	2	27	1
0.5	2	27	1
0.68	2	27	1
0.194444444444444	2	27	1
0.384615384615385	2	27	1
0.318181818181818	2	27	1
0.1875	2	27	1
0.413793103448276	2	27	1
0.551724137931034	2	27	1
0.117647058823529	2	27	1
0.4	2	27	1
0.4	2	27	1
0.5	2	27	1
0.233333333333333	2	27	1
0.545454545454545	2	27	1
0.318181818181818	2	27	1
0.387096774193548	2	27	1
0.409090909090909	2	27	1
0.193548387096774	2	27	1
0.518518518518518	2	27	1
0.258064516129032	2	27	1
0.521739130434783	2	27	1
0.473684210526316	2	27	1
0.464285714285714	2	27	1
0.171428571428571	2	27	1
0.291666666666667	2	27	1
0.178571428571429	2	27	1
0.548387096774194	2	27	1
0.230769230769231	2	27	1
0.315789473684211	2	27	1
0.289473684210526	2	27	1
0.225806451612903	2	27	1
0.357142857142857	2	27	1
0.333333333333333	2	27	1
0.485714285714286	2	27	1
0.535714285714286	2	27	1
0.434782608695652	2	27	1
0.5	2	27	1
0.5	2	27	1
0.638888888888889	2	27	1
0.307692307692308	2	27	1
0.212121212121212	2	27	1
0.142857142857143	2	27	1
0.181818181818182	2	27	1
0.318181818181818	2	27	1
0.382352941176471	2	27	1
0.5	2	27	1
0.692307692307692	2	27	1
0.351351351351351	2	27	1
0.307692307692308	2	27	1
0.533333333333333	2	27	1
0.592592592592593	2	27	1
0.421052631578947	2	27	1
0.470588235294118	2	27	1
0.258064516129032	2	27	1
0.416666666666667	2	27	1
0.454545454545455	2	27	1
0.233333333333333	2	27	1
0.375	2	27	1
0.375	2	27	1
0.25	2	27	1
0.388888888888889	2	27	1
0.523809523809524	2	27	1
0.189189189189189	2	27	1
0.179487179487179	2	27	1
0.194444444444444	2	27	1
0.129032258064516	2	27	1
0.133333333333333	2	27	1
0.5	2	27	1
0.466666666666667	2	27	1
0.4	2	27	1
0.115384615384615	2	27	1
0.387096774193548	2	27	1
0.235294117647059	2	27	1
0.212765957446809	2	27	1
0.1875	2	27	1
0.536585365853659	2	27	1
0.304347826086957	2	27	1
0.4	2	27	1
0.2	2	27	1
0.612903225806452	2	27	1
0.394736842105263	2	27	1
0.526315789473684	2	27	1
0.583333333333333	2	27	1
0.137931034482759	2	27	1
0.333333333333333	2	27	1
0.173913043478261	2	27	1
0.333333333333333	2	27	1
0.266666666666667	2	27	1
0.225806451612903	2	27	1
0.421052631578947	2	27	1
0.555555555555556	2	27	1
0.241379310344828	2	27	1
0.181818181818182	2	27	1
0.392857142857143	2	27	1
0.371428571428571	2	27	1
0.3	2	27	1
0.296296296296296	2	27	1
0.214285714285714	2	27	1
0.272727272727273	2	27	1
0.517241379310345	2	27	1
0.351351351351351	2	27	1
0.357142857142857	2	27	1
0.333333333333333	2	27	1
0.55	2	27	1
0.571428571428571	2	27	1
0.565217391304348	2	27	1
0.36	2	27	1
0.416666666666667	2	27	1
0.117647058823529	2	27	1
0.44	2	27	1
0.529411764705882	2	27	1
0.4	2	27	1
0.444444444444444	2	27	1
0.441176470588235	2	27	1
0.526315789473684	2	27	1
0.580645161290323	2	27	1
0.346153846153846	2	27	1
0.352941176470588	2	27	1
0.233333333333333	2	27	1
0.631578947368421	2	27	1
0.304347826086957	2	27	1
0.555555555555556	2	27	1
0.5	2	27	1
0.461538461538462	2	27	1
0.461538461538462	2	27	1
0.206896551724138	2	27	1
0.352941176470588	2	27	1
0.565217391304348	2	27	1
0.46875	2	27	1
0.566666666666667	2	27	1
0.205882352941176	2	27	1
0.432432432432432	2	27	1
0.285714285714286	2	27	1
0.478260869565217	2	27	1
0.407407407407407	2	27	1
0.291666666666667	2	27	1
0.4	2	27	1
0.52	2	27	1
0.434782608695652	2	27	1
0.269230769230769	2	27	1
0.125	2	27	1
0.181818181818182	2	27	1
0.461538461538462	2	27	1
0.241379310344828	2	27	1
0.592592592592593	2	27	1
0.428571428571429	2	27	1
0.740740740740741	2	27	1
0.37037037037037	2	27	1
0.296296296296296	2	27	1
0.592592592592593	2	27	1
0.285714285714286	2	27	1
0.333333333333333	2	27	1
0.333333333333333	2	27	1
0.344827586206897	2	27	1
0.428571428571429	2	27	1
0.342857142857143	2	27	1
0.5	2	27	1
0.458333333333333	2	27	1
0.59375	2	27	1
0.730769230769231	2	27	1
0.541666666666667	2	27	1
0.259259259259259	2	27	1
0.578947368421053	2	27	1
0.176470588235294	2	27	1
0.526315789473684	2	27	1
0.516129032258065	2	27	1
0.272727272727273	2	27	1
0.571428571428571	2	27	1
0.260869565217391	2	27	1
0.45	2	27	1
0.5	2	27	1
0.181818181818182	2	27	1
0.321428571428571	2	27	1
0.533333333333333	2	27	1
0.481481481481481	2	27	1
0.464285714285714	2	27	1
0.2	2	27	1
0.466666666666667	2	27	1
0.538461538461538	2	27	1
0.448275862068966	2	27	1
0.407407407407407	2	27	1
0.434782608695652	2	27	1
0.19047619047619	2	27	1
0.227272727272727	2	27	1
0.1875	2	27	1
0.25	2	27	1
0.128205128205128	2	27	1
0.384615384615385	2	27	1
0.375	2	27	1
0.263157894736842	2	27	1
0.6	2	27	1
0.538461538461538	2	27	1
0.157894736842105	2	27	1
0.181818181818182	2	27	1
0.173913043478261	2	27	1
0.5	2	27	1
0.45	2	27	1
0.233333333333333	2	27	1
0.5	2	27	1
0.285714285714286	2	27	1
0.285714285714286	2	27	1
0.243243243243243	2	27	1
0.157894736842105	2	27	1
0.361111111111111	2	27	1
0.378378378378378	2	27	1
0.416666666666667	2	27	1
0.6	2	27	1
0.157894736842105	2	27	1
0.45	2	27	1
0.705882352941177	2	27	1
0.409090909090909	2	27	1
0.228571428571429	2	27	1
0.44	2	27	1
0.346153846153846	2	27	1
0.714285714285714	2	27	1
0.28	2	27	1
0.352941176470588	2	27	1
0.392857142857143	2	27	1
0.451612903225806	2	27	1
0.344827586206897	2	27	1
0.321428571428571	2	27	1
0.375	2	27	1
0.275862068965517	2	27	1
0.230769230769231	2	27	1
0.4	2	27	1
0.476190476190476	2	27	1
0.411764705882353	2	27	1
0.3125	2	27	1
0.291666666666667	2	27	1
0.296296296296296	2	27	1
0.111111111111111	2	27	1
0.321428571428571	2	27	1
0.5	2	27	1
0.411764705882353	2	27	1
0.34375	2	27	1
0.545454545454545	2	27	1
0.481481481481481	2	27	1
0.236842105263158	2	27	1
0.516129032258065	2	27	1
0.518518518518518	2	27	1
0.590909090909091	2	27	1
0.363636363636364	2	27	1
0.625	2	27	1
0.146341463414634	2	27	1
0.233333333333333	2	27	1
0.173913043478261	2	27	1
0.214285714285714	2	27	1
0.333333333333333	2	27	1
0.555555555555556	2	27	1
0.419354838709677	2	27	1
0.303030303030303	2	27	1
0.368421052631579	2	27	1
0.482758620689655	2	27	1
0.368421052631579	2	27	1
0.35	2	27	1
0.272727272727273	2	27	1
0.304347826086957	2	27	1
0.375	2	27	1
0.628571428571429	2	27	1
0.230769230769231	2	27	1
0.210526315789474	2	27	1
0.545454545454545	2	27	1
0.384615384615385	2	27	1
0.296296296296296	2	27	1
0.347826086956522	2	27	1
0.1875	2	27	1
0.428571428571429	2	27	1
0.434782608695652	2	27	1
0.433333333333333	2	27	1
0.36	2	27	1
0.277777777777778	2	27	1
0.448275862068966	2	27	1
0.206896551724138	2	27	1
0.428571428571429	2	27	1
0.354838709677419	2	27	1
0.2	2	27	1
0.441176470588235	2	27	1
0.5	2	27	1
0.241379310344828	2	27	1
0.375	2	27	1
0.3125	2	27	1
0.137254901960784	2	27	1
0.7	2	27	1
0.4	2	27	1
0.75	2	27	1
0.411764705882353	2	27	1
0.333333333333333	2	27	1
0.19047619047619	2	27	1
0.5	2	27	1
0.363636363636364	2	27	1
0.461538461538462	2	27	1
0.419354838709677	2	27	1
0.44	2	27	1
0.333333333333333	2	27	1
0.291666666666667	2	27	1
0.409090909090909	2	27	1
0.652173913043478	2	27	1
0.152173913043478	2	27	1
0.428571428571429	2	27	1
0.185185185185185	2	27	1
0.5	2	27	1
0.444444444444444	2	27	1
0.5	2	27	1
0.388888888888889	2	27	1
0.333333333333333	2	27	1
0.454545454545455	2	27	1
0.333333333333333	2	27	1
0.25	2	27	1
0.206896551724138	2	27	1
0.266666666666667	2	27	1
0.5	2	27	1
0.137931034482759	2	27	1
0.647058823529412	2	27	1
0.333333333333333	2	27	1
0.321428571428571	2	27	1
0.56	2	27	1
0.65625	2	27	1
0.206896551724138	2	27	1
0.333333333333333	2	27	1
0.166666666666667	2	27	1
0.375	2	27	1
0.282051282051282	2	27	1
0.136363636363636	2	27	1
0.666666666666667	2	27	1
0.423076923076923	2	27	1
0.260869565217391	2	27	1
0.533333333333333	2	27	1
0.269230769230769	2	27	1
0.578947368421053	2	27	1
0.395348837209302	2	27	1
0.214285714285714	2	27	1
0.166666666666667	2	27	1
0.25	2	27	1
0.28125	2	27	1
0.28	2	27	1
0.35	2	27	1
0.363636363636364	2	27	1
0.521739130434783	2	27	1
0.6	2	27	1
0.16	2	27	1
0.444444444444444	2	27	1
0.25	2	27	1
0.590909090909091	2	27	1
0.161290322580645	2	27	1
0.333333333333333	2	27	1
0.333333333333333	2	27	1
0.424242424242424	2	27	1
0.55	2	27	1
0.392857142857143	2	27	1
0.227272727272727	2	27	1
0.5	2	27	1
0.611111111111111	2	27	1
0.257142857142857	3	39	1
0.37037037037037	3	39	1
0.294117647058824	3	39	1
0.166666666666667	3	39	1
0.466666666666667	3	39	1
0.45	3	39	1
0.344827586206897	3	39	1
0.3	3	39	1
0.466666666666667	3	39	1
0.245283018867925	3	39	1
0.19047619047619	3	39	1
0.333333333333333	3	39	1
0.258064516129032	3	39	1
0.551724137931034	3	39	1
0.357142857142857	3	39	1
0.297297297297297	3	39	1
0.2	3	39	1
0.192307692307692	3	39	1
0.266666666666667	3	39	1
0.377777777777778	3	39	1
0.2	3	39	1
0.319148936170213	3	39	1
0.32258064516129	3	39	1
0.292682926829268	3	39	1
0.236842105263158	3	39	1
0.4	3	39	1
0.219512195121951	3	39	1
0.102040816326531	3	39	1
0.196078431372549	3	39	1
0.304347826086957	3	39	1
0.277777777777778	3	39	1
0.25	3	39	1
0.340425531914894	3	39	1
0.219512195121951	3	39	1
0.173076923076923	3	39	1
0.326530612244898	3	39	1
0.297297297297297	3	39	1
0.13953488372093	3	39	1
0.263157894736842	3	39	1
0.184210526315789	3	39	1
0.195121951219512	3	39	1
0.37037037037037	3	39	1
0.275	3	39	1
0.333333333333333	3	39	1
0.194444444444444	3	39	1
0.264705882352941	3	39	1
0.339622641509434	3	39	1
0.1875	3	39	1
0.106382978723404	3	39	1
0.393939393939394	3	39	1
0.35	3	39	1
0.368421052631579	3	39	1
0.372549019607843	3	39	1
0.295454545454545	3	39	1
0.28	3	39	1
0.315789473684211	3	39	1
0.159090909090909	3	39	1
0.205882352941176	3	39	1
0.363636363636364	3	39	1
0.466666666666667	3	39	1
0.295454545454545	3	39	1
0.395348837209302	3	39	1
0.472222222222222	3	39	1
0.285714285714286	3	39	1
0.133333333333333	3	39	1
0.244444444444444	3	39	1
0.236363636363636	3	39	1
0.269230769230769	3	39	1
0.333333333333333	3	39	1
0.333333333333333	3	39	1
0.269230769230769	3	39	1
0.258064516129032	3	39	1
0.193548387096774	3	39	1
0.317073170731707	3	39	1
0.3	3	39	1
0.244897959183673	3	39	1
0.25	3	39	1
0.395348837209302	3	39	1
0.461538461538462	3	39	1
0.297297297297297	3	39	1
0.631578947368421	3	39	1
0.666666666666667	3	39	1
0.413793103448276	3	39	1
0.28	3	39	1
0.5	3	39	1
0.156862745098039	3	39	1
0.341463414634146	3	39	1
0.34375	3	39	1
0.318181818181818	3	39	1
0.166666666666667	3	39	1
0.222222222222222	3	39	1
0.219512195121951	3	39	1
0.258064516129032	3	39	1
0.212121212121212	3	39	1
0.32	3	39	1
0.282608695652174	3	39	1
0.225806451612903	3	39	1
0.2	3	39	1
0.375	3	39	1
0.259259259259259	3	39	1
0.27027027027027	3	39	1
0.285714285714286	3	39	1
0.354166666666667	3	39	1
0.428571428571429	3	39	1
0.342857142857143	3	39	1
0.222222222222222	3	39	1
0.282051282051282	3	39	1
0.375	3	39	1
0.257142857142857	3	39	1
0.166666666666667	3	39	1
0.159090909090909	3	39	1
0.166666666666667	3	39	1
0.38	3	39	1
0.30188679245283	3	39	1
0.393939393939394	3	39	1
0.448275862068966	3	39	1
0.261904761904762	3	39	1
0.2	3	39	1
0.288888888888889	3	39	1
0.245614035087719	3	39	1
0.256410256410256	3	39	1
0.181818181818182	3	39	1
0.302325581395349	3	39	1
0.3	3	39	1
0.384615384615385	3	39	1
0.269230769230769	3	39	1
0.146341463414634	3	39	1
0.266666666666667	3	39	1
0.28	3	39	1
0.303571428571429	3	39	1
0.222222222222222	3	39	1
0.256410256410256	3	39	1
0.296296296296296	3	39	1
0.382978723404255	3	39	1
0.323529411764706	3	39	1
0.375	3	39	1
0.157894736842105	3	39	1
0.32258064516129	3	39	1
0.291666666666667	3	39	1
0.228571428571429	3	39	1
0.304347826086957	3	39	1
0.155555555555556	3	39	1
0.145833333333333	3	39	1
0.212765957446809	3	39	1
0.317073170731707	3	39	1
0.242424242424242	3	39	1
0.25	3	39	1
0.173076923076923	3	39	1
0.176470588235294	3	39	1
0.425	3	39	1
0.529411764705882	3	39	1
0.16	3	39	1
0.428571428571429	3	39	1
0.333333333333333	3	39	1
0.121951219512195	3	39	1
0.540540540540541	3	39	1
0.422222222222222	3	39	1
0.125	3	39	1
0.276595744680851	3	39	1
0.142857142857143	3	39	1
0.244897959183673	3	39	1
0.148936170212766	3	39	1
0.302325581395349	3	39	1
0.156862745098039	3	39	1
0.285714285714286	3	39	1
0.232558139534884	3	39	1
0.222222222222222	3	39	1
0.365853658536585	3	39	1
0.195121951219512	3	39	1
0.297297297297297	3	39	1
0.361111111111111	3	39	1
0.378378378378378	3	39	1
0.230769230769231	3	39	1
0.3125	3	39	1
0.214285714285714	3	39	1
0.225806451612903	3	39	1
0.260869565217391	3	39	1
0.362068965517241	3	39	1
0.236842105263158	3	39	1
0.264705882352941	3	39	1
0.391304347826087	3	39	1
0.225	3	39	1
0.179487179487179	3	39	1
0.738095238095238	3	39	1
0.130434782608696	3	39	1
0.142857142857143	3	39	1
0.136363636363636	3	39	1
0.2	3	39	1
0.290322580645161	3	39	1
0.14	3	39	1
0.157894736842105	3	39	1
0.3125	3	39	1
0.285714285714286	3	39	1
0.32258064516129	3	39	1
0.145833333333333	3	39	1
0.2	3	39	1
0.239130434782609	3	39	1
0.285714285714286	3	39	1
0.272727272727273	3	39	1
0.769230769230769	3	39	1
0.28125	3	39	1
0.116279069767442	3	39	1
0.371428571428571	3	39	1
0.217391304347826	3	39	1
0.391304347826087	3	39	1
0.137254901960784	3	39	1
0.4	3	39	1
0.263157894736842	3	39	1
0.333333333333333	3	39	1
0.272727272727273	3	39	1
0.289473684210526	3	39	1
0.222222222222222	3	39	1
0.260869565217391	3	39	1
0.260869565217391	3	39	1
0.269230769230769	3	39	1
0.181818181818182	3	39	1
0.233333333333333	3	39	1
0.391304347826087	3	39	1
0.176470588235294	3	39	1
0.1875	3	39	1
0.224489795918367	3	39	1
0.217391304347826	3	39	1
0.106382978723404	3	39	1
0.324324324324324	3	39	1
0.34	3	39	1
0.277777777777778	3	39	1
0.358974358974359	3	39	1
0.333333333333333	3	39	1
0.238095238095238	3	39	1
0.127272727272727	3	39	1
0.206896551724138	3	39	1
0.114285714285714	3	39	1
0.146341463414634	3	39	1
0.209302325581395	3	39	1
0.222222222222222	3	39	1
0.34	3	39	1
0.162162162162162	3	39	1
0.14	3	39	1
0.193548387096774	3	39	1
0.346153846153846	3	39	1
0.346153846153846	3	39	1
0.368421052631579	3	39	1
0.14	3	39	1
0.372549019607843	3	39	1
0.44	3	39	1
0.285714285714286	3	39	1
0.212121212121212	3	39	1
0.27027027027027	3	39	1
0.292682926829268	3	39	1
0.203703703703704	3	39	1
0.352941176470588	3	39	1
0.3	3	39	1
0.297872340425532	3	39	1
0.3	3	39	1
0.358974358974359	3	39	1
0.263157894736842	3	39	1
0.4	3	39	1
0.408163265306122	3	39	1
0.288461538461538	3	39	1
0.27906976744186	3	39	1
0.212765957446809	3	39	1
0.111111111111111	3	39	1
0.264150943396226	3	39	1
0.261904761904762	3	39	1
0.317073170731707	3	39	1
0.351351351351351	3	39	1
0.375	3	39	1
0.289473684210526	3	39	1
0.439024390243902	3	39	1
0.217391304347826	3	39	1
0.127272727272727	3	39	1
0.114285714285714	3	39	1
0.272727272727273	3	39	1
0.264705882352941	3	39	1
0.193548387096774	3	39	1
0.416666666666667	3	39	1
0.1875	3	39	1
0.121212121212121	3	39	1
0.264150943396226	3	39	1
0.233333333333333	3	39	1
0.340909090909091	3	39	1
0.323529411764706	3	39	1
0.289473684210526	3	39	1
0.291666666666667	3	39	1
0.0961538461538462	3	39	1
0.136363636363636	3	39	1
0.372093023255814	3	39	1
0.428571428571429	3	39	1
0.289473684210526	3	39	1
0.205882352941176	3	39	1
0.125	3	39	1
0.4	3	39	1
0.205882352941176	3	39	1
0.12	3	39	1
0.258064516129032	3	39	1
0.204545454545455	3	39	1
0.230769230769231	3	39	1
0.3	3	39	1
0.272727272727273	3	39	1
0.26530612244898	3	39	1
0.228571428571429	3	39	1
0.285714285714286	3	39	1
0.269230769230769	3	39	1
0.272727272727273	3	39	1
0.325	3	39	1
0.411764705882353	3	39	1
0.114285714285714	3	39	1
0.391304347826087	3	39	1
0.241379310344828	3	39	1
0.315789473684211	3	39	1
0.297872340425532	3	39	1
0.326923076923077	3	39	1
0.16	3	39	1
0.386363636363636	3	39	1
0.241379310344828	3	39	1
0.28	3	39	1
0.157894736842105	3	39	1
0.166666666666667	3	39	1
0.146341463414634	3	39	1
0.166666666666667	3	39	1
0.315789473684211	3	39	1
0.416666666666667	3	39	1
0.352941176470588	3	39	1
0.45	3	39	1
0.344827586206897	3	39	1
0.357142857142857	3	39	1
0.380952380952381	3	39	1
0.391304347826087	3	39	1
0.419354838709677	3	39	1
0.375	3	39	1
0.119047619047619	3	39	1
0.289473684210526	3	39	1
0.333333333333333	3	39	1
0.181818181818182	3	39	1
0.306122448979592	3	39	1
0.325	3	39	1
0.307692307692308	3	39	1
0.421052631578947	3	39	1
0.133333333333333	3	39	1
0.416666666666667	3	39	1
0.423728813559322	3	39	1
0.304347826086957	3	39	1
0.341463414634146	3	39	1
0.275	3	39	1
0.263157894736842	3	39	1
0.365853658536585	3	39	1
0.459459459459459	3	39	1
0.459459459459459	3	39	1
0.25	3	39	1
0.5	3	39	1
0.325	3	39	1
0.222222222222222	3	39	1
0.0925925925925926	3	39	1
0.151515151515152	3	39	1
0.242424242424242	3	39	1
0.4	3	39	1
0.14	3	39	1
0.152173913043478	3	39	1
0.27906976744186	3	39	1
0.214285714285714	3	39	1
0.365853658536585	3	39	1
0.233333333333333	3	39	1
0.352941176470588	3	39	1
0.225	3	39	1
0.210526315789474	3	39	1
0.130434782608696	3	39	1
0.181818181818182	3	39	1
0.352941176470588	3	39	1
0.116666666666667	3	39	1
0.318181818181818	3	39	1
0.483870967741935	3	39	1
0.296296296296296	3	39	1
0.4	3	39	1
0.125	3	39	1
0.318181818181818	3	39	1
0.333333333333333	3	39	1
0.272727272727273	3	39	1
0.122448979591837	3	39	1
0.25	3	39	1
0.25	3	39	1
0.185185185185185	3	39	1
0.25	3	39	1
0.170731707317073	3	39	1
0.25	3	39	1
0.411764705882353	3	39	1
0.3	3	39	1
0.363636363636364	3	39	1
0.45	3	39	1
0.4	3	39	1
0.195652173913043	3	39	1
0.44	3	39	1
0.325581395348837	3	39	1
0.2	3	39	1
0.256410256410256	3	39	1
0.244897959183673	3	39	1
0.170212765957447	3	39	1
0.272727272727273	3	39	1
0.270833333333333	3	39	1
0.256410256410256	3	39	1
0.428571428571429	3	39	1
0.189189189189189	3	39	1
0.375	3	39	1
0.292682926829268	3	39	1
0.37037037037037	3	39	1
0.129032258064516	3	39	1
0.256410256410256	3	39	1
0.4	3	39	1
0.75	3	39	1
0.228571428571429	3	39	1
0.369565217391304	3	39	1
0.153846153846154	3	39	1
0.263157894736842	3	39	1
0.295081967213115	3	39	1
0.127659574468085	3	39	1
0.345454545454545	3	39	1
0.461538461538462	3	39	1
0.21875	3	39	1
0.13953488372093	3	39	1
0.1875	3	39	1
0.285714285714286	3	39	1
0.176470588235294	3	39	1
0.325581395348837	3	39	1
0.625	3	39	1
0.295454545454545	3	39	1
0.428571428571429	3	39	1
0.134615384615385	3	39	1
0.333333333333333	3	39	1
0.228070175438596	3	39	1
0.255813953488372	3	39	1
0.292682926829268	3	39	1
0.365853658536585	3	39	1
0.375	3	39	1
0.269230769230769	3	39	1
0.363636363636364	3	39	1
0.206896551724138	3	39	1
0.285714285714286	3	39	1
0.347826086956522	3	39	1
0.285714285714286	3	39	1
0.422222222222222	3	39	1
0.62	3	39	1
0.264150943396226	3	39	1
0.387096774193548	3	39	1
0.523809523809524	3	39	1
0.232558139534884	3	39	1
0.19047619047619	3	39	1
0.274509803921569	3	39	1
0.366666666666667	3	39	1
0.25	3	39	1
0.285714285714286	3	39	1
0.134615384615385	3	39	1
0.304347826086957	3	39	1
0.5	3	39	1
0.162790697674419	3	39	1
0.625	3	39	1
0.0961538461538462	3	39	1
0.1	3	39	1
0.3	3	39	1
0.730769230769231	3	39	1
0.464285714285714	3	39	1
0.257142857142857	3	39	1
0.166666666666667	3	39	1
0.28	3	39	1
0.166666666666667	3	39	1
0.333333333333333	3	39	1
0.228571428571429	3	39	1
0.3	3	39	1
0.35	3	39	1
0.378378378378378	3	39	1
0.292682926829268	3	39	1
0.2	3	39	1
0.311111111111111	3	39	1
0.314285714285714	3	39	1
0.351351351351351	3	39	1
0.378378378378378	3	39	1
0.428571428571429	3	39	1
0.166666666666667	3	39	1
0.470588235294118	3	39	1
0.342857142857143	3	39	1
0.111111111111111	3	39	1
0.3	3	39	1
0.324324324324324	3	39	1
0.25	3	39	1
0.263157894736842	3	39	1
0.722222222222222	3	39	1
0.21875	3	39	1
0.315789473684211	3	39	1
0.133333333333333	3	39	1
0.245614035087719	3	39	1
0.432432432432432	3	39	1
0.468085106382979	3	39	1
0.358974358974359	3	39	1
0.159090909090909	3	39	1
0.442307692307692	3	39	1
0.275862068965517	3	39	1
0.266666666666667	3	39	1
0.1875	3	39	1
0.225	3	39	1
0.227272727272727	3	39	1
0.371428571428571	3	39	1
0.282051282051282	3	39	1
0.2	3	39	1
0.396551724137931	3	39	1
0.17741935483871	3	39	1
0.404761904761905	3	39	1
0.375	3	39	1
0.358490566037736	3	39	1
0.113636363636364	3	39	1
0.424242424242424	3	39	1
0.25	3	39	1
0.384615384615385	3	39	1
0.461538461538462	3	39	1
0.3	3	39	1
0.259259259259259	3	39	1
0.13953488372093	3	39	1
0.317073170731707	3	39	1
0.142857142857143	3	39	1
0.1	3	39	1
0.409090909090909	3	39	1
0.148936170212766	3	39	1
0.1	3	39	1
0.363636363636364	3	39	1
0.285714285714286	3	39	1
0.113207547169811	3	39	1
0.155555555555556	3	39	1
0.392857142857143	3	39	1
0.268292682926829	3	39	1
0.234042553191489	3	39	1
0.204545454545455	3	39	1
0.28125	3	39	1
0.272727272727273	3	39	1
0.515151515151515	3	39	1
0.113636363636364	3	39	1
0.511627906976744	3	39	1
0.184210526315789	3	39	1
0.184210526315789	3	39	1
0.176470588235294	3	39	1
0.15	3	39	1
0.116279069767442	3	39	1
0.208333333333333	3	39	1
0.225	3	39	1
0.25	3	39	1
0.25	3	39	1
0.454545454545455	3	39	1
0.189189189189189	3	39	1
0.117647058823529	3	39	1
0.310344827586207	3	39	1
0.225806451612903	3	39	1
0.270833333333333	3	39	1
0.8	3	39	1
0.325581395348837	3	39	1
0.21875	3	39	1
0.305555555555556	3	39	1
0.408163265306122	3	39	1
0.317460317460317	3	39	1
0.222222222222222	3	39	1
0.193548387096774	3	39	1
0.3	3	39	1
0.695652173913043	3	39	1
0.230769230769231	3	39	1
0.314285714285714	3	39	1
0.170731707317073	3	39	1
0.333333333333333	3	39	1
0.205882352941176	3	39	1
0.146341463414634	3	39	1
0.333333333333333	3	39	1
0.179487179487179	3	39	1
0.184210526315789	3	39	1
0.222222222222222	3	39	1
0.303030303030303	3	39	1
0.285714285714286	3	39	1
0.166666666666667	3	39	1
0.2	3	39	1
0.155555555555556	3	39	1
0.219512195121951	3	39	1
0.232142857142857	3	39	1
0.302325581395349	3	39	1
0.297872340425532	3	39	1
0.304347826086957	3	39	1
0.444444444444444	3	39	1
0.146341463414634	3	39	1
0.342857142857143	3	39	1
0.325	3	39	1
0.2	3	39	1
0.361111111111111	3	39	1
0.636363636363636	3	39	1
0.8	3	39	1
0.476190476190476	3	39	1
0.235294117647059	3	39	1
0.225806451612903	3	39	1
0.130434782608696	3	39	1
0.366666666666667	3	39	1
0.230769230769231	3	39	1
0.319148936170213	3	39	1
0.341463414634146	3	39	1
0.260869565217391	3	39	1
0.264705882352941	3	39	1
0.292682926829268	3	39	1
0.146341463414634	3	39	1
0.326086956521739	3	39	1
0.146341463414634	3	39	1
0.243243243243243	3	39	1
0.314285714285714	3	39	1
0.375	3	39	1
0.159420289855072	3	39	1
0.162162162162162	3	39	1
0.176470588235294	3	39	1
0.173913043478261	3	39	1
0.222222222222222	4	50	1
0.205128205128205	4	50	1
0.0704225352112676	4	50	1
0.590909090909091	4	50	1
0.206896551724138	4	50	1
0.140845070422535	4	50	1
0.315068493150685	4	50	1
0.157894736842105	4	50	1
0.192307692307692	4	50	1
0.196428571428571	4	50	1
0.176470588235294	4	50	1
0.424242424242424	4	50	1
1	4	50	1
0.125	4	50	1
0.215686274509804	4	50	1
0.225806451612903	4	50	1
0.338709677419355	4	50	1
0.409090909090909	4	50	1
0.113207547169811	4	50	1
0.204081632653061	4	50	1
0.254545454545455	4	50	1
0.378378378378378	4	50	1
0.2	4	50	1
0.150943396226415	4	50	1
0.275862068965517	4	50	1
0.204081632653061	4	50	1
0.206896551724138	4	50	1
0.230769230769231	4	50	1
0.326923076923077	4	50	1
0.170212765957447	4	50	1
0.142857142857143	4	50	1
0.39344262295082	4	50	1
0.316666666666667	4	50	1
0.25	4	50	1
0.173076923076923	4	50	1
0.111111111111111	4	50	1
0.122448979591837	4	50	1
0.183333333333333	4	50	1
0.35	4	50	1
0.274193548387097	4	50	1
0.11864406779661	4	50	1
0.218181818181818	4	50	1
0.333333333333333	4	50	1
0.210526315789474	4	50	1
0.229166666666667	4	50	1
0.238095238095238	4	50	1
0.375	4	50	1
0.285714285714286	4	50	1
0.295081967213115	4	50	1
0.141025641025641	4	50	1
0.202898550724638	4	50	1
0.245283018867925	4	50	1
0.216216216216216	4	50	1
0.194805194805195	4	50	1
0.162790697674419	4	50	1
0.102040816326531	4	50	1
0.0869565217391304	4	50	1
0.0983606557377049	4	50	1
0.175	4	50	1
0.157894736842105	4	50	1
0.324324324324324	4	50	1
0.2	4	50	1
0.304347826086957	4	50	1
0.19672131147541	4	50	1
0.246376811594203	4	50	1
0.142857142857143	4	50	1
0.238095238095238	4	50	1
0.133333333333333	4	50	1
0.266666666666667	4	50	1
0.227272727272727	4	50	1
0.233333333333333	4	50	1
0.260869565217391	4	50	1
0.170212765957447	4	50	1
0.222222222222222	4	50	1
0.125	4	50	1
0.346153846153846	4	50	1
0.0819672131147541	4	50	1
0.19047619047619	4	50	1
0.189189189189189	4	50	1
0.3	4	50	1
0.155172413793103	4	50	1
0.109090909090909	4	50	1
0.17741935483871	4	50	1
0.103448275862069	4	50	1
0.1	4	50	1
0.114754098360656	4	50	1
0.361702127659574	4	50	1
0.0921052631578947	4	50	1
0.346153846153846	4	50	1
0.338461538461538	4	50	1
0.12280701754386	4	50	1
0.215384615384615	4	50	1
0.344827586206897	4	50	1
0.227272727272727	4	50	1
0.16	4	50	1
0.279411764705882	4	50	1
0.150943396226415	4	50	1
0.114754098360656	4	50	1
0.203703703703704	4	50	1
0.227272727272727	4	50	1
0.196969696969697	4	50	1
0.0694444444444444	4	50	1
0.218181818181818	4	50	1
0.475	4	50	1
0.315068493150685	4	50	1
0.3	4	50	1
0.170731707317073	4	50	1
0.166666666666667	4	50	1
0.24390243902439	4	50	1
0.157894736842105	4	50	1
0.125	4	50	1
0.0943396226415094	4	50	1
0.193548387096774	4	50	1
0.25	4	50	1
0.0641025641025641	4	50	1
0.176470588235294	4	50	1
0.163265306122449	4	50	1
0.333333333333333	4	50	1
0.275862068965517	4	50	1
0.233333333333333	4	50	1
0.173076923076923	4	50	1
0.296296296296296	4	50	1
0.666666666666667	4	50	1
0.681818181818182	4	50	1
0.172413793103448	4	50	1
0.205128205128205	4	50	1
0.135593220338983	4	50	1
0.260869565217391	4	50	1
0.260869565217391	4	50	1
0.291666666666667	4	50	1
0.76	4	50	1
0.0943396226415094	4	50	1
0.163265306122449	4	50	1
0.136363636363636	4	50	1
0.142857142857143	4	50	1
0.344827586206897	4	50	1
0.1	4	50	1
0.305555555555556	4	50	1
0.184210526315789	4	50	1
0.113636363636364	4	50	1
0.157894736842105	4	50	1
0.390243902439024	4	50	1
0.148648648648649	4	50	1
0.333333333333333	4	50	1
0.55	4	50	1
0.5	4	50	1
0.153846153846154	4	50	1
0.19672131147541	4	50	1
0.277777777777778	4	50	1
0.120689655172414	4	50	1
0.206896551724138	4	50	1
0.152542372881356	4	50	1
0.3	4	50	1
0.586666666666667	4	50	1
0.254901960784314	4	50	1
0.275862068965517	4	50	1
0.266666666666667	4	50	1
0.150943396226415	4	50	1
0.166666666666667	4	50	1
0.229166666666667	4	50	1
0.126984126984127	4	50	1
0.102941176470588	4	50	1
0.159420289855072	4	50	1
0.16	4	50	1
0.116666666666667	4	50	1
0.27027027027027	4	50	1
0.206349206349206	4	50	1
0.175	4	50	1
0.253968253968254	4	50	1
0.146341463414634	4	50	1
0.230769230769231	4	50	1
0.159420289855072	4	50	1
0.166666666666667	4	50	1
0.1875	4	50	1
0.388888888888889	4	50	1
0.256410256410256	4	50	1
0.13953488372093	4	50	1
0.179487179487179	4	50	1
0.372549019607843	4	50	1
0.15	4	50	1
0.157894736842105	4	50	1
0.230769230769231	4	50	1
0.25	4	50	1
0.225	4	50	1
0.11864406779661	4	50	1
0.163265306122449	4	50	1
0.202702702702703	4	50	1
0.123287671232877	4	50	1
0.148648648648649	4	50	1
0.224489795918367	4	50	1
0.175	4	50	1
0.104166666666667	4	50	1
0.222222222222222	4	50	1
0.155172413793103	4	50	1
0.3125	4	50	1
0.18	4	50	1
0.125	4	50	1
0.26530612244898	4	50	1
0.214285714285714	4	50	1
0.27027027027027	4	50	1
0.171428571428571	4	50	1
0.156862745098039	4	50	1
0.351851851851852	4	50	1
