VAF	CN	avg.depth	purity
0.136363636363636	1	23	1
0.176470588235294	1	23	1
0.157894736842105	1	23	1
0.166666666666667	1	23	1
0.130434782608696	1	23	1
0.166666666666667	1	23	1
0.136363636363636	1	23	1
0.375	1	23	1
0.2	1	23	1
0.130434782608696	1	23	1
0.136363636363636	1	23	1
0.142857142857143	1	23	1
0.181818181818182	1	23	1
0.129032258064516	1	23	1
0.136363636363636	1	23	1
0.15	1	23	1
0.136363636363636	1	23	1
0.136363636363636	1	23	1
0.115384615384615	1	23	1
0.136363636363636	1	23	1
0.136363636363636	1	23	1
0.125	1	23	1
0.130434782608696	1	23	1
0.15	1	23	1
0.125	1	23	1
0.166666666666667	1	23	1
0.157894736842105	1	23	1
0.157894736842105	1	23	1
0.130434782608696	1	23	1
0.142857142857143	1	23	1
0.214285714285714	1	23	1
0.130434782608696	1	23	1
0.115384615384615	1	23	1
0.818181818181818	1	23	1
0.12	1	23	1
0.125	1	23	1
0.12	1	23	1
0.230769230769231	1	23	1
0.15	1	23	1
0.157894736842105	1	23	1
0.125	1	23	1
0.12	1	23	1
0.157894736842105	1	23	1
0.864864864864865	1	23	1
0.12	1	23	1
0.724137931034483	1	23	1
0.12	1	23	1
0.115384615384615	1	23	1
0.833333333333333	1	23	1
0.136363636363636	1	23	1
0.12	1	23	1
0.130434782608696	1	23	1
0.12	1	23	1
0.111111111111111	1	23	1
0.142857142857143	1	23	1
0.115384615384615	1	23	1
0.121212121212121	1	23	1
0.115384615384615	1	23	1
0.136363636363636	1	23	1
0.142857142857143	1	23	1
0.12	1	23	1
0.142857142857143	1	23	1
0.125	1	23	1
0.142857142857143	1	23	1
0.142857142857143	1	23	1
0.115384615384615	1	23	1
0.15	1	23	1
0.15	1	23	1
0.153846153846154	1	23	1
0.125	1	23	1
0.157894736842105	1	23	1
0.142857142857143	1	23	1
0.142857142857143	1	23	1
0.142857142857143	1	23	1
0.125	1	23	1
0.133333333333333	1	23	1
0.625	1	23	1
0.1875	1	23	1
0.130434782608696	1	23	1
0.166666666666667	1	23	1
0.130434782608696	1	23	1
0.115384615384615	1	23	1
0.142857142857143	1	23	1
0.157894736842105	1	23	1
0.12	1	23	1
0.125	1	23	1
0.176470588235294	1	23	1
0.142857142857143	1	23	1
0.176470588235294	1	23	1
0.111111111111111	1	23	1
0.142857142857143	1	23	1
0.136363636363636	1	23	1
0.125	1	23	1
0.115384615384615	1	23	1
0.157894736842105	1	23	1
0.1875	1	23	1
0.125	1	23	1
0.12	1	23	1
0.130434782608696	1	23	1
0.125	1	23	1
0.428571428571429	1	23	1
0.130434782608696	1	23	1
0.166666666666667	1	23	1
0.12	1	23	1
0.15	1	23	1
0.136363636363636	1	23	1
0.136363636363636	1	23	1
0.166666666666667	1	23	1
0.136363636363636	1	23	1
0.125	1	23	1
0.15	1	23	1
0.166666666666667	1	23	1
0.16	1	23	1
0.166666666666667	1	23	1
0.15	1	23	1
0.130434782608696	1	23	1
0.157894736842105	1	23	1
0.157894736842105	1	23	1
0.136363636363636	1	23	1
0.153846153846154	1	23	1
0.12	1	23	1
0.12	1	23	1
0.125	1	23	1
0.157894736842105	1	23	1
0.136363636363636	1	23	1
0.115384615384615	1	23	1
0.157894736842105	1	23	1
0.115384615384615	1	23	1
0.25	1	23	1
0.157894736842105	1	23	1
0.157894736842105	1	23	1
0.130434782608696	1	23	1
0.142857142857143	1	23	1
0.136363636363636	1	23	1
0.137931034482759	1	23	1
0.214285714285714	1	23	1
0.130434782608696	1	23	1
0.157894736842105	1	23	1
0.142857142857143	1	23	1
0.130434782608696	1	23	1
0.12	1	23	1
0.115384615384615	1	23	1
0.166666666666667	1	23	1
0.15	1	23	1
0.125	1	23	1
0.115384615384615	1	23	1
0.12	1	23	1
0.142857142857143	1	23	1
0.166666666666667	1	23	1
0.15	1	23	1
0.125	1	23	1
0.125	1	23	1
0.12	1	23	1
0.121212121212121	1	23	1
0.115384615384615	1	23	1
0.12	1	23	1
0.157894736842105	1	23	1
0.12	1	23	1
0.15	1	23	1
0.2	1	23	1
0.214285714285714	1	23	1
0.142857142857143	1	23	1
0.115384615384615	1	23	1
0.12	1	23	1
0.166666666666667	1	23	1
0.166666666666667	1	23	1
0.136363636363636	1	23	1
0.125	1	23	1
0.130434782608696	1	23	1
0.105263157894737	1	23	1
0.15	1	23	1
0.956521739130435	1	23	1
0.15	1	23	1
0.115384615384615	1	23	1
0.148148148148148	1	23	1
0.903225806451613	1	23	1
0.12	1	23	1
0.15	1	23	1
0.115384615384615	1	23	1
0.115384615384615	1	23	1
0.125	1	23	1
0.111111111111111	1	23	1
0.114285714285714	1	23	1
0.12	1	23	1
0.115384615384615	1	23	1
0.12	1	23	1
0.136363636363636	1	23	1
0.130434782608696	1	23	1
0.107142857142857	1	23	1
0.166666666666667	1	23	1
0.136363636363636	1	23	1
0.15	1	23	1
0.806451612903226	1	23	1
0.125	1	23	1
0.136363636363636	1	23	1
0.130434782608696	1	23	1
0.136363636363636	1	23	1
0.12	1	23	1
0.272727272727273	1	23	1
0.928571428571429	1	23	1
0.130434782608696	1	23	1
0.15	1	23	1
0.125	1	23	1
0.125	1	23	1
0.142857142857143	1	23	1
0.157894736842105	1	23	1
0.15	1	23	1
0.80952380952381	1	23	1
0.137931034482759	1	23	1
0.176470588235294	1	23	1
0.142857142857143	1	23	1
0.15	1	23	1
0.15	1	23	1
0.130434782608696	1	23	1
0.15	1	23	1
0.115384615384615	1	23	1
0.166666666666667	1	23	1
0.16	1	23	1
0.15	1	23	1
0.15	1	23	1
0.115384615384615	1	23	1
0.142857142857143	1	23	1
0.142857142857143	1	23	1
0.12	1	23	1
0.12	1	23	1
0.130434782608696	1	23	1
0.136363636363636	1	23	1
0.136363636363636	1	23	1
0.107142857142857	1	23	1
0.115384615384615	1	23	1
0.185185185185185	1	23	1
0.12	1	23	1
0.142857142857143	1	23	1
0.130434782608696	1	23	1
0.166666666666667	1	23	1
0.130434782608696	1	23	1
0.125	1	23	1
0.107142857142857	1	23	1
0.107142857142857	1	23	1
0.125	1	23	1
0.115384615384615	1	23	1
0.136363636363636	1	23	1
0.125	1	23	1
0.12	1	23	1
0.15	1	23	1
0.130434782608696	1	23	1
0.111111111111111	1	23	1
0.157894736842105	1	23	1
0.125	1	23	1
0.12	1	23	1
0.142857142857143	1	23	1
0.15	1	23	1
0.12	1	23	1
0.125	1	23	1
0.136363636363636	1	23	1
0.130434782608696	1	23	1
0.115384615384615	1	23	1
0.142857142857143	1	23	1
0.107142857142857	1	23	1
0.125	1	23	1
0.111111111111111	1	23	1
0.111111111111111	1	23	1
0.111111111111111	1	23	1
0.130434782608696	1	23	1
0.130434782608696	1	23	1
0.157894736842105	1	23	1
0.125	1	23	1
0.12	1	23	1
0.12	1	23	1
0.166666666666667	1	23	1
0.12	1	23	1
0.136363636363636	1	23	1
0.107142857142857	1	23	1
0.12	1	23	1
0.157894736842105	1	23	1
0.121212121212121	1	23	1
0.166666666666667	1	23	1
0.148148148148148	1	23	1
0.176470588235294	1	23	1
0.125	1	23	1
0.125	1	23	1
0.136363636363636	1	23	1
0.125	1	23	1
0.111111111111111	1	23	1
0.142857142857143	1	23	1
0.125	1	23	1
0.125	1	23	1
0.176470588235294	1	23	1
0.121212121212121	1	23	1
0.130434782608696	1	23	1
0.166666666666667	1	23	1
0.142857142857143	1	23	1
0.115384615384615	1	23	1
0.115384615384615	1	23	1
0.142857142857143	1	23	1
0.12	1	23	1
0.12	1	23	1
0.12	1	23	1
0.130434782608696	1	23	1
0.130434782608696	1	23	1
0.125	1	23	1
0.125	1	23	1
0.12	1	23	1
0.157894736842105	1	23	1
0.136363636363636	1	23	1
0.176470588235294	1	23	1
0.12	1	23	1
0.111111111111111	1	23	1
0.115384615384615	1	23	1
0.15	1	23	1
0.12	1	23	1
0.12	1	23	1
0.125	1	23	1
0.166666666666667	1	23	1
0.157894736842105	1	23	1
0.130434782608696	1	23	1
0.15	1	23	1
0.157894736842105	1	23	1
0.136363636363636	1	23	1
0.12	1	23	1
0.115384615384615	1	23	1
0.19047619047619	1	23	1
0.111111111111111	1	23	1
0.107142857142857	1	23	1
0.157894736842105	1	23	1
0.125	1	23	1
0.130434782608696	1	23	1
0.1875	1	23	1
0.142857142857143	1	23	1
0.15	1	23	1
0.115384615384615	1	23	1
0.136363636363636	1	23	1
0.111111111111111	1	23	1
0.137931034482759	1	23	1
0.136363636363636	1	23	1
0.157894736842105	1	23	1
0.15	1	23	1
0.130434782608696	1	23	1
0.130434782608696	1	23	1
0.15	1	23	1
0.142857142857143	1	23	1
0.12	1	23	1
0.157894736842105	1	23	1
0.12	1	23	1
0.107142857142857	1	23	1
0.136363636363636	1	23	1
0.142857142857143	1	23	1
0.115384615384615	1	23	1
0.12	1	23	1
0.125	1	23	1
0.15	1	23	1
0.130434782608696	1	23	1
0.125	1	23	1
0.142857142857143	1	23	1
0.941176470588235	1	23	1
0.125	1	23	1
0.166666666666667	1	23	1
0.142857142857143	1	23	1
0.142857142857143	1	23	1
0.115384615384615	1	23	1
0.111111111111111	1	23	1
0.529411764705882	1	23	1
0.15	1	23	1
0.136363636363636	1	23	1
0.129032258064516	1	23	1
0.16	1	23	1
0.12	1	23	1
0.130434782608696	1	23	1
0.176470588235294	1	23	1
0.866666666666667	1	23	1
0.12	1	23	1
0.181818181818182	1	23	1
0.142857142857143	1	23	1
0.1875	1	23	1
0.157894736842105	1	23	1
0.136363636363636	1	23	1
0.825	1	23	1
0.142857142857143	1	23	1
0.157894736842105	1	23	1
0.136363636363636	1	23	1
0.136363636363636	1	23	1
0.125	1	23	1
0.3	1	23	1
0.12	1	23	1
0.15	1	23	1
0.157894736842105	1	23	1
0.12	1	23	1
0.15	1	23	1
0.142857142857143	1	23	1
0.130434782608696	1	23	1
0.142857142857143	1	23	1
0.12	1	23	1
0.12	1	23	1
0.12	1	23	1
0.111111111111111	1	23	1
0.142857142857143	1	23	1
0.125	1	23	1
0.111111111111111	1	23	1
0.189189189189189	1	23	1
0.12	1	23	1
0.125	1	23	1
0.115384615384615	1	23	1
0.125	1	23	1
0.15	1	23	1
0.111111111111111	1	23	1
0.15	1	23	1
0.136363636363636	1	23	1
0.157894736842105	1	23	1
0.115384615384615	1	23	1
0.115384615384615	1	23	1
0.12	1	23	1
0.1875	1	23	1
0.142857142857143	1	23	1
0.15	1	23	1
0.130434782608696	1	23	1
0.166666666666667	1	23	1
0.12	1	23	1
0.12	1	23	1
0.130434782608696	1	23	1
0.115384615384615	1	23	1
0.130434782608696	1	23	1
0.15	1	23	1
0.228571428571429	2	34	1
0.15	2	34	1
0.12	2	34	1
0.35	2	34	1
0.151515151515152	2	34	1
0.125	2	34	1
0.162162162162162	2	34	1
0.179487179487179	2	34	1
0.142857142857143	2	34	1
0.115384615384615	2	34	1
0.157894736842105	2	34	1
0.214285714285714	2	34	1
0.4	2	34	1
0.156862745098039	2	34	1
0.222222222222222	2	34	1
0.346153846153846	2	34	1
0.137931034482759	2	34	1
0.125	2	34	1
0.115384615384615	2	34	1
0.111111111111111	2	34	1
0.125	2	34	1
0.166666666666667	2	34	1
0.107142857142857	2	34	1
0.130434782608696	2	34	1
0.119047619047619	2	34	1
0.425	2	34	1
0.115384615384615	2	34	1
0.208333333333333	2	34	1
0.149253731343284	2	34	1
0.104761904761905	2	34	1
0.428571428571429	2	34	1
0.115384615384615	2	34	1
0.15	2	34	1
0.15	2	34	1
0.243243243243243	2	34	1
0.121212121212121	2	34	1
0.148148148148148	2	34	1
0.5	2	34	1
0.235294117647059	2	34	1
0.243243243243243	2	34	1
0.115384615384615	2	34	1
0.119047619047619	2	34	1
0.125	2	34	1
0.117647058823529	2	34	1
0.266666666666667	2	34	1
0.175	2	34	1
0.102564102564103	2	34	1
0.107142857142857	2	34	1
0.107142857142857	2	34	1
0.25	2	34	1
0.114285714285714	2	34	1
0.137931034482759	2	34	1
0.125	2	34	1
0.16	2	34	1
0.130434782608696	2	34	1
0.24	2	34	1
0.125	2	34	1
0.138888888888889	2	34	1
0.466666666666667	2	34	1
0.157894736842105	2	34	1
0.244444444444444	2	34	1
0.115384615384615	2	34	1
0.230769230769231	2	34	1
0.542857142857143	2	34	1
0.225	2	34	1
0.111111111111111	2	34	1
0.25	2	34	1
0.358974358974359	2	34	1
0.153846153846154	2	34	1
0.431818181818182	2	34	1
0.268292682926829	2	34	1
0.142857142857143	2	34	1
0.15	2	34	1
0.114285714285714	2	34	1
0.142857142857143	2	34	1
0.155555555555556	2	34	1
0.114285714285714	2	34	1
0.12	2	34	1
0.244444444444444	2	34	1
0.387096774193548	2	34	1
0.12	2	34	1
0.111111111111111	2	34	1
0.12	2	34	1
0.147058823529412	2	34	1
0.111111111111111	2	34	1
0.138888888888889	2	34	1
0.117647058823529	2	34	1
0.55	2	34	1
0.177777777777778	2	34	1
0.214285714285714	2	34	1
0.468085106382979	2	34	1
0.108108108108108	2	34	1
0.142857142857143	2	34	1
0.448979591836735	2	34	1
0.133333333333333	2	34	1
0.523809523809524	2	34	1
0.303030303030303	2	34	1
0.146341463414634	2	34	1
0.346153846153846	2	34	1
0.346153846153846	2	34	1
0.519230769230769	2	34	1
0.119047619047619	2	34	1
0.333333333333333	2	34	1
0.48	2	34	1
0.115384615384615	2	34	1
0.105263157894737	2	34	1
0.111111111111111	2	34	1
0.107142857142857	2	34	1
0.4	2	34	1
0.125	2	34	1
0.205882352941176	2	34	1
0.0975609756097561	2	34	1
0.375	2	34	1
0.434782608695652	2	34	1
0.121951219512195	2	34	1
0.0980392156862745	2	34	1
0.0961538461538462	2	34	1
0.487179487179487	2	34	1
0.12	2	34	1
0.1875	2	34	1
0.125	2	34	1
0.12	2	34	1
0.210526315789474	2	34	1
0.115384615384615	2	34	1
0.285714285714286	2	34	1
0.125	2	34	1
0.166666666666667	2	34	1
0.514285714285714	2	34	1
0.1	2	34	1
0.290322580645161	2	34	1
0.121212121212121	2	34	1
0.107142857142857	2	34	1
0.244897959183673	2	34	1
0.358974358974359	2	34	1
0.130434782608696	2	34	1
0.111111111111111	2	34	1
0.106382978723404	2	34	1
0.129032258064516	2	34	1
0.277777777777778	2	34	1
0.125	2	34	1
0.433333333333333	2	34	1
0.129032258064516	2	34	1
0.421052631578947	2	34	1
0.106382978723404	2	34	1
0.130434782608696	2	34	1
0.24	2	34	1
0.115384615384615	2	34	1
0.115384615384615	2	34	1
0.4	2	34	1
0.142857142857143	2	34	1
0.108695652173913	2	34	1
0.111111111111111	2	34	1
0.194444444444444	2	34	1
0.152173913043478	2	34	1
0.108108108108108	2	34	1
0.105263157894737	2	34	1
0.326530612244898	2	34	1
0.416666666666667	2	34	1
0.447368421052632	2	34	1
0.428571428571429	2	34	1
0.115384615384615	2	34	1
0.259259259259259	2	34	1
0.130434782608696	2	34	1
0.119047619047619	2	34	1
0.461538461538462	2	34	1
0.115384615384615	2	34	1
0.114285714285714	2	34	1
0.108108108108108	2	34	1
0.117647058823529	2	34	1
0.142857142857143	2	34	1
0.125	2	34	1
0.142857142857143	2	34	1
0.489795918367347	2	34	1
0.0980392156862745	2	34	1
0.114285714285714	2	34	1
0.145833333333333	2	34	1
0.130434782608696	2	34	1
0.102040816326531	2	34	1
0.12	2	34	1
0.333333333333333	2	34	1
0.108108108108108	2	34	1
0.129032258064516	2	34	1
0.111111111111111	2	34	1
0.558139534883721	2	34	1
0.292682926829268	2	34	1
0.117647058823529	2	34	1
0.111111111111111	2	34	1
0.451612903225806	2	34	1
0.12	2	34	1
0.114285714285714	2	34	1
0.125	2	34	1
0.188679245283019	2	34	1
0.142857142857143	2	34	1
0.1	2	34	1
0.108108108108108	2	34	1
0.115384615384615	2	34	1
0.119047619047619	2	34	1
0.266666666666667	2	34	1
0.125	2	34	1
0.153846153846154	2	34	1
0.3	2	34	1
0.111111111111111	2	34	1
0.0819672131147541	2	34	1
0.435897435897436	2	34	1
0.125	2	34	1
0.107142857142857	2	34	1
0.472222222222222	2	34	1
0.125	2	34	1
0.351351351351351	2	34	1
0.4375	2	34	1
0.489795918367347	2	34	1
0.263157894736842	2	34	1
0.125	2	34	1
0.111111111111111	2	34	1
0.219512195121951	2	34	1
0.470588235294118	2	34	1
0.12	2	34	1
0.136363636363636	2	34	1
0.166666666666667	2	34	1
0.121951219512195	2	34	1
0.111111111111111	2	34	1
0.111111111111111	2	34	1
0.117647058823529	2	34	1
0.111111111111111	2	34	1
0.125	2	34	1
0.459459459459459	2	34	1
0.130434782608696	2	34	1
0.326530612244898	2	34	1
0.115384615384615	2	34	1
0.175	2	34	1
0.25	2	34	1
0.142857142857143	2	34	1
0.0909090909090909	2	34	1
0.142857142857143	2	34	1
0.230769230769231	2	34	1
0.142857142857143	2	34	1
0.125	2	34	1
0.166666666666667	2	34	1
0.15	2	34	1
0.25	2	34	1
0.111111111111111	2	34	1
0.136363636363636	2	34	1
0.117647058823529	2	34	1
0.108108108108108	2	34	1
0.147058823529412	2	34	1
0.536585365853659	2	34	1
0.24	2	34	1
0.130434782608696	2	34	1
0.117647058823529	2	34	1
0.333333333333333	2	34	1
0.108108108108108	2	34	1
0.176470588235294	2	34	1
0.205128205128205	2	34	1
0.125	2	34	1
0.107142857142857	2	34	1
0.125	2	34	1
0.117647058823529	2	34	1
0.156862745098039	2	34	1
0.1875	2	34	1
0.285714285714286	2	34	1
0.128205128205128	2	34	1
0.125	2	34	1
0.129032258064516	2	34	1
0.111111111111111	2	34	1
0.157894736842105	2	34	1
0.5	2	34	1
0.173913043478261	2	34	1
0.458333333333333	2	34	1
0.107142857142857	2	34	1
0.151515151515152	2	34	1
0.111111111111111	2	34	1
0.114285714285714	2	34	1
0.125	2	34	1
0.111111111111111	2	34	1
0.111111111111111	2	34	1
0.104166666666667	2	34	1
0.130434782608696	2	34	1
0.114285714285714	2	34	1
0.12	2	34	1
0.1875	2	34	1
0.15625	2	34	1
0.375	2	34	1
0.130434782608696	2	34	1
0.135135135135135	2	34	1
0.130434782608696	2	34	1
0.488888888888889	2	34	1
0.0961538461538462	2	34	1
0.111111111111111	2	34	1
0.125	2	34	1
0.166666666666667	2	34	1
0.162162162162162	2	34	1
0.117647058823529	2	34	1
0.111111111111111	2	34	1
0.181818181818182	2	34	1
0.115384615384615	2	34	1
0.428571428571429	2	34	1
0.3	2	34	1
0.136363636363636	2	34	1
0.105263157894737	2	34	1
0.181818181818182	2	34	1
0.147058823529412	2	34	1
0.111111111111111	2	34	1
0.162162162162162	2	34	1
0.166666666666667	2	34	1
0.0909090909090909	2	34	1
0.111111111111111	2	34	1
0.411764705882353	2	34	1
0.166666666666667	2	34	1
0.111111111111111	2	34	1
0.125	2	34	1
0.114285714285714	2	34	1
0.108695652173913	2	34	1
0.434782608695652	2	34	1
0.2	2	34	1
0.216216216216216	2	34	1
0.285714285714286	2	34	1
0.106382978723404	2	34	1
0.133333333333333	2	34	1
0.117647058823529	2	34	1
0.108695652173913	2	34	1
0.121951219512195	2	34	1
0.203703703703704	2	34	1
0.147058823529412	2	34	1
0.133333333333333	2	34	1
0.0847457627118644	2	34	1
0.178571428571429	2	34	1
0.111111111111111	2	34	1
0.0943396226415094	2	34	1
0.129032258064516	2	34	1
0.128205128205128	2	34	1
0.469387755102041	2	34	1
0.372093023255814	2	34	1
0.5	2	34	1
0.176470588235294	2	34	1
0.317073170731707	2	34	1
0.14	2	34	1
0.104166666666667	2	34	1
0.120689655172414	2	34	1
0.130434782608696	2	34	1
0.128205128205128	2	34	1
0.114285714285714	2	34	1
0.142857142857143	2	34	1
0.0925925925925926	2	34	1
0.106382978723404	2	34	1
0.116279069767442	2	34	1
0.108108108108108	2	34	1
0.214285714285714	2	34	1
0.0909090909090909	2	34	1
0.205882352941176	2	34	1
0.12	2	34	1
0.414634146341463	2	34	1
0.323529411764706	2	34	1
0.615384615384615	2	34	1
0.444444444444444	2	34	1
0.106382978723404	2	34	1
0.148148148148148	2	34	1
0.130434782608696	2	34	1
0.222222222222222	2	34	1
0.12	2	34	1
0.163265306122449	2	34	1
0.12	2	34	1
0.5625	2	34	1
0.115384615384615	2	34	1
0.114285714285714	2	34	1
0.54	2	34	1
0.181818181818182	2	34	1
0.12	2	34	1
0.130434782608696	2	34	1
0.242424242424242	2	34	1
0.428571428571429	2	34	1
0.304347826086957	2	34	1
0.203703703703704	2	34	1
0.114285714285714	2	34	1
0.104166666666667	2	34	1
0.116279069767442	2	34	1
0.127659574468085	2	34	1
0.125	2	34	1
0.142857142857143	2	34	1
0.105263157894737	2	34	1
0.28	2	34	1
0.12	2	34	1
0.153846153846154	2	34	1
0.210526315789474	2	34	1
0.106382978723404	2	34	1
0.344827586206897	2	34	1
0.157894736842105	2	34	1
0.105263157894737	2	34	1
0.142857142857143	2	34	1
0.470588235294118	2	34	1
0.107142857142857	2	34	1
0.115384615384615	2	34	1
0.391304347826087	2	34	1
0.130434782608696	2	34	1
0.108108108108108	2	34	1
0.117647058823529	2	34	1
0.216216216216216	2	34	1
0.166666666666667	2	34	1
0.114285714285714	2	34	1
0.166666666666667	2	34	1
0.12	2	34	1
0.125	2	34	1
0.138888888888889	2	34	1
0.108108108108108	2	34	1
0.111111111111111	2	34	1
0.295454545454545	2	34	1
0.130434782608696	2	34	1
0.108108108108108	2	34	1
0.125	2	34	1
0.117647058823529	2	34	1
0.323529411764706	2	34	1
0.115384615384615	2	34	1
0.243243243243243	2	34	1
0.130434782608696	2	34	1
0.117647058823529	2	34	1
0.205128205128205	2	34	1
0.527777777777778	2	34	1
0.476190476190476	2	34	1
0.117647058823529	2	34	1
0.142857142857143	2	34	1
0.12	2	34	1
0.103448275862069	2	34	1
0.133333333333333	2	34	1
0.133333333333333	2	34	1
0.5	2	34	1
0.311111111111111	2	34	1
0.3125	2	34	1
0.12	2	34	1
0.125	2	34	1
0.125	2	34	1
0.113636363636364	2	34	1
0.114285714285714	2	34	1
0.125	2	34	1
0.352941176470588	2	34	1
0.282051282051282	2	34	1
0.153846153846154	2	34	1
0.111111111111111	2	34	1
0.103448275862069	2	34	1
0.115384615384615	2	34	1
0.267857142857143	2	34	1
0.166666666666667	2	34	1
0.117647058823529	2	34	1
0.131578947368421	2	34	1
0.108108108108108	2	34	1
0.102564102564103	2	34	1
0.108108108108108	2	34	1
0.212121212121212	2	34	1
0.157894736842105	2	34	1
0.117647058823529	2	34	1
0.473684210526316	2	34	1
0.115384615384615	2	34	1
0.115384615384615	2	34	1
0.375	2	34	1
0.114285714285714	2	34	1
0.12	2	34	1
0.117647058823529	2	34	1
0.125	2	34	1
0.12	2	34	1
0.12	2	34	1
0.111111111111111	2	34	1
0.111111111111111	2	34	1
0.153846153846154	2	34	1
0.194444444444444	2	34	1
0.115384615384615	2	34	1
0.163265306122449	2	34	1
0.115384615384615	2	34	1
0.434782608695652	2	34	1
0.125	2	34	1
0.15	2	34	1
0.12	2	34	1
0.34375	2	34	1
0.111111111111111	2	34	1
0.105263157894737	2	34	1
0.121212121212121	2	34	1
0.166666666666667	2	34	1
0.125	2	34	1
0.104166666666667	2	34	1
0.138888888888889	2	34	1
0.111111111111111	2	34	1
0.390243902439024	2	34	1
0.111111111111111	2	34	1
0.136363636363636	2	34	1
0.142857142857143	2	34	1
0.108695652173913	2	34	1
0.111111111111111	2	34	1
0.428571428571429	2	34	1
0.111111111111111	2	34	1
0.121951219512195	2	34	1
0.15	2	34	1
0.290909090909091	2	34	1
0.27027027027027	2	34	1
0.142857142857143	2	34	1
0.270833333333333	2	34	1
0.131578947368421	2	34	1
0.114285714285714	2	34	1
0.136363636363636	2	34	1
0.130434782608696	2	34	1
0.12	2	34	1
0.5	2	34	1
0.114285714285714	2	34	1
0.105263157894737	2	34	1
0.115384615384615	2	34	1
0.25	2	34	1
0.103448275862069	2	34	1
0.121212121212121	2	34	1
0.254901960784314	2	34	1
0.0943396226415094	2	34	1
0.111111111111111	2	34	1
0.108108108108108	2	34	1
0.0943396226415094	2	34	1
0.45	2	34	1
0.109375	2	34	1
0.121951219512195	2	34	1
0.454545454545455	2	34	1
0.142857142857143	2	34	1
0.129032258064516	2	34	1
0.125	2	34	1
0.15	2	34	1
0.448275862068966	2	34	1
0.172413793103448	2	34	1
0.486486486486487	2	34	1
0.142857142857143	2	34	1
0.12	2	34	1
0.461538461538462	2	34	1
0.178571428571429	2	34	1
0.395348837209302	2	34	1
0.125	2	34	1
0.12	2	34	1
0.130434782608696	2	34	1
0.446808510638298	2	34	1
0.479166666666667	2	34	1
0.115384615384615	2	34	1
0.108108108108108	2	34	1
0.107142857142857	2	34	1
0.125	2	34	1
0.115384615384615	2	34	1
0.157894736842105	2	34	1
0.3	2	34	1
0.214285714285714	2	34	1
0.102564102564103	2	34	1
0.125	2	34	1
0.133333333333333	2	34	1
0.130434782608696	2	34	1
0.108108108108108	2	34	1
0.111111111111111	2	34	1
0.114285714285714	2	34	1
0.12	2	34	1
0.511111111111111	2	34	1
0.186046511627907	2	34	1
0.170212765957447	2	34	1
0.115384615384615	2	34	1
0.12	2	34	1
0.115384615384615	2	34	1
0.125	2	34	1
0.571428571428571	2	34	1
0.115384615384615	2	34	1
0.125	2	34	1
0.295454545454545	2	34	1
0.175	2	34	1
0.136363636363636	2	34	1
0.488888888888889	2	34	1
0.105263157894737	2	34	1
0.254237288135593	2	34	1
0.24	2	34	1
0.121212121212121	2	34	1
0.107142857142857	2	34	1
0.15	2	34	1
0.581395348837209	2	34	1
0.51219512195122	2	34	1
0.130434782608696	2	34	1
0.214285714285714	2	34	1
0.266666666666667	2	34	1
0.166666666666667	2	34	1
0.170731707317073	2	34	1
0.15	2	34	1
0.34375	2	34	1
0.113636363636364	2	34	1
0.142857142857143	2	34	1
0.12	2	34	1
0.102040816326531	2	34	1
0.129032258064516	2	34	1
0.108695652173913	2	34	1
0.145833333333333	2	34	1
0.130434782608696	2	34	1
0.102564102564103	2	34	1
0.257142857142857	2	34	1
0.106060606060606	2	34	1
0.136363636363636	2	34	1
0.125	2	34	1
0.225806451612903	2	34	1
0.133333333333333	2	34	1
0.416666666666667	2	34	1
0.137931034482759	2	34	1
0.15	2	34	1
0.153846153846154	2	34	1
0.105263157894737	2	34	1
0.209302325581395	2	34	1
0.111111111111111	2	34	1
0.130434782608696	2	34	1
0.148148148148148	2	34	1
0.130434782608696	2	34	1
0.296296296296296	2	34	1
0.129032258064516	2	34	1
0.128205128205128	2	34	1
0.136363636363636	2	34	1
0.115384615384615	2	34	1
0.159090909090909	2	34	1
0.157894736842105	2	34	1
0.15	2	34	1
0.137931034482759	2	34	1
0.142857142857143	2	34	1
0.133333333333333	2	34	1
0.148148148148148	2	34	1
0.115384615384615	2	34	1
0.153846153846154	2	34	1
0.12	2	34	1
0.115384615384615	2	34	1
0.129032258064516	2	34	1
0.425531914893617	2	34	1
0.15	2	34	1
0.125	2	34	1
0.12	2	34	1
0.189189189189189	2	34	1
0.136363636363636	2	34	1
0.12	2	34	1
0.136363636363636	2	34	1
0.12	2	34	1
0.129032258064516	2	34	1
0.111111111111111	2	34	1
0.4	2	34	1
0.125	2	34	1
0.125	2	34	1
0.115384615384615	2	34	1
0.558823529411765	2	34	1
0.115384615384615	2	34	1
0.317073170731707	2	34	1
0.12	2	34	1
0.117647058823529	2	34	1
0.108108108108108	2	34	1
0.125	2	34	1
0.107142857142857	2	34	1
0.107142857142857	2	34	1
0.142857142857143	2	34	1
0.117647058823529	2	34	1
0.130434782608696	2	34	1
0.115384615384615	2	34	1
0.136363636363636	2	34	1
0.136363636363636	2	34	1
0.115384615384615	2	34	1
0.130434782608696	2	34	1
0.148148148148148	2	34	1
0.55	2	34	1
0.125	2	34	1
0.333333333333333	2	34	1
0.136363636363636	2	34	1
0.12	2	34	1
0.136363636363636	2	34	1
0.310344827586207	2	34	1
0.130434782608696	2	34	1
0.108108108108108	2	34	1
0.12	2	34	1
0.111111111111111	2	34	1
0.108108108108108	2	34	1
0.117647058823529	2	34	1
0.115384615384615	2	34	1
0.153846153846154	2	34	1
0.235294117647059	2	34	1
0.12	2	34	1
0.130434782608696	2	34	1
0.142857142857143	2	34	1
0.130434782608696	2	34	1
0.142857142857143	2	34	1
0.130434782608696	2	34	1
0.15	2	34	1
0.107142857142857	2	34	1
0.115384615384615	2	34	1
0.125	2	34	1
0.136363636363636	2	34	1
0.12	2	34	1
0.148148148148148	2	34	1
0.130434782608696	2	34	1
0.117647058823529	2	34	1
0.12	2	34	1
0.666666666666667	2	34	1
0.580645161290323	2	34	1
0.457142857142857	2	34	1
0.129032258064516	2	34	1
0.125	2	34	1
0.166666666666667	2	34	1
0.125	2	34	1
0.142857142857143	2	34	1
0.111111111111111	2	34	1
0.15	2	34	1
0.12	2	34	1
0.142857142857143	2	34	1
0.111111111111111	2	34	1
0.125	2	34	1
0.115384615384615	2	34	1
0.111111111111111	2	34	1
0.12	2	34	1
0.107142857142857	2	34	1
0.243243243243243	2	34	1
0.12	2	34	1
0.115384615384615	2	34	1
0.103448275862069	2	34	1
0.142857142857143	2	34	1
0.194444444444444	2	34	1
0.129032258064516	2	34	1
0.115384615384615	2	34	1
0.15	2	34	1
0.12	2	34	1
0.129032258064516	2	34	1
0.130434782608696	2	34	1
0.1	2	34	1
0.413793103448276	2	34	1
0.5	2	34	1
0.232558139534884	2	34	1
0.115384615384615	2	34	1
0.193548387096774	2	34	1
0.15	2	34	1
0.115384615384615	2	34	1
0.387096774193548	2	34	1
0.111111111111111	2	34	1
0.310344827586207	2	34	1
0.277777777777778	2	34	1
0.136363636363636	2	34	1
0.125	2	34	1
0.12	2	34	1
0.590909090909091	2	34	1
0.142857142857143	2	34	1
0.115384615384615	2	34	1
0.107142857142857	2	34	1
0.121212121212121	2	34	1
0.146341463414634	2	34	1
0.15	2	34	1
0.136363636363636	2	34	1
0.115384615384615	2	34	1
0.115384615384615	2	34	1
0.111111111111111	2	34	1
0.125	2	34	1
0.105263157894737	2	34	1
0.125	2	34	1
0.148148148148148	2	34	1
0.318181818181818	2	34	1
0.107142857142857	2	34	1
0.12	2	34	1
0.214285714285714	2	34	1
0.270833333333333	2	34	1
0.214285714285714	2	34	1
0.107142857142857	2	34	1
0.121212121212121	2	34	1
0.136363636363636	2	34	1
0.15	2	34	1
0.46875	2	34	1
0.111111111111111	2	34	1
0.12	2	34	1
0.12	2	34	1
0.12	2	34	1
0.307692307692308	2	34	1
0.12	2	34	1
0.15	2	34	1
0.108108108108108	2	34	1
0.166666666666667	2	34	1
0.115384615384615	2	34	1
0.115384615384615	2	34	1
0.111111111111111	2	34	1
0.307692307692308	2	34	1
0.130434782608696	2	34	1
0.129032258064516	2	34	1
0.107142857142857	2	34	1
0.12	2	34	1
0.125	2	34	1
0.121212121212121	2	34	1
0.12	2	34	1
0.130434782608696	2	34	1
0.452380952380952	2	34	1
0.115384615384615	2	34	1
0.142857142857143	2	34	1
0.166666666666667	2	34	1
0.181818181818182	2	34	1
0.117647058823529	2	34	1
0.5	2	34	1
0.580645161290323	2	34	1
0.114285714285714	2	34	1
0.464285714285714	2	34	1
0.114285714285714	2	34	1
0.346938775510204	2	34	1
0.125	2	34	1
0.580645161290323	2	34	1
0.176470588235294	2	34	1
0.111111111111111	2	34	1
0.125	2	34	1
0.114285714285714	2	34	1
0.142857142857143	2	34	1
0.142857142857143	2	34	1
0.115384615384615	2	34	1
0.378378378378378	2	34	1
0.130434782608696	2	34	1
0.125	2	34	1
0.133333333333333	2	34	1
0.114285714285714	2	34	1
0.111111111111111	2	34	1
0.107142857142857	2	34	1
0.115384615384615	2	34	1
0.137931034482759	2	34	1
0.12	2	34	1
0.115384615384615	2	34	1
0.4	2	34	1
0.111111111111111	2	34	1
0.148148148148148	2	34	1
0.136363636363636	2	34	1
0.12	2	34	1
0.137931034482759	2	34	1
0.125	2	34	1
0.166666666666667	2	34	1
0.142857142857143	2	34	1
0.157894736842105	2	34	1
0.102564102564103	2	34	1
0.458333333333333	2	34	1
0.580645161290323	2	34	1
0.129032258064516	2	34	1
0.115384615384615	2	34	1
0.142857142857143	2	34	1
0.115384615384615	2	34	1
0.115384615384615	2	34	1
0.130434782608696	2	34	1
0.157894736842105	2	34	1
0.12	2	34	1
0.155555555555556	2	34	1
0.136363636363636	2	34	1
0.111111111111111	2	34	1
0.111111111111111	2	34	1
0.117647058823529	2	34	1
0.137931034482759	2	34	1
0.106382978723404	2	34	1
0.12	2	34	1
0.117647058823529	2	34	1
0.115384615384615	2	34	1
0.103448275862069	2	34	1
0.115384615384615	2	34	1
0.483870967741935	2	34	1
0.176470588235294	2	34	1
0.166666666666667	2	34	1
0.125	2	34	1
0.1875	2	34	1
0.125	2	34	1
0.464285714285714	2	34	1
0.115384615384615	2	34	1
0.461538461538462	2	34	1
0.125	2	34	1
0.166666666666667	2	34	1
0.130434782608696	2	34	1
0.12	2	34	1
0.12	2	34	1
0.137931034482759	2	34	1
0.129032258064516	2	34	1
0.125	2	34	1
0.12	2	34	1
0.130434782608696	2	34	1
0.133333333333333	2	34	1
0.136363636363636	2	34	1
0.393939393939394	2	34	1
0.129032258064516	2	34	1
0.15	2	34	1
0.105263157894737	2	34	1
0.130434782608696	2	34	1
0.111111111111111	2	34	1
0.105263157894737	2	34	1
0.12	2	34	1
0.102564102564103	2	34	1
0.142857142857143	2	34	1
0.130434782608696	2	34	1
0.111111111111111	2	34	1
0.269230769230769	2	34	1
0.129032258064516	2	34	1
0.111111111111111	2	34	1
0.161290322580645	2	34	1
0.225806451612903	2	34	1
0.12	2	34	1
0.107142857142857	2	34	1
0.115384615384615	2	34	1
0.115384615384615	2	34	1
0.114285714285714	2	34	1
0.133333333333333	2	34	1
0.111111111111111	2	34	1
0.125	2	34	1
0.115384615384615	2	34	1
0.111111111111111	2	34	1
0.15	2	34	1
0.115384615384615	2	34	1
0.111111111111111	2	34	1
0.125	2	34	1
0.142857142857143	2	34	1
0.130434782608696	2	34	1
0.111111111111111	2	34	1
0.166666666666667	2	34	1
0.111111111111111	2	34	1
0.153846153846154	2	34	1
0.137931034482759	2	34	1
0.19047619047619	2	34	1
0.12	2	34	1
0.0980392156862745	2	34	1
0.107142857142857	2	34	1
0.235294117647059	2	34	1
0.125	2	34	1
0.136363636363636	2	34	1
0.12	2	34	1
0.25	2	34	1
0.16	2	34	1
0.114285714285714	2	34	1
0.114285714285714	2	34	1
0.111111111111111	2	34	1
0.111111111111111	2	34	1
0.214285714285714	2	34	1
0.136363636363636	2	34	1
0.12	2	34	1
0.111111111111111	2	34	1
0.137931034482759	2	34	1
0.292682926829268	2	34	1
0.12	2	34	1
0.111111111111111	2	34	1
0.111111111111111	2	34	1
0.179487179487179	2	34	1
0.105263157894737	2	34	1
0.342105263157895	2	34	1
0.111111111111111	2	34	1
0.179487179487179	2	34	1
0.142857142857143	2	34	1
0.116279069767442	2	34	1
0.222222222222222	2	34	1
0.515151515151515	2	34	1
0.12	2	34	1
0.121212121212121	2	34	1
0.125	2	34	1
0.176470588235294	2	34	1
0.121212121212121	2	34	1
0.15	2	34	1
0.12	2	34	1
0.171428571428571	2	34	1
0.125	2	34	1
0.125	2	34	1
0.133333333333333	2	34	1
0.087719298245614	2	34	1
0.184210526315789	2	34	1
0.12	2	34	1
0.12	2	34	1
0.12	2	34	1
0.125	2	34	1
0.428571428571429	2	34	1
0.604651162790698	2	34	1
0.122448979591837	2	34	1
0.405405405405405	2	34	1
0.138888888888889	2	34	1
0.212121212121212	2	34	1
0.212121212121212	2	34	1
0.121951219512195	2	34	1
0.527777777777778	2	34	1
0.425	2	34	1
0.117647058823529	2	34	1
0.105263157894737	2	34	1
0.3	2	34	1
0.5	2	34	1
0.130434782608696	2	34	1
0.113636363636364	2	34	1
0.482758620689655	2	34	1
0.156862745098039	2	34	1
0.157894736842105	2	34	1
0.15	2	34	1
0.162790697674419	2	34	1
0.108695652173913	2	34	1
0.130434782608696	2	34	1
0.130434782608696	2	34	1
0.107142857142857	2	34	1
0.44	2	34	1
0.130434782608696	2	34	1
0.459459459459459	2	34	1
0.458333333333333	2	34	1
0.477272727272727	2	34	1
0.102564102564103	2	34	1
0.111111111111111	2	34	1
0.428571428571429	2	34	1
0.153846153846154	2	34	1
0.130434782608696	2	34	1
0.3125	2	34	1
0.132075471698113	2	34	1
0.15	2	34	1
0.115384615384615	2	34	1
0.111111111111111	2	34	1
0.117647058823529	2	34	1
0.111111111111111	2	34	1
0.107142857142857	2	34	1
0.130434782608696	2	34	1
0.151515151515152	2	34	1
0.114285714285714	2	34	1
0.114285714285714	2	34	1
0.114285714285714	2	34	1
0.216216216216216	2	34	1
0.0961538461538462	2	34	1
0.594594594594595	2	34	1
0.159090909090909	2	34	1
0.104166666666667	2	34	1
0.136363636363636	2	34	1
0.183673469387755	2	34	1
0.115384615384615	2	34	1
0.115384615384615	2	34	1
0.166666666666667	2	34	1
0.523809523809524	2	34	1
0.121212121212121	2	34	1
0.102564102564103	2	34	1
0.115384615384615	2	34	1
0.28125	2	34	1
0.115384615384615	2	34	1
0.130434782608696	2	34	1
0.15	2	34	1
0.244897959183673	2	34	1
0.204081632653061	2	34	1
0.12962962962963	2	34	1
0.176470588235294	2	34	1
0.135135135135135	2	34	1
0.142857142857143	2	34	1
0.125	2	34	1
0.111111111111111	2	34	1
0.125	2	34	1
0.125	2	34	1
0.166666666666667	2	34	1
0.12	2	34	1
0.111111111111111	2	34	1
0.4375	2	34	1
0.136363636363636	2	34	1
0.51219512195122	2	34	1
0.15	2	34	1
0.214285714285714	2	34	1
0.130434782608696	2	34	1
0.147058823529412	2	34	1
0.4375	2	34	1
0.459459459459459	2	34	1
0.130434782608696	2	34	1
0.133333333333333	2	34	1
0.129032258064516	2	34	1
0.142857142857143	2	34	1
0.108108108108108	2	34	1
0.153846153846154	2	34	1
0.111111111111111	2	34	1
0.115384615384615	2	34	1
0.294117647058824	2	34	1
0.129032258064516	2	34	1
0.173913043478261	2	34	1
0.407407407407407	2	34	1
0.12	2	34	1
0.142857142857143	2	34	1
0.125	2	34	1
0.107142857142857	2	34	1
0.12	2	34	1
0.375	2	34	1
0.125	2	34	1
0.142857142857143	2	34	1
0.136363636363636	2	34	1
0.115384615384615	2	34	1
0.108108108108108	2	34	1
0.130434782608696	2	34	1
0.116279069767442	2	34	1
0.291666666666667	2	34	1
0.585365853658537	2	34	1
0.266666666666667	2	34	1
0.117647058823529	2	34	1
0.111111111111111	2	34	1
0.225	2	34	1
0.114285714285714	2	34	1
0.111111111111111	2	34	1
0.27027027027027	2	34	1
0.125	2	34	1
0.111111111111111	2	34	1
0.195121951219512	2	34	1
0.114285714285714	2	34	1
0.115384615384615	2	34	1
0.454545454545455	2	34	1
0.111111111111111	2	34	1
0.135135135135135	2	34	1
0.125	2	34	1
0.121212121212121	2	34	1
0.148148148148148	2	34	1
0.320754716981132	2	34	1
0.243243243243243	2	34	1
0.117647058823529	2	34	1
0.468085106382979	2	34	1
0.142857142857143	2	34	1
0.108108108108108	2	34	1
0.121212121212121	2	34	1
0.432432432432432	2	34	1
0.484848484848485	2	34	1
0.377358490566038	2	34	1
0.107142857142857	2	34	1
0.111111111111111	2	34	1
0.125	2	34	1
0.131578947368421	2	34	1
0.105263157894737	2	34	1
0.136363636363636	2	34	1
0.518518518518518	2	34	1
0.111111111111111	2	34	1
0.115384615384615	2	34	1
0.157894736842105	2	34	1
0.111111111111111	2	34	1
0.511627906976744	2	34	1
0.125	2	34	1
0.12	2	34	1
0.130434782608696	2	34	1
0.451612903225806	2	34	1
0.115384615384615	2	34	1
0.105263157894737	2	34	1
0.111111111111111	2	34	1
0.103448275862069	2	34	1
0.232558139534884	2	34	1
0.491525423728814	2	34	1
0.111111111111111	2	34	1
0.142857142857143	2	34	1
0.111111111111111	2	34	1
0.116279069767442	2	34	1
0.0819672131147541	2	34	1
0.115384615384615	2	34	1
0.117647058823529	2	34	1
0.102564102564103	2	34	1
0.130434782608696	2	34	1
0.115384615384615	2	34	1
0.106382978723404	2	34	1
0.210526315789474	2	34	1
0.138888888888889	2	34	1
0.4	2	34	1
0.136363636363636	2	34	1
0.0961538461538462	2	34	1
0.114285714285714	2	34	1
0.12	2	34	1
0.384615384615385	2	34	1
0.111111111111111	2	34	1
0.568627450980392	2	34	1
0.121212121212121	2	34	1
0.12	2	34	1
0.264705882352941	2	34	1
0.0892857142857143	2	34	1
0.404761904761905	2	34	1
0.111111111111111	2	34	1
0.130434782608696	2	34	1
0.382352941176471	2	34	1
0.416666666666667	2	34	1
0.121212121212121	2	34	1
0.121212121212121	2	34	1
0.130434782608696	2	34	1
0.25	2	34	1
0.305555555555556	2	34	1
0.111111111111111	2	34	1
0.136363636363636	2	34	1
0.390243902439024	2	34	1
0.363636363636364	2	34	1
0.303030303030303	2	34	1
0.121212121212121	2	34	1
0.125	2	34	1
0.404761904761905	2	34	1
0.12	2	34	1
0.12	2	34	1
0.15	2	34	1
0.1875	2	34	1
0.105263157894737	2	34	1
0.125	2	34	1
0.108108108108108	2	34	1
0.121212121212121	2	34	1
0.175	2	34	1
0.11864406779661	2	34	1
0.121212121212121	2	34	1
0.114285714285714	2	34	1
0.484848484848485	2	34	1
0.121212121212121	2	34	1
0.114285714285714	2	34	1
0.4375	2	34	1
0.103448275862069	2	34	1
0.590909090909091	2	34	1
0.485714285714286	2	34	1
0.128205128205128	2	34	1
0.157894736842105	2	34	1
0.106382978723404	2	34	1
0.115384615384615	2	34	1
0.205128205128205	2	34	1
0.536585365853659	2	34	1
0.136363636363636	2	34	1
0.12	2	34	1
0.12	2	34	1
0.130434782608696	2	34	1
0.117647058823529	2	34	1
0.111111111111111	2	34	1
0.113636363636364	2	34	1
0.212765957446809	2	34	1
0.5	2	34	1
0.111111111111111	2	34	1
0.12	2	34	1
0.4375	2	34	1
0.111111111111111	2	34	1
0.5	2	34	1
0.0980392156862745	2	34	1
0.108695652173913	2	34	1
0.465116279069767	2	34	1
0.131578947368421	2	34	1
0.522727272727273	2	34	1
0.111111111111111	2	34	1
0.12	2	34	1
0.12	2	34	1
0.12	2	34	1
0.114285714285714	2	34	1
0.317073170731707	2	34	1
0.133333333333333	2	34	1
0.25	2	34	1
0.102564102564103	2	34	1
0.131578947368421	2	34	1
0.192307692307692	2	34	1
0.1875	2	34	1
0.136363636363636	2	34	1
0.0909090909090909	2	34	1
0.75	2	34	1
0.142857142857143	2	34	1
0.125	2	34	1
0.435897435897436	2	34	1
0.107142857142857	2	34	1
0.114285714285714	2	34	1
0.130434782608696	2	34	1
0.121212121212121	2	34	1
0.111111111111111	2	34	1
0.4375	2	34	1
0.130434782608696	2	34	1
0.275	2	34	1
0.113636363636364	2	34	1
0.121212121212121	2	34	1
0.125	2	34	1
0.129032258064516	2	34	1
0.142857142857143	2	34	1
0.111111111111111	2	34	1
0.125	2	34	1
0.488888888888889	2	34	1
0.117647058823529	2	34	1
0.161290322580645	2	34	1
0.115384615384615	2	34	1
0.133333333333333	2	34	1
0.444444444444444	2	34	1
0.136363636363636	2	34	1
0.181818181818182	2	34	1
0.111111111111111	2	34	1
0.441176470588235	2	34	1
0.388888888888889	2	34	1
0.25	2	34	1
0.413793103448276	2	34	1
0.296296296296296	2	34	1
0.130434782608696	2	34	1
0.125	2	34	1
0.568181818181818	2	34	1
0.0980392156862745	2	34	1
0.106382978723404	2	34	1
0.115384615384615	2	34	1
0.111111111111111	2	34	1
0.151515151515152	2	34	1
0.111111111111111	2	34	1
0.136363636363636	2	34	1
0.0943396226415094	2	34	1
0.34	2	34	1
0.137931034482759	2	34	1
0.268292682926829	2	34	1
0.625	2	34	1
0.45	2	34	1
0.266666666666667	2	34	1
0.121212121212121	2	34	1
0.114285714285714	2	34	1
0.222222222222222	2	34	1
0.111111111111111	2	34	1
0.121212121212121	2	34	1
0.34375	2	34	1
0.136363636363636	2	34	1
0.272727272727273	2	34	1
0.176470588235294	2	34	1
0.193548387096774	2	34	1
0.258064516129032	2	34	1
0.175	2	34	1
0.133333333333333	2	34	1
0.115384615384615	2	34	1
0.121212121212121	2	34	1
0.510204081632653	2	34	1
0.170731707317073	2	34	1
0.166666666666667	2	34	1
0.136363636363636	2	34	1
0.53125	2	34	1
0.159090909090909	2	34	1
0.239130434782609	2	34	1
0.142857142857143	2	34	1
0.111111111111111	2	34	1
0.485714285714286	2	34	1
0.458333333333333	2	34	1
0.133333333333333	2	34	1
0.111111111111111	2	34	1
0.111111111111111	2	34	1
0.186046511627907	2	34	1
0.133333333333333	2	34	1
0.136363636363636	2	34	1
0.157894736842105	2	34	1
0.294117647058824	2	34	1
0.127659574468085	2	34	1
0.104166666666667	2	34	1
0.125	2	34	1
0.121951219512195	2	34	1
0.115384615384615	2	34	1
0.105263157894737	2	34	1
0.115384615384615	2	34	1
0.307692307692308	2	34	1
0.15	2	34	1
0.087719298245614	2	34	1
0.35	2	34	1
0.166666666666667	2	34	1
0.321428571428571	2	34	1
0.105263157894737	2	34	1
0.15	2	34	1
0.137931034482759	2	34	1
0.145833333333333	2	34	1
0.342857142857143	2	34	1
0.121212121212121	2	34	1
0.136363636363636	2	34	1
0.208333333333333	2	34	1
0.129032258064516	2	34	1
0.142857142857143	2	34	1
0.145454545454545	2	34	1
0.0961538461538462	2	34	1
0.12	2	34	1
0.102040816326531	2	34	1
0.274509803921569	2	34	1
0.379310344827586	2	34	1
0.5	2	34	1
0.1	2	34	1
0.0793650793650794	2	34	1
0.157894736842105	2	34	1
0.125	2	34	1
0.117647058823529	2	34	1
0.125	2	34	1
0.184210526315789	2	34	1
0.105263157894737	2	34	1
0.425531914893617	2	34	1
0.121212121212121	2	34	1
0.117647058823529	2	34	1
0.21875	2	34	1
0.133333333333333	2	34	1
0.131578947368421	2	34	1
0.115384615384615	2	34	1
0.193548387096774	2	34	1
0.131578947368421	2	34	1
0.104166666666667	2	34	1
0.348837209302326	2	34	1
0.117647058823529	2	34	1
0.136363636363636	2	34	1
0.473684210526316	2	34	1
0.14	2	34	1
0.212765957446809	2	34	1
0.117647058823529	2	34	1
0.115384615384615	2	34	1
0.115384615384615	2	34	1
0.36	2	34	1
0.121951219512195	2	34	1
0.114285714285714	2	34	1
0.111111111111111	2	34	1
0.111111111111111	2	34	1
0.538461538461538	2	34	1
0.162162162162162	2	34	1
0.108695652173913	2	34	1
0.170212765957447	2	34	1
0.0980392156862745	2	34	1
0.108695652173913	2	34	1
0.125	2	34	1
0.113636363636364	2	34	1
0.12	2	34	1
0.130434782608696	2	34	1
0.11864406779661	2	34	1
0.157894736842105	2	34	1
0.107142857142857	2	34	1
0.111111111111111	2	34	1
0.115384615384615	2	34	1
0.115384615384615	2	34	1
0.568181818181818	2	34	1
0.24390243902439	2	34	1
0.157894736842105	2	34	1
0.125	2	34	1
0.142857142857143	2	34	1
0.111111111111111	2	34	1
0.5	2	34	1
0.166666666666667	2	34	1
0.448979591836735	2	34	1
0.542857142857143	2	34	1
0.111111111111111	2	34	1
0.108108108108108	2	34	1
0.538461538461538	2	34	1
0.115384615384615	2	34	1
0.111111111111111	2	34	1
0.125	2	34	1
0.105263157894737	2	34	1
0.513513513513513	2	34	1
0.326086956521739	2	34	1
0.147058823529412	2	34	1
0.12	2	34	1
0.214285714285714	2	34	1
0.125	2	34	1
0.087719298245614	2	34	1
0.456521739130435	2	34	1
0.15	2	34	1
0.419354838709677	2	34	1
0.111111111111111	2	34	1
0.489795918367347	2	34	1
0.315789473684211	2	34	1
0.1	2	34	1
0.128205128205128	2	34	1
0.422222222222222	2	34	1
0.4	2	34	1
0.236842105263158	2	34	1
0.117647058823529	2	34	1
0.117647058823529	2	34	1
0.122448979591837	2	34	1
0.176470588235294	2	34	1
0.136363636363636	2	34	1
0.111111111111111	2	34	1
0.104166666666667	2	34	1
0.115384615384615	2	34	1
0.0961538461538462	2	34	1
0.130434782608696	2	34	1
0.111111111111111	2	34	1
0.136363636363636	2	34	1
0.157894736842105	2	34	1
0.113207547169811	2	34	1
0.136363636363636	2	34	1
0.111111111111111	2	34	1
0.325581395348837	2	34	1
0.432432432432432	2	34	1
0.121212121212121	2	34	1
0.114285714285714	2	34	1
0.111111111111111	2	34	1
0.111111111111111	2	34	1
0.108108108108108	2	34	1
0.166666666666667	2	34	1
0.125	2	34	1
0.22	2	34	1
0.105263157894737	2	34	1
0.111111111111111	2	34	1
0.107142857142857	2	34	1
0.136363636363636	2	34	1
0.114285714285714	2	34	1
0.111111111111111	2	34	1
0.108108108108108	2	34	1
0.121951219512195	2	34	1
0.136363636363636	2	34	1
0.261904761904762	2	34	1
0.0980392156862745	2	34	1
0.607142857142857	2	34	1
0.157894736842105	2	34	1
0.111111111111111	2	34	1
0.448979591836735	2	34	1
0.117647058823529	2	34	1
0.111111111111111	2	34	1
0.478260869565217	2	34	1
0.469387755102041	2	34	1
0.489795918367347	2	34	1
0.153846153846154	2	34	1
0.0980392156862745	2	34	1
0.184210526315789	2	34	1
0.111111111111111	2	34	1
0.428571428571429	2	34	1
0.107142857142857	2	34	1
0.477272727272727	2	34	1
0.102564102564103	2	34	1
0.111111111111111	2	34	1
0.108108108108108	2	34	1
0.266666666666667	2	34	1
0.45	2	34	1
0.115384615384615	2	34	1
0.341463414634146	2	34	1
0.125	2	34	1
0.108108108108108	2	34	1
0.114285714285714	2	34	1
0.13953488372093	2	34	1
0.432432432432432	2	34	1
0.16	2	34	1
0.1875	2	34	1
0.121212121212121	2	34	1
0.129032258064516	2	34	1
0.12	2	34	1
0.125	2	34	1
0.121212121212121	2	34	1
0.115384615384615	2	34	1
0.107142857142857	2	34	1
0.43859649122807	2	34	1
0.15	2	34	1
0.142857142857143	2	34	1
0.529411764705882	2	34	1
0.522727272727273	2	34	1
0.137931034482759	2	34	1
0.166666666666667	2	34	1
0.166666666666667	2	34	1
0.204081632653061	2	34	1
0.25	2	34	1
0.333333333333333	2	34	1
0.464285714285714	2	34	1
0.111111111111111	2	34	1
0.111111111111111	2	34	1
0.458333333333333	2	34	1
0.395833333333333	2	34	1
0.0892857142857143	2	34	1
0.125	2	34	1
0.137931034482759	2	34	1
0.115384615384615	2	34	1
0.184210526315789	2	34	1
0.129032258064516	2	34	1
0.142857142857143	2	34	1
0.444444444444444	2	34	1
0.102040816326531	2	34	1
0.125	2	34	1
0.153846153846154	2	34	1
0.105263157894737	2	34	1
0.0769230769230769	2	34	1
0.30952380952381	2	34	1
0.12	2	34	1
0.12962962962963	2	34	1
0.179487179487179	2	34	1
0.12	2	34	1
0.12	2	34	1
0.133333333333333	2	34	1
0.261904761904762	2	34	1
0.12	2	34	1
0.130434782608696	2	34	1
0.127659574468085	2	34	1
0.210526315789474	2	34	1
0.210526315789474	2	34	1
0.0892857142857143	2	34	1
0.12280701754386	2	34	1
0.145454545454545	2	34	1
0.134615384615385	2	34	1
0.266666666666667	2	34	1
0.48936170212766	2	34	1
0.126984126984127	2	34	1
0.129032258064516	2	34	1
0.129032258064516	2	34	1
0.133333333333333	2	34	1
0.120689655172414	2	34	1
0.137931034482759	2	34	1
0.137931034482759	2	34	1
0.315789473684211	2	34	1
0.111111111111111	2	34	1
0.132075471698113	2	34	1
0.210526315789474	2	34	1
0.104166666666667	2	34	1
0.137931034482759	2	34	1
0.127272727272727	2	34	1
0.103448275862069	2	34	1
0.103448275862069	2	34	1
0.101694915254237	2	34	1
0.159090909090909	2	34	1
0.159090909090909	2	34	1
0.103448275862069	2	34	1
0.159090909090909	2	34	1
0.125	2	34	1
0.142857142857143	2	34	1
0.142857142857143	2	34	1
0.288461538461538	2	34	1
0.116279069767442	2	34	1
0.519230769230769	2	34	1
0.176470588235294	2	34	1
0.16	2	34	1
0.114285714285714	2	34	1
0.12	2	34	1
0.351351351351351	2	34	1
0.157894736842105	2	34	1
0.183673469387755	2	34	1
0.12	2	34	1
0.333333333333333	2	34	1
0.46875	2	34	1
0.151515151515152	2	34	1
0.111111111111111	2	34	1
0.121212121212121	2	34	1
0.111111111111111	2	34	1
0.183673469387755	2	34	1
0.523809523809524	2	34	1
0.130434782608696	2	34	1
0.142857142857143	2	34	1
0.130434782608696	2	34	1
0.130434782608696	2	34	1
0.1875	2	34	1
0.125	2	34	1
0.4	2	34	1
0.133333333333333	2	34	1
0.133333333333333	2	34	1
0.114285714285714	2	34	1
0.125	2	34	1
0.111111111111111	2	34	1
0.125	2	34	1
0.161764705882353	2	34	1
0.125	2	34	1
0.137931034482759	2	34	1
0.468085106382979	2	34	1
0.114285714285714	2	34	1
0.146341463414634	2	34	1
0.102040816326531	2	34	1
0.115384615384615	2	34	1
0.130434782608696	2	34	1
0.111111111111111	2	34	1
0.108108108108108	2	34	1
0.111111111111111	2	34	1
0.192307692307692	2	34	1
0.444444444444444	2	34	1
0.156862745098039	2	34	1
0.12	2	34	1
0.162162162162162	2	34	1
0.295454545454545	2	34	1
0.107142857142857	2	34	1
0.48936170212766	2	34	1
0.16	2	34	1
0.122448979591837	2	34	1
0.125	2	34	1
0.115384615384615	2	34	1
0.162162162162162	2	34	1
0.121212121212121	2	34	1
0.0983606557377049	2	34	1
0.115384615384615	2	34	1
0.106382978723404	2	34	1
0.115384615384615	2	34	1
0.125	2	34	1
0.12	2	34	1
0.114285714285714	2	34	1
0.129032258064516	2	34	1
0.181818181818182	2	34	1
0.232558139534884	2	34	1
0.108108108108108	2	34	1
0.121212121212121	2	34	1
0.122448979591837	2	34	1
0.12	2	34	1
0.535714285714286	2	34	1
0.472727272727273	2	34	1
0.483870967741935	2	34	1
0.348837209302326	2	34	1
0.142857142857143	2	34	1
0.111111111111111	2	34	1
0.642857142857143	2	34	1
0.520833333333333	2	34	1
0.115384615384615	2	34	1
0.275	2	34	1
0.142857142857143	2	34	1
0.307692307692308	2	34	1
0.553191489361702	2	34	1
0.545454545454545	2	34	1
0.32	2	34	1
0.465116279069767	2	34	1
0.133333333333333	2	34	1
0.104166666666667	2	34	1
0.104166666666667	2	34	1
0.513513513513513	2	34	1
0.533333333333333	2	34	1
0.195652173913043	2	34	1
0.114285714285714	2	34	1
0.115384615384615	2	34	1
0.12	2	34	1
0.3	2	34	1
0.727272727272727	2	34	1
0.136363636363636	2	34	1
0.115384615384615	2	34	1
0.106382978723404	2	34	1
0.13953488372093	2	34	1
0.3	2	34	1
0.25	2	34	1
0.4	2	34	1
0.117647058823529	2	34	1
0.117647058823529	2	34	1
0.111111111111111	2	34	1
0.108695652173913	2	34	1
0.130434782608696	2	34	1
0.102564102564103	2	34	1
0.125	2	34	1
0.136363636363636	2	34	1
0.285714285714286	2	34	1
0.0980392156862745	2	34	1
0.108108108108108	2	34	1
0.457142857142857	2	34	1
0.269230769230769	2	34	1
0.116279069767442	2	34	1
0.21875	2	34	1
0.130434782608696	2	34	1
0.125	2	34	1
0.125	2	34	1
0.489795918367347	2	34	1
0.222222222222222	2	34	1
0.113636363636364	2	34	1
0.18	2	34	1
0.115384615384615	2	34	1
0.214285714285714	2	34	1
0.142857142857143	2	34	1
0.115384615384615	2	34	1
0.2	2	34	1
0.117647058823529	2	34	1
0.107142857142857	2	34	1
0.111111111111111	2	34	1
0.4	2	34	1
0.1875	2	34	1
0.238095238095238	2	34	1
0.0980392156862745	2	34	1
0.12	2	34	1
0.121212121212121	2	34	1
0.136363636363636	2	34	1
0.121212121212121	2	34	1
0.121212121212121	2	34	1
0.111111111111111	2	34	1
0.117647058823529	2	34	1
0.238095238095238	2	34	1
0.130434782608696	2	34	1
0.463414634146341	2	34	1
0.113636363636364	2	34	1
0.5	2	34	1
0.142857142857143	2	34	1
0.117647058823529	2	34	1
0.508196721311475	2	34	1
0.41025641025641	2	34	1
0.107142857142857	2	34	1
0.129032258064516	2	34	1
0.113636363636364	2	34	1
0.108695652173913	2	34	1
0.111111111111111	2	34	1
0.115384615384615	2	34	1
0.465116279069767	2	34	1
0.342105263157895	2	34	1
0.107142857142857	2	34	1
0.12	2	34	1
0.269230769230769	2	34	1
0.4	2	34	1
0.125	2	34	1
0.161290322580645	2	34	1
0.183333333333333	2	34	1
0.107142857142857	2	34	1
0.125	2	34	1
0.102564102564103	2	34	1
0.0833333333333333	2	34	1
0.115384615384615	2	34	1
0.136363636363636	2	34	1
0.25	2	34	1
0.0961538461538462	2	34	1
0.363636363636364	2	34	1
0.375	2	34	1
0.475	2	34	1
0.382352941176471	2	34	1
0.157894736842105	2	34	1
0.120689655172414	2	34	1
0.104166666666667	2	34	1
0.09375	2	34	1
0.115384615384615	2	34	1
0.36	2	34	1
0.166666666666667	2	34	1
0.117647058823529	2	34	1
0.103448275862069	2	34	1
0.119047619047619	2	34	1
0.108108108108108	2	34	1
0.117647058823529	2	34	1
0.36	2	34	1
0.114285714285714	2	34	1
0.352941176470588	2	34	1
0.4	2	34	1
0.323529411764706	2	34	1
0.114754098360656	2	34	1
0.166666666666667	2	34	1
0.111111111111111	2	34	1
0.193548387096774	2	34	1
0.136363636363636	2	34	1
0.19047619047619	2	34	1
0.135135135135135	2	34	1
0.117647058823529	2	34	1
0.12	2	34	1
0.394736842105263	2	34	1
0.15	2	34	1
0.24	2	34	1
0.115384615384615	2	34	1
0.451612903225806	2	34	1
0.108108108108108	2	34	1
0.3	2	34	1
0.125	2	34	1
0.548387096774194	2	34	1
0.176470588235294	2	34	1
0.115384615384615	2	34	1
0.136363636363636	2	34	1
0.282051282051282	2	34	1
0.125	2	34	1
0.414634146341463	2	34	1
0.183333333333333	2	34	1
0.461538461538462	2	34	1
0.1	2	34	1
0.5	2	34	1
0.463414634146341	2	34	1
0.136363636363636	2	34	1
0.12	2	34	1
0.386363636363636	2	34	1
0.12	2	34	1
0.111111111111111	2	34	1
0.129032258064516	2	34	1
0.15	2	34	1
0.125	2	34	1
0.125	2	34	1
0.115384615384615	2	34	1
0.482758620689655	2	34	1
0.371428571428571	2	34	1
0.125	2	34	1
0.130434782608696	2	34	1
0.102564102564103	2	34	1
0.191489361702128	2	34	1
0.515151515151515	2	34	1
0.142857142857143	2	34	1
0.121212121212121	2	34	1
0.157894736842105	2	34	1
0.617021276595745	2	34	1
0.142857142857143	2	34	1
0.30952380952381	2	34	1
0.113636363636364	2	34	1
0.15625	2	34	1
0.5	2	34	1
0.114285714285714	2	34	1
0.147058823529412	2	34	1
0.392857142857143	2	34	1
0.333333333333333	2	34	1
0.15	2	34	1
0.131578947368421	2	34	1
0.609756097560976	2	34	1
0.117647058823529	2	34	1
0.344827586206897	2	34	1
0.111111111111111	2	34	1
0.458333333333333	2	34	1
0.12	2	34	1
0.157894736842105	2	34	1
0.358974358974359	2	34	1
0.117647058823529	2	34	1
0.136363636363636	2	34	1
0.0925925925925926	2	34	1
0.466666666666667	2	34	1
0.212121212121212	2	34	1
0.666666666666667	2	34	1
0.125	2	34	1
0.111111111111111	2	34	1
0.323529411764706	2	34	1
0.136363636363636	2	34	1
0.102564102564103	2	34	1
0.115384615384615	2	34	1
0.170731707317073	2	34	1
0.115384615384615	2	34	1
0.111111111111111	2	34	1
0.130434782608696	2	34	1
0.105263157894737	2	34	1
0.12	2	34	1
0.108108108108108	2	34	1
0.0892857142857143	2	34	1
0.305555555555556	2	34	1
0.242424242424242	2	34	1
0.111111111111111	2	34	1
0.204081632653061	2	34	1
0.107142857142857	2	34	1
0.127659574468085	2	34	1
0.454545454545455	2	34	1
0.107142857142857	2	34	1
0.425531914893617	2	34	1
0.125	2	34	1
0.15	2	34	1
0.136363636363636	2	34	1
0.516129032258065	2	34	1
0.12	2	34	1
0.125	2	34	1
0.12	2	34	1
0.137931034482759	2	34	1
0.148148148148148	2	34	1
0.111111111111111	2	34	1
0.12	2	34	1
0.67741935483871	2	34	1
0.125	2	34	1
0.380952380952381	2	34	1
0.136363636363636	2	34	1
0.136363636363636	2	34	1
0.115384615384615	2	34	1
0.12	2	34	1
0.555555555555556	2	34	1
0.384615384615385	2	34	1
0.130434782608696	2	34	1
0.130434782608696	2	34	1
0.113636363636364	2	34	1
0.166666666666667	2	34	1
0.555555555555556	2	34	1
0.409090909090909	2	34	1
0.131578947368421	2	34	1
0.133333333333333	2	34	1
0.125	2	34	1
0.12	2	34	1
0.125	2	34	1
0.12	2	34	1
0.428571428571429	2	34	1
0.136363636363636	2	34	1
0.130434782608696	2	34	1
0.194444444444444	2	34	1
0.19047619047619	2	34	1
0.148148148148148	2	34	1
0.111111111111111	2	34	1
0.115384615384615	2	34	1
0.176470588235294	2	34	1
0.58695652173913	2	34	1
0.125	2	34	1
0.261904761904762	2	34	1
0.129032258064516	2	34	1
0.111111111111111	2	34	1
0.125	2	34	1
0.108108108108108	2	34	1
0.115384615384615	2	34	1
0.116279069767442	2	34	1
0.125	2	34	1
0.243243243243243	2	34	1
0.157894736842105	2	34	1
0.533333333333333	2	34	1
0.114285714285714	2	34	1
0.125	2	34	1
0.115384615384615	2	34	1
0.114285714285714	2	34	1
0.130434782608696	2	34	1
0.129032258064516	2	34	1
0.102564102564103	2	34	1
0.116279069767442	2	34	1
0.115384615384615	2	34	1
0.225806451612903	2	34	1
0.115384615384615	2	34	1
0.157894736842105	2	34	1
0.131578947368421	2	34	1
0.4375	2	34	1
0.125	2	34	1
0.28125	2	34	1
0.12	2	34	1
0.12	2	34	1
0.108695652173913	2	34	1
0.255813953488372	2	34	1
0.111111111111111	2	34	1
0.40625	2	34	1
0.12	2	34	1
0.324324324324324	2	34	1
0.508771929824561	2	34	1
0.128205128205128	2	34	1
0.486486486486487	2	34	1
0.133333333333333	2	34	1
0.4375	2	34	1
0.32258064516129	2	34	1
0.111111111111111	2	34	1
0.121212121212121	2	34	1
0.0961538461538462	2	34	1
0.171428571428571	2	34	1
0.131578947368421	2	34	1
0.125	2	34	1
0.103448275862069	2	34	1
0.387096774193548	2	34	1
0.117647058823529	2	34	1
0.115384615384615	2	34	1
0.192307692307692	2	34	1
0.125	2	34	1
0.230769230769231	2	34	1
0.105263157894737	2	34	1
0.111111111111111	2	34	1
0.0909090909090909	2	34	1
0.113636363636364	2	34	1
0.157894736842105	2	34	1
0.103448275862069	2	34	1
0.0980392156862745	2	34	1
0.15	2	34	1
0.153846153846154	2	34	1
0.125	2	34	1
0.363636363636364	2	34	1
0.217391304347826	2	34	1
0.125	2	34	1
0.390243902439024	2	34	1
0.105263157894737	2	34	1
0.115384615384615	2	34	1
0.114285714285714	2	34	1
0.421052631578947	2	34	1
0.444444444444444	2	34	1
0.543478260869565	2	34	1
0.137931034482759	2	34	1
0.104166666666667	2	34	1
0.125	2	34	1
0.189189189189189	2	34	1
0.12	2	34	1
0.325	2	34	1
0.121212121212121	2	34	1
0.157894736842105	2	34	1
0.125	2	34	1
0.136363636363636	2	34	1
0.115384615384615	2	34	1
0.421052631578947	2	34	1
0.232558139534884	2	34	1
0.181818181818182	2	34	1
0.125	2	34	1
0.111111111111111	2	34	1
0.357142857142857	2	34	1
0.433333333333333	2	34	1
0.296296296296296	2	34	1
0.111111111111111	2	34	1
0.214285714285714	2	34	1
0.108108108108108	2	34	1
0.146341463414634	2	34	1
0.177777777777778	2	34	1
0.2	2	34	1
0.125	2	34	1
0.125	2	34	1
0.473684210526316	2	34	1
0.114285714285714	2	34	1
0.142857142857143	2	34	1
0.107142857142857	2	34	1
0.129032258064516	2	34	1
0.125	2	34	1
0.107142857142857	2	34	1
0.138888888888889	2	34	1
0.133333333333333	2	34	1
0.4375	2	34	1
0.114285714285714	2	34	1
0.0847457627118644	2	34	1
0.129032258064516	2	34	1
0.315789473684211	2	34	1
0.111111111111111	2	34	1
0.228571428571429	2	34	1
0.44	2	34	1
0.35	2	34	1
0.121212121212121	2	34	1
0.119047619047619	2	34	1
0.210526315789474	2	34	1
0.125	2	34	1
0.142857142857143	2	34	1
0.260869565217391	2	34	1
0.125	2	34	1
0.111111111111111	2	34	1
0.12	2	34	1
0.142857142857143	2	34	1
0.222222222222222	2	34	1
0.102564102564103	2	34	1
0.125	2	34	1
0.121212121212121	2	34	1
0.115384615384615	2	34	1
0.315789473684211	2	34	1
0.150943396226415	2	34	1
0.0961538461538462	2	34	1
0.352941176470588	2	34	1
0.473684210526316	2	34	1
0.136363636363636	2	34	1
0.12	2	34	1
0.485714285714286	2	34	1
0.0892857142857143	2	34	1
0.137254901960784	2	34	1
0.333333333333333	2	34	1
0.111111111111111	2	34	1
0.333333333333333	2	34	1
0.325581395348837	2	34	1
0.409090909090909	2	34	1
0.146341463414634	2	34	1
0.117647058823529	2	34	1
0.111111111111111	2	34	1
0.0892857142857143	2	34	1
0.1	2	34	1
0.4	2	34	1
0.482142857142857	2	34	1
0.297297297297297	2	34	1
0.214285714285714	2	34	1
0.142857142857143	2	34	1
0.15625	2	34	1
0.176470588235294	2	34	1
0.120689655172414	2	34	1
0.0980392156862745	2	34	1
0.5	2	34	1
0.255813953488372	2	34	1
0.157894736842105	2	34	1
0.120689655172414	2	34	1
0.34	2	34	1
0.125	2	34	1
0.162162162162162	2	34	1
0.55	2	34	1
0.125	2	34	1
0.107142857142857	2	34	1
0.48	2	34	1
0.27027027027027	2	34	1
0.274509803921569	2	34	1
0.542857142857143	2	34	1
0.0793650793650794	2	34	1
0.617021276595745	2	34	1
0.115384615384615	2	34	1
0.111111111111111	2	34	1
0.0847457627118644	2	34	1
0.133333333333333	2	34	1
0.128205128205128	2	34	1
0.125	2	34	1
0.111111111111111	2	34	1
0.157894736842105	2	34	1
0.125	2	34	1
0.115384615384615	2	34	1
0.326086956521739	2	34	1
0.104166666666667	2	34	1
0.127659574468085	2	34	1
0.108108108108108	2	34	1
0.21875	2	34	1
0.107142857142857	2	34	1
0.0862068965517241	2	34	1
0.129032258064516	2	34	1
0.368421052631579	2	34	1
0.0892857142857143	2	34	1
0.12	2	34	1
0.521739130434783	2	34	1
0.0983606557377049	2	34	1
0.266666666666667	2	34	1
0.130434782608696	2	34	1
0.24	2	34	1
0.157894736842105	2	34	1
0.107142857142857	2	34	1
0.171428571428571	2	34	1
0.125	2	34	1
0.108695652173913	2	34	1
0.0961538461538462	2	34	1
0.121951219512195	2	34	1
0.575757575757576	2	34	1
0.145454545454545	2	34	1
0.104166666666667	2	34	1
0.0943396226415094	2	34	1
0.38	2	34	1
0.523809523809524	2	34	1
0.119047619047619	2	34	1
0.115384615384615	2	34	1
0.105263157894737	2	34	1
0.5	2	34	1
0.363636363636364	2	34	1
0.1	2	34	1
0.428571428571429	2	34	1
0.133333333333333	2	34	1
0.117647058823529	2	34	1
0.214285714285714	2	34	1
0.0892857142857143	2	34	1
0.327272727272727	2	34	1
0.125	2	34	1
0.142857142857143	2	34	1
0.142857142857143	2	34	1
0.15	2	34	1
0.130434782608696	2	34	1
0.15625	2	34	1
0.136363636363636	2	34	1
0.307692307692308	2	34	1
0.146341463414634	2	34	1
0.368421052631579	2	34	1
0.333333333333333	2	34	1
0.510204081632653	2	34	1
0.12	2	34	1
0.142857142857143	2	34	1
0.24390243902439	2	34	1
0.604166666666667	2	34	1
0.488888888888889	2	34	1
0.0806451612903226	2	34	1
0.115384615384615	2	34	1
0.465116279069767	2	34	1
0.125	2	34	1
0.228070175438596	2	34	1
0.107142857142857	2	34	1
0.087719298245614	2	34	1
0.142857142857143	2	34	1
0.25	2	34	1
0.285714285714286	2	34	1
0.294117647058824	2	34	1
0.115384615384615	2	34	1
0.125	2	34	1
0.571428571428571	2	34	1
0.121212121212121	2	34	1
0.3	2	34	1
0.5	2	34	1
0.104166666666667	2	34	1
0.209302325581395	2	34	1
0.142857142857143	2	34	1
0.475	2	34	1
0.292682926829268	2	34	1
0.15	2	34	1
0.25	2	34	1
0.142857142857143	2	34	1
0.0862068965517241	2	34	1
0.125	2	34	1
0.15	2	34	1
0.205882352941176	2	34	1
0.32	2	34	1
0.3	2	34	1
0.105263157894737	2	34	1
0.114285714285714	2	34	1
0.0980392156862745	2	34	1
0.2	2	34	1
0.130434782608696	2	34	1
0.115384615384615	2	34	1
0.137931034482759	2	34	1
0.117647058823529	2	34	1
0.111111111111111	2	34	1
0.115384615384615	2	34	1
0.12	2	34	1
0.115384615384615	2	34	1
0.111111111111111	2	34	1
0.111111111111111	2	34	1
0.115384615384615	2	34	1
0.549019607843137	2	34	1
0.0980392156862745	2	34	1
0.130434782608696	2	34	1
0.468085106382979	2	34	1
0.130434782608696	2	34	1
0.111111111111111	2	34	1
0.12	2	34	1
0.119047619047619	2	34	1
0.12	2	34	1
0.4	2	34	1
0.447368421052632	2	34	1
0.111111111111111	2	34	1
0.12	2	34	1
0.15	2	34	1
0.142857142857143	2	34	1
0.125	2	34	1
0.142857142857143	2	34	1
0.146341463414634	2	34	1
0.0847457627118644	2	34	1
0.15625	2	34	1
0.485714285714286	2	34	1
0.333333333333333	2	34	1
0.115384615384615	2	34	1
0.107142857142857	2	34	1
0.15	2	34	1
0.5	2	34	1
0.477272727272727	2	34	1
0.117647058823529	2	34	1
0.121212121212121	2	34	1
0.111111111111111	2	34	1
0.166666666666667	2	34	1
0.236842105263158	2	34	1
0.222222222222222	2	34	1
0.285714285714286	2	34	1
0.117647058823529	2	34	1
0.193548387096774	2	34	1
0.15	2	34	1
0.12	2	34	1
0.108695652173913	2	34	1
0.28125	2	34	1
0.117647058823529	2	34	1
0.133333333333333	2	34	1
0.111111111111111	2	34	1
0.107142857142857	2	34	1
0.145454545454545	2	34	1
0.518518518518518	2	34	1
0.375	2	34	1
0.24	2	34	1
0.111111111111111	2	34	1
0.26530612244898	2	34	1
0.166666666666667	2	34	1
0.476190476190476	2	34	1
0.173076923076923	2	34	1
0.125	2	34	1
0.114285714285714	2	34	1
0.555555555555556	2	34	1
0.217391304347826	2	34	1
0.111111111111111	2	34	1
0.130434782608696	2	34	1
0.542857142857143	2	34	1
0.115384615384615	2	34	1
0.115384615384615	2	34	1
0.371428571428571	2	34	1
0.15	2	34	1
0.114285714285714	2	34	1
0.1875	2	34	1
0.115384615384615	2	34	1
0.454545454545455	2	34	1
0.258064516129032	2	34	1
0.380952380952381	2	34	1
0.142857142857143	2	34	1
0.375	2	34	1
0.125	2	34	1
0.583333333333333	2	34	1
0.523809523809524	2	34	1
0.125	2	34	1
0.108108108108108	2	34	1
0.111111111111111	2	34	1
0.107142857142857	2	34	1
0.125	2	34	1
0.111111111111111	2	34	1
0.208333333333333	2	34	1
0.111111111111111	2	34	1
0.325581395348837	2	34	1
0.533333333333333	2	34	1
0.0862068965517241	2	34	1
0.523809523809524	2	34	1
0.115384615384615	2	34	1
0.347826086956522	2	34	1
0.125	2	34	1
0.111111111111111	2	34	1
0.129032258064516	2	34	1
0.12	2	34	1
0.2	2	34	1
0.121212121212121	2	34	1
0.107142857142857	2	34	1
0.12	2	34	1
0.111111111111111	2	34	1
0.604651162790698	2	34	1
0.130434782608696	2	34	1
0.121212121212121	2	34	1
0.157894736842105	2	34	1
0.125	2	34	1
0.48936170212766	2	34	1
0.261904761904762	2	34	1
0.150943396226415	2	34	1
0.111111111111111	2	34	1
0.391304347826087	2	34	1
0.108695652173913	2	34	1
0.121951219512195	2	34	1
0.125	2	34	1
0.170731707317073	2	34	1
0.176470588235294	2	34	1
0.107142857142857	2	34	1
0.106382978723404	2	34	1
0.142857142857143	2	34	1
0.461538461538462	2	34	1
0.114285714285714	2	34	1
0.111111111111111	2	34	1
0.125	2	34	1
0.133333333333333	2	34	1
0.131578947368421	2	34	1
0.5	2	34	1
0.16	2	34	1
0.292682926829268	2	34	1
0.130434782608696	2	34	1
0.107142857142857	2	34	1
0.111111111111111	2	34	1
0.285714285714286	2	34	1
0.276595744680851	2	34	1
0.107142857142857	2	34	1
0.142857142857143	2	34	1
0.125	2	34	1
0.382978723404255	2	34	1
0.522727272727273	2	34	1
0.131578947368421	2	34	1
0.12	2	34	1
0.111111111111111	2	34	1
0.176470588235294	2	34	1
0.125	2	34	1
0.567567567567568	2	34	1
0.115384615384615	2	34	1
0.15	2	34	1
0.133333333333333	2	34	1
0.111111111111111	2	34	1
0.125	2	34	1
0.115384615384615	2	34	1
0.226415094339623	2	34	1
0.125	2	34	1
0.153846153846154	2	34	1
0.115384615384615	2	34	1
0.108108108108108	2	34	1
0.111111111111111	2	34	1
0.481481481481481	2	34	1
0.388888888888889	2	34	1
0.441176470588235	2	34	1
0.297297297297297	2	34	1
0.119047619047619	2	34	1
0.435897435897436	2	34	1
0.567567567567568	2	34	1
0.1	2	34	1
0.113636363636364	2	34	1
0.321428571428571	2	34	1
0.102040816326531	2	34	1
0.171428571428571	2	34	1
0.404761904761905	2	34	1
0.157894736842105	2	34	1
0.230769230769231	2	34	1
0.107142857142857	2	34	1
0.130434782608696	2	34	1
0.130434782608696	2	34	1
0.105263157894737	2	34	1
0.111111111111111	2	34	1
0.595238095238095	2	34	1
0.142857142857143	2	34	1
0.5	2	34	1
0.125	2	34	1
0.125	2	34	1
0.116279069767442	2	34	1
0.12	2	34	1
0.428571428571429	2	34	1
0.12	2	34	1
0.452380952380952	2	34	1
0.125	2	34	1
0.315789473684211	2	34	1
0.463414634146341	2	34	1
0.568181818181818	2	34	1
0.215686274509804	2	34	1
0.117647058823529	2	34	1
0.15	2	34	1
0.125	2	34	1
0.125	2	34	1
0.142857142857143	2	34	1
0.108108108108108	2	34	1
0.157894736842105	2	34	1
0.115384615384615	2	34	1
0.333333333333333	2	34	1
0.115384615384615	2	34	1
0.463414634146341	2	34	1
0.115384615384615	2	34	1
0.121212121212121	2	34	1
0.121212121212121	2	34	1
0.157894736842105	2	34	1
0.0909090909090909	2	34	1
0.125	2	34	1
0.482758620689655	2	34	1
0.130434782608696	2	34	1
0.229166666666667	2	34	1
0.117647058823529	2	34	1
0.529411764705882	2	34	1
0.571428571428571	2	34	1
0.125	2	34	1
0.101694915254237	2	34	1
0.25	2	34	1
0.133333333333333	2	34	1
0.125	2	34	1
0.111111111111111	2	34	1
0.181818181818182	2	34	1
0.203703703703704	2	34	1
0.111111111111111	2	34	1
0.130434782608696	2	34	1
0.115384615384615	2	34	1
0.111111111111111	2	34	1
0.117647058823529	2	34	1
0.122448979591837	2	34	1
0.142857142857143	2	34	1
0.111111111111111	2	34	1
0.162162162162162	2	34	1
0.46	2	34	1
0.136363636363636	2	34	1
0.117647058823529	2	34	1
0.375	2	34	1
0.117647058823529	2	34	1
0.137931034482759	2	34	1
0.275	2	34	1
0.0819672131147541	2	34	1
0.5	2	34	1
0.142857142857143	2	34	1
0.130434782608696	2	34	1
0.184210526315789	2	34	1
0.133333333333333	2	34	1
0.129032258064516	2	34	1
0.115384615384615	2	34	1
0.105263157894737	2	34	1
0.142857142857143	2	34	1
0.119047619047619	2	34	1
0.0925925925925926	2	34	1
0.114285714285714	2	34	1
0.133333333333333	2	34	1
0.105263157894737	2	34	1
0.162790697674419	2	34	1
0.111111111111111	2	34	1
0.115384615384615	2	34	1
0.130434782608696	2	34	1
0.456521739130435	2	34	1
0.5	2	34	1
0.136363636363636	2	34	1
0.129032258064516	2	34	1
0.12	2	34	1
0.108695652173913	2	34	1
0.181818181818182	2	34	1
0.114285714285714	2	34	1
0.125	2	34	1
0.108695652173913	2	34	1
0.511111111111111	2	34	1
0.111111111111111	2	34	1
0.103448275862069	2	34	1
0.130434782608696	2	34	1
0.16	2	34	1
0.2	2	34	1
0.2	2	34	1
0.117647058823529	2	34	1
0.108108108108108	2	34	1
0.433333333333333	2	34	1
0.107142857142857	2	34	1
0.111111111111111	2	34	1
0.214285714285714	2	34	1
0.121212121212121	2	34	1
0.125	2	34	1
0.137931034482759	2	34	1
0.483870967741935	2	34	1
0.223880597014925	2	34	1
0.409090909090909	2	34	1
0.114285714285714	2	34	1
0.176470588235294	2	34	1
0.166666666666667	2	34	1
0.147058823529412	2	34	1
0.125	2	34	1
0.181818181818182	2	34	1
0.117647058823529	2	34	1
0.260869565217391	2	34	1
0.333333333333333	2	34	1
0.136363636363636	2	34	1
0.114285714285714	2	34	1
0.244444444444444	2	34	1
0.130434782608696	2	34	1
0.153846153846154	2	34	1
0.142857142857143	2	34	1
0.116279069767442	2	34	1
0.13953488372093	2	34	1
0.142857142857143	2	34	1
0.444444444444444	2	34	1
0.1	2	34	1
0.125	2	34	1
0.166666666666667	2	34	1
0.137931034482759	2	34	1
0.5	2	34	1
0.15	2	34	1
0.150943396226415	2	34	1
0.185185185185185	2	34	1
0.142857142857143	2	34	1
0.133333333333333	2	34	1
0.131578947368421	2	34	1
0.354166666666667	2	34	1
0.130434782608696	2	34	1
0.136363636363636	2	34	1
0.476190476190476	2	34	1
0.384615384615385	2	34	1
0.218181818181818	2	34	1
0.0684931506849315	2	34	1
0.125	2	34	1
0.428571428571429	2	34	1
0.425	2	34	1
0.296296296296296	2	34	1
0.125	2	34	1
0.111111111111111	2	34	1
0.157894736842105	2	34	1
0.115384615384615	2	34	1
0.121212121212121	2	34	1
0.236842105263158	2	34	1
0.419354838709677	2	34	1
0.107142857142857	2	34	1
0.142857142857143	2	34	1
0.465116279069767	2	34	1
0.5	2	34	1
0.114285714285714	2	34	1
0.142857142857143	2	34	1
0.137931034482759	2	34	1
0.12	2	34	1
0.125	2	34	1
0.121212121212121	2	34	1
0.105263157894737	2	34	1
0.479166666666667	2	34	1
0.230769230769231	2	34	1
0.340909090909091	2	34	1
0.125	2	34	1
0.418604651162791	2	34	1
0.285714285714286	2	34	1
0.136363636363636	2	34	1
0.125	2	34	1
0.111111111111111	2	34	1
0.130434782608696	2	34	1
0.108108108108108	2	34	1
0.12	2	34	1
0.121212121212121	2	34	1
0.16	2	34	1
0.0943396226415094	2	34	1
0.125	2	34	1
0.473684210526316	2	34	1
0.12	2	34	1
0.407407407407407	2	34	1
0.216216216216216	2	34	1
0.12	2	34	1
0.209302325581395	2	34	1
0.117647058823529	2	34	1
0.121951219512195	2	34	1
0.142857142857143	2	34	1
0.108108108108108	2	34	1
0.102040816326531	2	34	1
0.25	2	34	1
0.1	2	34	1
0.12	2	34	1
0.133333333333333	2	34	1
0.256410256410256	2	34	1
0.117647058823529	2	34	1
0.121951219512195	2	34	1
0.0862068965517241	2	34	1
0.142857142857143	2	34	1
0.107142857142857	2	34	1
0.0925925925925926	2	34	1
0.130434782608696	2	34	1
0.13953488372093	2	34	1
0.130434782608696	2	34	1
0.12	2	34	1
0.565217391304348	2	34	1
0.121212121212121	2	34	1
0.136363636363636	2	34	1
0.153846153846154	2	34	1
0.285714285714286	2	34	1
0.0862068965517241	2	34	1
0.0961538461538462	2	34	1
0.214285714285714	2	34	1
0.576923076923077	2	34	1
0.125	2	34	1
0.136363636363636	2	34	1
0.285714285714286	2	34	1
0.371428571428571	2	34	1
0.30952380952381	2	34	1
0.133333333333333	2	34	1
0.181818181818182	2	34	1
0.108695652173913	2	34	1
0.0819672131147541	2	34	1
0.435897435897436	2	34	1
0.268292682926829	2	34	1
0.260869565217391	2	34	1
0.189189189189189	2	34	1
0.448275862068966	2	34	1
0.0925925925925926	2	34	1
0.18	2	34	1
0.125	2	34	1
0.136363636363636	2	34	1
0.0943396226415094	2	34	1
0.104166666666667	2	34	1
0.078125	2	34	1
0.5	2	34	1
0.162790697674419	2	34	1
0.125	2	34	1
0.111111111111111	2	34	1
0.1875	2	34	1
0.115384615384615	2	34	1
0.209302325581395	2	34	1
0.162790697674419	2	34	1
0.24390243902439	2	34	1
0.4	2	34	1
0.425531914893617	2	34	1
0.166666666666667	2	34	1
0.142857142857143	2	34	1
0.1	2	34	1
0.130434782608696	2	34	1
0.114285714285714	2	34	1
0.525	2	34	1
0.142857142857143	2	34	1
0.104166666666667	2	34	1
0.166666666666667	2	34	1
0.133333333333333	2	34	1
0.128205128205128	2	34	1
0.0980392156862745	2	34	1
0.087719298245614	2	34	1
0.142857142857143	2	34	1
0.142857142857143	2	34	1
0.0925925925925926	2	34	1
0.111111111111111	2	34	1
0.48780487804878	2	34	1
0.428571428571429	2	34	1
0.111111111111111	2	34	1
0.12	2	34	1
0.5	2	34	1
0.117647058823529	2	34	1
0.36734693877551	2	34	1
0.107142857142857	2	34	1
0.107142857142857	2	34	1
0.24	2	34	1
0.527777777777778	2	34	1
0.136363636363636	2	34	1
0.409090909090909	2	34	1
0.0793650793650794	2	34	1
0.0819672131147541	2	34	1
0.12	2	34	1
0.325	2	34	1
0.12	2	34	1
0.294117647058824	2	34	1
0.0909090909090909	2	34	1
0.464285714285714	2	34	1
0.5	2	34	1
0.46	2	34	1
0.107142857142857	2	34	1
0.087719298245614	2	34	1
0.5	2	34	1
0.113207547169811	2	34	1
0.130434782608696	2	34	1
0.125	2	34	1
0.113636363636364	2	34	1
0.137254901960784	2	34	1
0.0925925925925926	2	34	1
0.111111111111111	2	34	1
0.384615384615385	2	34	1
0.132075471698113	2	34	1
0.0943396226415094	2	34	1
0.142857142857143	2	34	1
0.25	2	34	1
0.303030303030303	2	34	1
0.125	2	34	1
0.0925925925925926	2	34	1
0.0757575757575758	2	34	1
0.115384615384615	2	34	1
0.117647058823529	2	34	1
0.0833333333333333	2	34	1
0.136363636363636	2	34	1
0.333333333333333	2	34	1
0.119047619047619	2	34	1
0.117647058823529	2	34	1
0.136363636363636	2	34	1
0.581395348837209	2	34	1
0.25	2	34	1
0.121212121212121	2	34	1
0.125	2	34	1
0.12	2	34	1
0.130434782608696	2	34	1
0.12	2	34	1
0.15	2	34	1
0.136363636363636	2	34	1
0.125	2	34	1
0.434782608695652	2	34	1
0.242424242424242	2	34	1
0.162162162162162	2	34	1
0.210526315789474	2	34	1
0.153846153846154	2	34	1
0.277777777777778	2	34	1
0.176470588235294	2	34	1
0.5	2	34	1
0.666666666666667	2	34	1
0.157894736842105	2	34	1
0.119047619047619	2	34	1
0.233333333333333	2	34	1
0.166666666666667	2	34	1
0.395833333333333	2	34	1
0.2	2	34	1
0.413793103448276	2	34	1
0.157894736842105	2	34	1
0.125	2	34	1
0.111111111111111	2	34	1
0.137931034482759	2	34	1
0.153846153846154	2	34	1
0.115384615384615	2	34	1
0.2	2	34	1
0.509803921568627	2	34	1
0.116279069767442	2	34	1
0.129032258064516	2	34	1
0.125	2	34	1
0.486486486486487	2	34	1
0.102040816326531	2	34	1
0.0980392156862745	2	34	1
0.125	2	34	1
0.125	2	34	1
0.121212121212121	2	34	1
0.166666666666667	2	34	1
0.117647058823529	2	34	1
0.121212121212121	2	34	1
0.166666666666667	2	34	1
0.153846153846154	2	34	1
0.4	2	34	1
0.183673469387755	2	34	1
0.176470588235294	2	34	1
0.125	2	34	1
0.4	2	34	1
0.46875	2	34	1
0.105263157894737	2	34	1
0.384615384615385	2	34	1
0.470588235294118	2	34	1
0.394736842105263	2	34	1
0.428571428571429	2	34	1
0.372549019607843	2	34	1
0.184210526315789	2	34	1
0.274509803921569	2	34	1
0.548387096774194	2	34	1
0.294117647058824	2	34	1
0.117647058823529	2	34	1
0.1875	2	34	1
0.193548387096774	2	34	1
0.125	2	34	1
0.152173913043478	2	34	1
0.264705882352941	2	34	1
0.342105263157895	2	34	1
0.125	2	34	1
0.617647058823529	2	34	1
0.12	2	34	1
0.15	2	34	1
0.125	2	34	1
0.115384615384615	2	34	1
0.148148148148148	2	34	1
0.125	2	34	1
0.459459459459459	2	34	1
0.125	2	34	1
0.125	2	34	1
0.315789473684211	2	34	1
0.1	2	34	1
0.142857142857143	2	34	1
0.12	2	34	1
0.111111111111111	2	34	1
0.133333333333333	2	34	1
0.125	2	34	1
0.12	2	34	1
0.137931034482759	2	34	1
0.461538461538462	2	34	1
0.130434782608696	2	34	1
0.125	2	34	1
0.130434782608696	2	34	1
0.129032258064516	2	34	1
0.523809523809524	2	34	1
0.166666666666667	2	34	1
0.3	2	34	1
0.130434782608696	2	34	1
0.216216216216216	2	34	1
0.111111111111111	2	34	1
0.12	2	34	1
0.12	2	34	1
0.125	2	34	1
0.173913043478261	2	34	1
0.115384615384615	2	34	1
0.1875	2	34	1
0.106382978723404	2	34	1
0.151515151515152	2	34	1
0.1875	2	34	1
0.12	2	34	1
0.5	2	34	1
0.153846153846154	2	34	1
0.115384615384615	2	34	1
0.125	2	34	1
0.1875	2	34	1
0.209302325581395	2	34	1
0.130434782608696	2	34	1
0.566666666666667	2	34	1
0.173913043478261	2	34	1
0.435897435897436	2	34	1
0.117647058823529	2	34	1
0.157894736842105	2	34	1
0.0961538461538462	2	34	1
0.488888888888889	2	34	1
0.225806451612903	2	34	1
0.5	2	34	1
0.571428571428571	2	34	1
0.12	2	34	1
0.3125	2	34	1
0.107142857142857	2	34	1
0.12	2	34	1
0.129032258064516	2	34	1
0.157894736842105	2	34	1
0.125	2	34	1
0.108695652173913	2	34	1
0.125	2	34	1
0.12	2	34	1
0.388888888888889	2	34	1
0.115384615384615	2	34	1
0.176470588235294	2	34	1
0.111111111111111	2	34	1
0.115384615384615	2	34	1
0.121212121212121	2	34	1
0.393939393939394	2	34	1
0.5	2	34	1
0.114285714285714	2	34	1
0.529411764705882	2	34	1
0.107142857142857	2	34	1
0.15	2	34	1
0.115384615384615	2	34	1
0.125	2	34	1
0.133333333333333	2	34	1
0.136363636363636	2	34	1
0.111111111111111	2	34	1
0.121212121212121	2	34	1
0.5	2	34	1
0.12	2	34	1
0.157894736842105	2	34	1
0.421052631578947	2	34	1
0.157894736842105	2	34	1
0.137931034482759	2	34	1
0.125	2	34	1
0.136363636363636	2	34	1
0.575	2	34	1
0.205882352941176	2	34	1
0.111111111111111	2	34	1
0.541666666666667	2	34	1
0.12	2	34	1
0.153846153846154	2	34	1
0.12	2	34	1
0.157894736842105	2	34	1
0.103448275862069	2	34	1
0.111111111111111	2	34	1
0.125	2	34	1
0.111111111111111	2	34	1
0.166666666666667	2	34	1
0.108108108108108	2	34	1
0.12	2	34	1
0.103448275862069	2	34	1
0.255813953488372	2	34	1
0.159090909090909	2	34	1
0.176470588235294	2	34	1
0.116279069767442	2	34	1
0.117647058823529	2	34	1
0.103448275862069	2	34	1
0.225	2	34	1
0.545454545454545	2	34	1
0.129032258064516	2	34	1
0.136363636363636	2	34	1
0.111111111111111	2	34	1
0.27906976744186	2	34	1
0.380952380952381	2	34	1
0.142857142857143	2	34	1
0.111111111111111	2	34	1
0.125	2	34	1
0.117647058823529	2	34	1
0.12	2	34	1
0.125	2	34	1
0.0943396226415094	2	34	1
0.136363636363636	2	34	1
0.15	2	34	1
0.162162162162162	2	34	1
0.375	2	34	1
0.106382978723404	2	34	1
0.121212121212121	2	34	1
0.166666666666667	2	34	1
0.0892857142857143	2	34	1
0.177777777777778	2	34	1
0.15	2	34	1
0.157894736842105	2	34	1
0.087719298245614	3	56	1
0.140845070422535	3	56	1
0.222222222222222	3	56	1
0.136363636363636	3	56	1
0.173913043478261	3	56	1
0.125	3	56	1
0.0909090909090909	3	56	1
0.0793650793650794	3	56	1
0.125	3	56	1
0.1	3	56	1
0.117647058823529	3	56	1
0.265625	3	56	1
0.276595744680851	3	56	1
0.122448979591837	3	56	1
0.0793650793650794	3	56	1
0.087719298245614	3	56	1
0.148936170212766	3	56	1
0.304347826086957	3	56	1
0.072463768115942	3	56	1
0.0769230769230769	3	56	1
0.215686274509804	3	56	1
0.109090909090909	3	56	1
0.264150943396226	3	56	1
0.0769230769230769	3	56	1
0.0847457627118644	3	56	1
0.305084745762712	3	56	1
0.0961538461538462	3	56	1
0.0806451612903226	3	56	1
0.0892857142857143	3	56	1
0.12962962962963	3	56	1
0.0666666666666667	3	56	1
0.0721649484536082	3	56	1
0.0675675675675676	3	56	1
0.0983606557377049	3	56	1
0.181818181818182	3	56	1
0.0847457627118644	3	56	1
0.102040816326531	3	56	1
0.348484848484849	3	56	1
0.0909090909090909	3	56	1
0.0862068965517241	3	56	1
0.111111111111111	3	56	1
0.0806451612903226	3	56	1
0.0746268656716418	3	56	1
0.5	3	56	1
0.0952380952380952	3	56	1
0.611111111111111	3	56	1
0.0833333333333333	3	56	1
0.0769230769230769	3	56	1
0.0704225352112676	3	56	1
0.614035087719298	3	56	1
0.15	3	56	1
0.114754098360656	3	56	1
0.0757575757575758	3	56	1
0.111111111111111	3	56	1
0.0943396226415094	3	56	1
0.295081967213115	3	56	1
0.214285714285714	3	56	1
0.130434782608696	3	56	1
0.142857142857143	3	56	1
0.0909090909090909	3	56	1
0.087719298245614	3	56	1
0.142857142857143	3	56	1
0.147058823529412	3	56	1
0.130434782608696	3	56	1
0.204081632653061	3	56	1
0.0735294117647059	3	56	1
0.0735294117647059	3	56	1
0.101694915254237	3	56	1
0.338461538461538	3	56	1
0.15625	3	56	1
0.283582089552239	3	56	1
0.120689655172414	3	56	1
0.39622641509434	3	56	1
0.578947368421053	3	56	1
0.627118644067797	3	56	1
0.115384615384615	3	56	1
0.365853658536585	3	56	1
0.0943396226415094	3	56	1
0.288461538461538	3	56	1
0.342857142857143	3	56	1
0.282051282051282	3	56	1
0.238095238095238	3	56	1
0.657142857142857	3	56	1
0.136363636363636	3	56	1
0.18	3	56	1
0.236842105263158	3	56	1
0.235294117647059	3	56	1
0.189189189189189	3	56	1
0.153846153846154	3	56	1
0.141025641025641	3	56	1
0.378787878787879	3	56	1
0.0714285714285714	3	56	1
0.113636363636364	3	56	1
0.0857142857142857	3	56	1
0.0909090909090909	3	56	1
0.2	3	56	1
0.0746268656716418	3	56	1
0.0714285714285714	3	56	1
0.196078431372549	3	56	1
0.18	3	56	1
0.111111111111111	3	56	1
0.0862068965517241	3	56	1
0.130434782608696	3	56	1
0.078125	3	56	1
0.113636363636364	3	56	1
0.0923076923076923	3	56	1
0.217391304347826	3	56	1
0.0806451612903226	3	56	1
0.072463768115942	3	56	1
0.125	3	56	1
0.0657894736842105	3	56	1
0.209677419354839	3	56	1
0.0819672131147541	3	56	1
0.0704225352112676	3	56	1
0.0862068965517241	3	56	1
0.121951219512195	3	56	1
0.25	3	56	1
0.0746268656716418	3	56	1
0.25	3	56	1
0.0694444444444444	3	56	1
0.428571428571429	3	56	1
0.0952380952380952	3	56	1
0.0704225352112676	3	56	1
0.175438596491228	3	56	1
0.087719298245614	3	56	1
0.222222222222222	3	56	1
0.148148148148148	3	56	1
0.358490566037736	3	56	1
0.0746268656716418	3	56	1
0.122448979591837	3	56	1
0.172413793103448	3	56	1
0.103448275862069	3	56	1
0.087719298245614	3	56	1
0.0847457627118644	3	56	1
0.372093023255814	3	56	1
0.126760563380282	3	56	1
0.0793650793650794	3	56	1
0.418181818181818	3	56	1
0.109090909090909	3	56	1
0.109090909090909	3	56	1
0.0892857142857143	3	56	1
0.157894736842105	3	56	1
0.208333333333333	3	56	1
0.188405797101449	3	56	1
0.150943396226415	3	56	1
0.126984126984127	3	56	1
0.0933333333333333	3	56	1
0.172413793103448	3	56	1
0.0617283950617284	3	56	1
0.0943396226415094	3	56	1
0.317460317460317	3	56	1
0.0735294117647059	3	56	1
0.0806451612903226	3	56	1
0.315789473684211	3	56	1
0.0925925925925926	3	56	1
0.0746268656716418	3	56	1
0.354838709677419	3	56	1
0.0657894736842105	3	56	1
0.0819672131147541	3	56	1
0.111111111111111	3	56	1
0.115384615384615	3	56	1
0.155172413793103	3	56	1
0.253968253968254	3	56	1
0.289473684210526	3	56	1
0.206896551724138	3	56	1
0.106060606060606	3	56	1
0.0833333333333333	3	56	1
0.176470588235294	3	56	1
0.0769230769230769	3	56	1
0.2	3	56	1
0.346153846153846	3	56	1
0.0793650793650794	3	56	1
0.157894736842105	3	56	1
0.0862068965517241	3	56	1
0.0819672131147541	3	56	1
0.0704225352112676	3	56	1
0.0625	3	56	1
0.466666666666667	3	56	1
0.0819672131147541	3	56	1
0.0909090909090909	3	56	1
0.0925925925925926	3	56	1
0.117647058823529	3	56	1
0.0847457627118644	3	56	1
0.0847457627118644	3	56	1
0.142857142857143	3	56	1
0.142857142857143	3	56	1
0.111111111111111	3	56	1
0.625	3	56	1
0.194444444444444	3	56	1
0.125	3	56	1
0.184210526315789	3	56	1
0.129032258064516	3	56	1
0.140350877192982	3	56	1
0.0746268656716418	3	56	1
0.0625	3	56	1
0.078125	3	56	1
0.0704225352112676	3	56	1
0.420289855072464	3	56	1
0.0967741935483871	3	56	1
0.115384615384615	3	56	1
0.0675675675675676	3	56	1
0.186440677966102	3	56	1
0.0694444444444444	3	56	1
0.0649350649350649	3	56	1
0.226415094339623	3	56	1
0.37037037037037	3	56	1
0.0609756097560976	3	56	1
0.0983606557377049	3	56	1
0.19047619047619	3	56	1
0.0923076923076923	3	56	1
0.072463768115942	3	56	1
0.0625	3	56	1
0.54	3	56	1
0.0588235294117647	3	56	1
0.0882352941176471	3	56	1
0.114754098360656	3	56	1
0.121212121212121	3	56	1
0.0675675675675676	3	56	1
0.7	3	56	1
0.087719298245614	3	56	1
0.072463768115942	3	56	1
0.078125	3	56	1
0.0632911392405063	3	56	1
0.407407407407407	3	56	1
0.087719298245614	3	56	1
0.0666666666666667	3	56	1
0.113207547169811	3	56	1
0.0789473684210526	3	56	1
0.208333333333333	3	56	1
0.260869565217391	3	56	1
0.207547169811321	3	56	1
0.0666666666666667	3	56	1
0.0769230769230769	3	56	1
0.23728813559322	3	56	1
0.180327868852459	3	56	1
0.0684931506849315	3	56	1
0.0757575757575758	3	56	1
0.0714285714285714	3	56	1
0.240740740740741	3	56	1
0.0925925925925926	3	56	1
0.130434782608696	3	56	1
0.2	3	56	1
0.0961538461538462	3	56	1
0.368421052631579	3	56	1
0.166666666666667	3	56	1
0.109090909090909	3	56	1
0.222222222222222	3	56	1
0.260869565217391	3	56	1
0.106382978723404	3	56	1
0.558823529411765	3	56	1
0.689655172413793	3	56	1
0.606060606060606	3	56	1
0.0983606557377049	3	56	1
