VAF	CN	avg.depth	purity
0.166666666666667	1	11	0.92
0.857142857142857	1	11	0.92
0.636363636363636	1	11	0.92
1	1	11	0.92
0.8	1	11	0.92
0.888888888888889	1	11	0.92
0.833333333333333	1	11	0.92
0.166666666666667	2	26	0.92
0.432432432432432	2	26	0.92
0.461538461538462	2	26	0.92
0.5	2	26	0.92
0.342105263157895	2	26	0.92
0.142857142857143	2	26	0.92
0.55	2	26	0.92
0.392857142857143	2	26	0.92
0.5	2	26	0.92
0.571428571428571	2	26	0.92
0.5	2	26	0.92
0.4	2	26	0.92
0.55	2	26	0.92
0.419354838709677	2	26	0.92
0.470588235294118	2	26	0.92
0.611111111111111	2	26	0.92
0.518518518518518	2	26	0.92
0.277777777777778	2	26	0.92
0.647058823529412	2	26	0.92
0.724137931034483	2	26	0.92
0.357142857142857	2	26	0.92
0.5	2	26	0.92
0.459459459459459	2	26	0.92
0.448275862068966	2	26	0.92
0.5	2	26	0.92
0.15	2	26	0.92
0.277777777777778	2	26	0.92
0.296296296296296	2	26	0.92
0.173913043478261	2	26	0.92
0.380952380952381	2	26	0.92
0.388888888888889	2	26	0.92
0.4	2	26	0.92
0.464285714285714	2	26	0.92
0.423076923076923	2	26	0.92
0.193548387096774	2	26	0.92
0.518518518518518	2	26	0.92
0.5	2	26	0.92
0.518518518518518	2	26	0.92
0.578947368421053	2	26	0.92
0.421052631578947	2	26	0.92
0.142857142857143	2	26	0.92
0.5	2	26	0.92
0.583333333333333	2	26	0.92
0.56	2	26	0.92
0.45	2	26	0.92
0.448275862068966	2	26	0.92
0.315789473684211	2	26	0.92
0.5	2	26	0.92
0.611111111111111	2	26	0.92
0.518518518518518	2	26	0.92
0.391304347826087	2	26	0.92
0.37037037037037	2	26	0.92
0.515151515151515	2	26	0.92
0.481481481481481	2	26	0.92
0.375	2	26	0.92
0.4	2	26	0.92
0.411764705882353	2	26	0.92
0.421052631578947	2	26	0.92
0.37037037037037	2	26	0.92
0.391304347826087	2	26	0.92
0.310344827586207	2	26	0.92
0.230769230769231	2	26	0.92
0.222222222222222	2	26	0.92
0.230769230769231	2	26	0.92
0.413793103448276	2	26	0.92
0.481481481481481	2	26	0.92
0.576923076923077	2	26	0.92
0.555555555555556	2	26	0.92
0.333333333333333	2	26	0.92
0.578947368421053	2	26	0.92
0.476190476190476	2	26	0.92
0.192307692307692	2	26	0.92
0.421052631578947	2	26	0.92
0.392857142857143	2	26	0.92
0.125	2	26	0.92
0.307692307692308	2	26	0.92
0.55	2	26	0.92
0.619047619047619	2	26	0.92
0.133333333333333	2	26	0.92
0.414634146341463	2	26	0.92
0.5	2	26	0.92
0.551724137931034	2	26	0.92
0.521739130434783	2	26	0.92
0.117647058823529	2	26	0.92
0.513513513513513	2	26	0.92
0.576923076923077	2	26	0.92
0.388888888888889	2	26	0.92
0.5625	2	26	0.92
0.5	2	26	0.92
0.545454545454545	2	26	0.92
0.354838709677419	2	26	0.92
0.344827586206897	2	26	0.92
0.434782608695652	2	26	0.92
0.375	2	26	0.92
0.576923076923077	2	26	0.92
0.523809523809524	2	26	0.92
0.6	2	26	0.92
0.409090909090909	2	26	0.92
0.5	2	26	0.92
0.55	2	26	0.92
0.521739130434783	2	26	0.92
0.3	2	26	0.92
0.285714285714286	2	26	0.92
0.653846153846154	2	26	0.92
0.545454545454545	2	26	0.92
0.333333333333333	2	26	0.92
0.272727272727273	2	26	0.92
0.285714285714286	2	26	0.92
0.378378378378378	2	26	0.92
0.444444444444444	2	26	0.92
0.461538461538462	2	26	0.92
0.4	2	26	0.92
0.166666666666667	2	26	0.92
0.4	2	26	0.92
0.5	2	26	0.92
0.5	2	26	0.92
0.375	2	26	0.92
0.571428571428571	2	26	0.92
0.363636363636364	2	26	0.92
0.48	2	26	0.92
0.407407407407407	2	26	0.92
0.448275862068966	2	26	0.92
0.421052631578947	2	26	0.92
0.6	2	26	0.92
0.413793103448276	2	26	0.92
0.379310344827586	2	26	0.92
0.454545454545455	2	26	0.92
0.409090909090909	2	26	0.92
0.5	2	26	0.92
0.266666666666667	2	26	0.92
0.393939393939394	2	26	0.92
0.485714285714286	2	26	0.92
0.5	2	26	0.92
0.52	2	26	0.92
0.310344827586207	2	26	0.92
0.523809523809524	2	26	0.92
0.366666666666667	2	26	0.92
0.130434782608696	2	26	0.92
0.35	2	26	0.92
0.521739130434783	2	26	0.92
0.3	2	26	0.92
0.55	2	26	0.92
0.7	2	26	0.92
0.5	2	26	0.92
0.176470588235294	2	26	0.92
0.384615384615385	2	26	0.92
0.523809523809524	2	26	0.92
0.235294117647059	2	26	0.92
0.434782608695652	2	26	0.92
0.545454545454545	2	26	0.92
0.428571428571429	2	26	0.92
0.535714285714286	2	26	0.92
0.166666666666667	2	26	0.92
0.625	2	26	0.92
0.4	2	26	0.92
0.517241379310345	2	26	0.92
0.541666666666667	2	26	0.92
0.590909090909091	2	26	0.92
0.5	2	26	0.92
0.552631578947368	2	26	0.92
0.666666666666667	2	26	0.92
0.5	2	26	0.92
0.555555555555556	2	26	0.92
0.318181818181818	2	26	0.92
0.466666666666667	2	26	0.92
0.333333333333333	2	26	0.92
0.363636363636364	2	26	0.92
0.272727272727273	2	26	0.92
0.181818181818182	2	26	0.92
0.5625	2	26	0.92
0.464285714285714	2	26	0.92
0.136363636363636	2	26	0.92
0.28125	2	26	0.92
0.333333333333333	2	26	0.92
0.454545454545455	2	26	0.92
0.5	2	26	0.92
0.44	2	26	0.92
0.607142857142857	2	26	0.92
0.275862068965517	2	26	0.92
0.46875	2	26	0.92
0.363636363636364	2	26	0.92
0.461538461538462	2	26	0.92
0.307692307692308	2	26	0.92
0.478260869565217	2	26	0.92
0.259259259259259	2	26	0.92
0.482758620689655	2	26	0.92
0.37037037037037	2	26	0.92
0.433333333333333	2	26	0.92
0.4375	2	26	0.92
0.333333333333333	2	26	0.92
0.625	2	26	0.92
0.387096774193548	2	26	0.92
0.304347826086957	2	26	0.92
0.473684210526316	2	26	0.92
0.166666666666667	2	26	0.92
0.461538461538462	2	26	0.92
0.333333333333333	2	26	0.92
0.55	2	26	0.92
0.12	2	26	0.92
0.555555555555556	2	26	0.92
0.652173913043478	2	26	0.92
0.6	2	26	0.92
0.28	2	26	0.92
0.461538461538462	2	26	0.92
0.216216216216216	2	26	0.92
0.466666666666667	2	26	0.92
0.304347826086957	2	26	0.92
0.307692307692308	2	26	0.92
0.481481481481481	2	26	0.92
0.4	2	26	0.92
0.285714285714286	2	26	0.92
0.333333333333333	2	26	0.92
0.611111111111111	2	26	0.92
0.448275862068966	2	26	0.92
0.392857142857143	2	26	0.92
0.5	2	26	0.92
0.464285714285714	2	26	0.92
0.457142857142857	2	26	0.92
0.592592592592593	2	26	0.92
0.416666666666667	2	26	0.92
0.392857142857143	2	26	0.92
0.409090909090909	2	26	0.92
0.12	2	26	0.92
0.478260869565217	2	26	0.92
0.533333333333333	2	26	0.92
0.387096774193548	2	26	0.92
0.285714285714286	2	26	0.92
0.333333333333333	2	26	0.92
0.272727272727273	2	26	0.92
0.473684210526316	2	26	0.92
0.378378378378378	2	26	0.92
0.5	2	26	0.92
0.421052631578947	2	26	0.92
0.515151515151515	2	26	0.92
0.5	2	26	0.92
0.444444444444444	2	26	0.92
0.227272727272727	2	26	0.92
0.611111111111111	2	26	0.92
0.470588235294118	2	26	0.92
0.307692307692308	2	26	0.92
0.277777777777778	2	26	0.92
0.344827586206897	2	26	0.92
0.354838709677419	2	26	0.92
0.458333333333333	2	26	0.92
0.310344827586207	2	26	0.92
0.478260869565217	2	26	0.92
0.423076923076923	2	26	0.92
0.428571428571429	2	26	0.92
0.558823529411765	2	26	0.92
0.4	2	26	0.92
0.130434782608696	2	26	0.92
0.484848484848485	2	26	0.92
0.294117647058824	2	26	0.92
0.409090909090909	2	26	0.92
0.555555555555556	2	26	0.92
0.52	2	26	0.92
0.478260869565217	2	26	0.92
0.52	2	26	0.92
0.384615384615385	2	26	0.92
0.428571428571429	2	26	0.92
0.5	2	26	0.92
0.473684210526316	2	26	0.92
0.517241379310345	2	26	0.92
0.434782608695652	2	26	0.92
0.551724137931034	2	26	0.92
0.625	2	26	0.92
0.448275862068966	2	26	0.92
0.444444444444444	2	26	0.92
0.483870967741935	2	26	0.92
0.714285714285714	2	26	0.92
0.5	2	26	0.92
0.513513513513513	2	26	0.92
0.433333333333333	2	26	0.92
0.666666666666667	2	26	0.92
0.470588235294118	2	26	0.92
0.433333333333333	2	26	0.92
0.52	2	26	0.92
0.166666666666667	2	26	0.92
0.44	2	26	0.92
0.409090909090909	2	26	0.92
0.318181818181818	2	26	0.92
0.547619047619048	2	26	0.92
0.5	2	26	0.92
0.482758620689655	2	26	0.92
0.5	2	26	0.92
0.534883720930233	2	26	0.92
0.407407407407407	2	26	0.92
0.346153846153846	2	26	0.92
0.347826086956522	2	26	0.92
0.40625	2	26	0.92
0.441176470588235	2	26	0.92
0.583333333333333	2	26	0.92
0.277777777777778	2	26	0.92
0.52	2	26	0.92
0.391304347826087	2	26	0.92
0.242424242424242	2	26	0.92
0.44	2	26	0.92
0.441176470588235	2	26	0.92
0.444444444444444	2	26	0.92
0.333333333333333	2	26	0.92
0.409090909090909	2	26	0.92
0.48	2	26	0.92
0.291666666666667	2	26	0.92
0.64	2	26	0.92
0.411764705882353	2	26	0.92
0.421052631578947	2	26	0.92
0.461538461538462	2	26	0.92
0.545454545454545	2	26	0.92
0.305555555555556	2	26	0.92
0.428571428571429	2	26	0.92
0.529411764705882	2	26	0.92
0.423076923076923	2	26	0.92
0.457142857142857	2	26	0.92
0.368421052631579	2	26	0.92
0.272727272727273	2	26	0.92
0.857142857142857	2	26	0.92
0.714285714285714	2	26	0.92
0.6	2	26	0.92
0.423076923076923	2	26	0.92
0.206896551724138	2	26	0.92
0.230769230769231	2	26	0.92
0.206896551724138	2	26	0.92
0.5	2	26	0.92
0.4	2	26	0.92
0.28	2	26	0.92
0.294117647058824	2	26	0.92
0.413793103448276	2	26	0.92
0.48	2	26	0.92
0.285714285714286	2	26	0.92
0.44	2	26	0.92
0.379310344827586	2	26	0.92
0.538461538461538	2	26	0.92
0.5	2	26	0.92
0.52	2	26	0.92
0.382352941176471	2	26	0.92
0.459459459459459	2	26	0.92
0.5	2	26	0.92
0.333333333333333	2	26	0.92
0.833333333333333	2	26	0.92
0.526315789473684	2	26	0.92
0.441176470588235	2	26	0.92
0.473684210526316	2	26	0.92
0.5	2	26	0.92
0.238095238095238	2	26	0.92
0.25	2	26	0.92
0.285714285714286	2	26	0.92
0.321428571428571	2	26	0.92
0.545454545454545	2	26	0.92
0.551724137931034	2	26	0.92
0.484848484848485	2	26	0.92
0.428571428571429	2	26	0.92
0.296296296296296	2	26	0.92
0.387096774193548	2	26	0.92
0.321428571428571	2	26	0.92
0.392857142857143	2	26	0.92
0.454545454545455	2	26	0.92
0.407407407407407	2	26	0.92
0.555555555555556	2	26	0.92
0.516129032258065	2	26	0.92
0.421052631578947	2	26	0.92
0.5	2	26	0.92
0.214285714285714	2	26	0.92
0.136363636363636	2	26	0.92
0.451612903225806	2	26	0.92
0.4	2	26	0.92
0.523809523809524	2	26	0.92
0.608695652173913	2	26	0.92
0.470588235294118	2	26	0.92
0.59375	2	26	0.92
0.484848484848485	2	26	0.92
0.459459459459459	2	26	0.92
0.444444444444444	2	26	0.92
0.380952380952381	2	26	0.92
0.5	2	26	0.92
0.264705882352941	2	26	0.92
0.566666666666667	2	26	0.92
0.416666666666667	2	26	0.92
0.3	2	26	0.92
0.324324324324324	2	26	0.92
0.3	2	26	0.92
0.5	2	26	0.92
0.419354838709677	2	26	0.92
0.448275862068966	2	26	0.92
0.423076923076923	2	26	0.92
0.5	2	26	0.92
0.46875	2	26	0.92
0.264705882352941	2	26	0.92
0.413793103448276	2	26	0.92
0.366666666666667	2	26	0.92
0.433333333333333	2	26	0.92
0.470588235294118	2	26	0.92
0.52	2	26	0.92
0.416666666666667	2	26	0.92
0.545454545454545	2	26	0.92
0.371428571428571	2	26	0.92
0.583333333333333	2	26	0.92
0.379310344827586	2	26	0.92
0.354838709677419	2	26	0.92
0.357142857142857	2	26	0.92
0.566666666666667	2	26	0.92
0.266666666666667	2	26	0.92
0.4	2	26	0.92
0.304347826086957	2	26	0.92
0.5	2	26	0.92
0.555555555555556	2	26	0.92
0.434782608695652	2	26	0.92
0.333333333333333	2	26	0.92
0.516129032258065	2	26	0.92
0.375	2	26	0.92
0.32258064516129	2	26	0.92
0.45	2	26	0.92
0.428571428571429	2	26	0.92
0.621621621621622	2	26	0.92
0.45	2	26	0.92
0.423076923076923	2	26	0.92
0.585365853658537	2	26	0.92
0.379310344827586	2	26	0.92
0.6	2	26	0.92
0.318181818181818	2	26	0.92
0.384615384615385	2	26	0.92
0.342857142857143	2	26	0.92
0.40625	2	26	0.92
0.461538461538462	2	26	0.92
0.575757575757576	2	26	0.92
0.242424242424242	2	26	0.92
0.481481481481481	2	26	0.92
0.452380952380952	2	26	0.92
0.44	2	26	0.92
0.347826086956522	2	26	0.92
0.527777777777778	2	26	0.92
0.575757575757576	2	26	0.92
0.516129032258065	2	26	0.92
0.176470588235294	2	26	0.92
0.393939393939394	2	26	0.92
0.375	2	26	0.92
0.392857142857143	2	26	0.92
0.590909090909091	2	26	0.92
0.5	2	26	0.92
0.451612903225806	2	26	0.92
0.272727272727273	2	26	0.92
0.523809523809524	2	26	0.92
0.40625	2	26	0.92
0.571428571428571	2	26	0.92
0.571428571428571	2	26	0.92
0.55	2	26	0.92
0.696969696969697	2	26	0.92
0.518518518518518	2	26	0.92
0.1875	2	26	0.92
0.470588235294118	2	26	0.92
0.323529411764706	2	26	0.92
0.5	2	26	0.92
0.409090909090909	2	26	0.92
0.590909090909091	2	26	0.92
0.666666666666667	2	26	0.92
0.692307692307692	2	26	0.92
0.434782608695652	2	26	0.92
0.6	2	26	0.92
0.321428571428571	2	26	0.92
0.35	2	26	0.92
0.473684210526316	2	26	0.92
0.36	2	26	0.92
0.444444444444444	2	26	0.92
0.36	2	26	0.92
0.48	2	26	0.92
0.333333333333333	2	26	0.92
0.1875	2	26	0.92
0.458333333333333	2	26	0.92
0.476190476190476	2	26	0.92
0.5	2	26	0.92
0.5	2	26	0.92
0.363636363636364	2	26	0.92
0.52	2	26	0.92
0.375	2	26	0.92
0.576923076923077	2	26	0.92
0.166666666666667	2	26	0.92
0.391304347826087	2	26	0.92
0.631578947368421	2	26	0.92
0.347826086956522	2	26	0.92
0.466666666666667	2	26	0.92
0.157894736842105	2	26	0.92
0.380952380952381	2	26	0.92
0.6	2	26	0.92
0.4	2	26	0.92
0.347826086956522	2	26	0.92
0.4	2	26	0.92
0.515151515151515	2	26	0.92
0.416666666666667	2	26	0.92
0.307692307692308	2	26	0.92
0.375	2	26	0.92
0.411764705882353	2	26	0.92
0.285714285714286	2	26	0.92
0.37037037037037	2	26	0.92
0.513513513513513	2	26	0.92
0.565217391304348	2	26	0.92
0.296296296296296	2	26	0.92
0.363636363636364	2	26	0.92
0.541666666666667	2	26	0.92
0.516129032258065	2	26	0.92
0.194444444444444	2	26	0.92
0.352941176470588	2	26	0.92
0.5	2	26	0.92
0.545454545454545	2	26	0.92
0.258064516129032	2	26	0.92
0.533333333333333	2	26	0.92
0.5	2	26	0.92
0.441176470588235	2	26	0.92
0.25	2	26	0.92
0.441176470588235	2	26	0.92
0.5	2	26	0.92
0.466666666666667	2	26	0.92
0.275862068965517	2	26	0.92
0.470588235294118	2	26	0.92
0.111111111111111	2	26	0.92
0.45	2	26	0.92
0.516129032258065	2	26	0.92
0.5	2	26	0.92
0.514285714285714	2	26	0.92
0.475	2	26	0.92
0.52	2	26	0.92
0.425	2	26	0.92
0.4	2	26	0.92
0.45	2	26	0.92
0.4	2	26	0.92
0.425	2	26	0.92
0.368421052631579	2	26	0.92
0.52	2	26	0.92
0.333333333333333	2	26	0.92
0.448275862068966	2	26	0.92
0.481481481481481	2	26	0.92
0.35	2	26	0.92
0.321428571428571	2	26	0.92
0.542857142857143	2	26	0.92
0.483870967741935	2	26	0.92
0.5	2	26	0.92
0.379310344827586	2	26	0.92
0.166666666666667	2	26	0.92
0.4	2	26	0.92
0.296296296296296	2	26	0.92
0.541666666666667	2	26	0.92
0.451612903225806	2	26	0.92
0.517241379310345	2	26	0.92
0.4375	2	26	0.92
0.235294117647059	2	26	0.92
0.285714285714286	2	26	0.92
0.53125	2	26	0.92
0.483870967741935	2	26	0.92
0.466666666666667	2	26	0.92
0.142857142857143	2	26	0.92
0.461538461538462	2	26	0.92
0.4	2	26	0.92
0.285714285714286	2	26	0.92
0.291666666666667	2	26	0.92
0.466666666666667	2	26	0.92
0.37037037037037	2	26	0.92
0.421052631578947	2	26	0.92
0.424242424242424	2	26	0.92
0.36	2	26	0.92
0.464285714285714	2	26	0.92
0.44	2	26	0.92
0.290322580645161	2	26	0.92
0.5	2	26	0.92
0.48	2	26	0.92
0.285714285714286	2	26	0.92
0.522727272727273	2	26	0.92
0.472222222222222	2	26	0.92
0.423076923076923	2	26	0.92
0.411764705882353	2	26	0.92
0.441176470588235	2	26	0.92
0.111111111111111	2	26	0.92
0.64	2	26	0.92
0.380952380952381	2	26	0.92
0.571428571428571	2	26	0.92
0.53125	2	26	0.92
0.35	2	26	0.92
0.268292682926829	2	26	0.92
0.5625	2	26	0.92
0.425	2	26	0.92
0.655172413793103	2	26	0.92
0.464285714285714	2	26	0.92
0.578947368421053	2	26	0.92
0.342857142857143	2	26	0.92
0.521739130434783	2	26	0.92
0.5	2	26	0.92
0.578947368421053	2	26	0.92
0.32	2	26	0.92
0.375	2	26	0.92
0.321428571428571	2	26	0.92
0.535714285714286	2	26	0.92
0.371428571428571	2	26	0.92
0.352941176470588	2	26	0.92
0.206896551724138	2	26	0.92
0.472222222222222	2	26	0.92
0.464285714285714	2	26	0.92
0.380952380952381	2	26	0.92
0.228571428571429	2	26	0.92
0.55	2	26	0.92
0.6	2	26	0.92
0.470588235294118	2	26	0.92
0.485714285714286	2	26	0.92
0.439024390243902	2	26	0.92
0.692307692307692	2	26	0.92
0.333333333333333	2	26	0.92
0.423076923076923	2	26	0.92
0.407407407407407	2	26	0.92
0.52	2	26	0.92
0.448979591836735	2	26	0.92
0.5	2	26	0.92
0.692307692307692	2	26	0.92
0.388888888888889	2	26	0.92
0.347826086956522	2	26	0.92
0.303030303030303	2	26	0.92
0.243243243243243	2	26	0.92
0.393939393939394	2	26	0.92
0.538461538461538	2	26	0.92
0.25	2	26	0.92
0.323529411764706	2	26	0.92
0.214285714285714	2	26	0.92
0.125	2	26	0.92
0.5	2	26	0.92
0.5	2	26	0.92
0.12	2	26	0.92
0.451612903225806	2	26	0.92
0.481481481481481	2	26	0.92
0.454545454545455	2	26	0.92
0.411764705882353	2	26	0.92
0.363636363636364	2	26	0.92
0.348837209302326	2	26	0.92
0.58974358974359	2	26	0.92
0.526315789473684	2	26	0.92
0.647058823529412	2	26	0.92
0.333333333333333	2	26	0.92
0.413793103448276	2	26	0.92
0.566666666666667	2	26	0.92
0.447368421052632	2	26	0.92
0.645161290322581	2	26	0.92
0.344827586206897	2	26	0.92
0.176470588235294	2	26	0.92
0.176470588235294	2	26	0.92
0.647058823529412	2	26	0.92
0.5	2	26	0.92
0.391304347826087	2	26	0.92
0.318181818181818	2	26	0.92
0.485714285714286	2	26	0.92
0.303030303030303	2	26	0.92
1	2	26	0.92
0.52	2	26	0.92
0.590909090909091	2	26	0.92
0.392857142857143	2	26	0.92
0.428571428571429	2	26	0.92
0.333333333333333	2	26	0.92
0.3	2	26	0.92
0.592592592592593	2	26	0.92
0.392857142857143	2	26	0.92
0.535714285714286	2	26	0.92
0.580645161290323	2	26	0.92
0.555555555555556	2	26	0.92
0.428571428571429	2	26	0.92
0.666666666666667	2	26	0.92
0.375	2	26	0.92
0.666666666666667	2	26	0.92
0.464285714285714	2	26	0.92
0.269230769230769	2	26	0.92
0.538461538461538	2	26	0.92
0.393939393939394	2	26	0.92
0.521739130434783	2	26	0.92
0.36	2	26	0.92
0.444444444444444	2	26	0.92
0.576923076923077	2	26	0.92
0.521739130434783	2	26	0.92
0.44	2	26	0.92
0.619047619047619	2	26	0.92
0.571428571428571	2	26	0.92
0.4375	2	26	0.92
0.433333333333333	2	26	0.92
0.482758620689655	2	26	0.92
0.423076923076923	2	26	0.92
0.285714285714286	2	26	0.92
0.380952380952381	2	26	0.92
0.5	2	26	0.92
0.5	2	26	0.92
0.285714285714286	2	26	0.92
0.307692307692308	2	26	0.92
0.482758620689655	2	26	0.92
0.523809523809524	2	26	0.92
0.416666666666667	2	26	0.92
0.571428571428571	2	26	0.92
0.307692307692308	2	26	0.92
0.576923076923077	2	26	0.92
0.304347826086957	2	26	0.92
0.413793103448276	2	26	0.92
0.289473684210526	2	26	0.92
0.478260869565217	2	26	0.92
0.409090909090909	2	26	0.92
0.111111111111111	2	26	0.92
0.416666666666667	2	26	0.92
0.216216216216216	2	26	0.92
0.44	2	26	0.92
0.413793103448276	2	26	0.92
0.521739130434783	2	26	0.92
0.4375	2	26	0.92
0.6	2	26	0.92
0.392857142857143	2	26	0.92
0.36	2	26	0.92
0.444444444444444	2	26	0.92
0.4	2	26	0.92
0.296296296296296	2	26	0.92
0.714285714285714	2	26	0.92
0.333333333333333	2	26	0.92
0.363636363636364	2	26	0.92
0.407407407407407	2	26	0.92
0.470588235294118	2	26	0.92
0.535714285714286	2	26	0.92
0.296296296296296	2	26	0.92
0.25	2	26	0.92
0.409090909090909	2	26	0.92
0.5	2	26	0.92
0.136363636363636	2	26	0.92
0.481481481481481	2	26	0.92
0.321428571428571	2	26	0.92
0.260869565217391	2	26	0.92
0.423076923076923	2	26	0.92
0.317073170731707	2	26	0.92
0.441176470588235	2	26	0.92
0.518518518518518	2	26	0.92
0.346153846153846	2	26	0.92
0.315789473684211	2	26	0.92
0.5	2	26	0.92
0.578947368421053	2	26	0.92
0.65	2	26	0.92
0.5	2	26	0.92
0.296296296296296	2	26	0.92
0.411764705882353	2	26	0.92
0.447368421052632	2	26	0.92
0.368421052631579	2	26	0.92
0.6	2	26	0.92
0.482758620689655	2	26	0.92
0.296296296296296	2	26	0.92
0.310344827586207	2	26	0.92
0.296296296296296	2	26	0.92
0.391304347826087	2	26	0.92
0.375	2	26	0.92
0.433333333333333	2	26	0.92
0.391304347826087	2	26	0.92
0.428571428571429	2	26	0.92
0.461538461538462	2	26	0.92
0.333333333333333	2	26	0.92
0.482758620689655	2	26	0.92
0.407407407407407	2	26	0.92
0.235294117647059	2	26	0.92
0.521739130434783	2	26	0.92
0.464285714285714	2	26	0.92
0.347826086956522	2	26	0.92
0.48	2	26	0.92
0.227272727272727	2	26	0.92
0.611111111111111	2	26	0.92
0.32258064516129	2	26	0.92
0.24	2	26	0.92
0.125	2	26	0.92
0.407407407407407	2	26	0.92
0.409090909090909	2	26	0.92
0.515151515151515	2	26	0.92
0.470588235294118	2	26	0.92
0.4	2	26	0.92
0.476190476190476	2	26	0.92
0.419354838709677	2	26	0.92
0.607142857142857	2	26	0.92
0.8	2	26	0.92
0.419354838709677	2	26	0.92
0.448275862068966	2	26	0.92
0.394736842105263	2	26	0.92
0.44	2	26	0.92
0.357142857142857	2	26	0.92
0.481481481481481	2	26	0.92
0.56	2	26	0.92
0.222222222222222	2	26	0.92
0.461538461538462	2	26	0.92
0.375	2	26	0.92
0.333333333333333	2	26	0.92
0.458333333333333	2	26	0.92
0.368421052631579	2	26	0.92
0.384615384615385	2	26	0.92
0.157894736842105	2	26	0.92
0.484848484848485	2	26	0.92
0.314285714285714	2	26	0.92
0.305555555555556	2	26	0.92
0.392857142857143	2	26	0.92
0.387096774193548	2	26	0.92
0.486486486486487	2	26	0.92
0.428571428571429	2	26	0.92
0.5	2	26	0.92
0.461538461538462	2	26	0.92
0.59375	2	26	0.92
0.206896551724138	2	26	0.92
0.5	2	26	0.92
0.428571428571429	2	26	0.92
0.46875	2	26	0.92
0.36	2	26	0.92
0.666666666666667	2	26	0.92
0.392857142857143	2	26	0.92
0.4	2	26	0.92
0.461538461538462	2	26	0.92
0.428571428571429	2	26	0.92
0.434782608695652	2	26	0.92
0.45	2	26	0.92
0.5	2	26	0.92
0.481481481481481	2	26	0.92
0.444444444444444	2	26	0.92
0.347826086956522	2	26	0.92
0.333333333333333	2	26	0.92
0.368421052631579	2	26	0.92
0.357142857142857	2	26	0.92
0.260869565217391	2	26	0.92
0.25	2	26	0.92
0.555555555555556	2	26	0.92
0.4	2	26	0.92
0.4	2	26	0.92
0.423076923076923	2	26	0.92
0.583333333333333	2	26	0.92
0.454545454545455	2	26	0.92
0.482758620689655	2	26	0.92
0.375	2	26	0.92
0.380952380952381	2	26	0.92
0.428571428571429	2	26	0.92
0.458333333333333	2	26	0.92
0.583333333333333	2	26	0.92
0.5	2	26	0.92
0.416666666666667	2	26	0.92
0.269230769230769	2	26	0.92
0.571428571428571	2	26	0.92
0.555555555555556	2	26	0.92
0.636363636363636	2	26	0.92
0.303030303030303	2	26	0.92
0.478260869565217	2	26	0.92
0.25	2	26	0.92
0.323529411764706	2	26	0.92
0.379310344827586	2	26	0.92
0.411764705882353	2	26	0.92
0.409090909090909	2	26	0.92
0.428571428571429	2	26	0.92
0.5	2	26	0.92
0.294117647058824	2	26	0.92
0.380952380952381	2	26	0.92
0.363636363636364	2	26	0.92
0.382352941176471	2	26	0.92
0.5	2	26	0.92
0.538461538461538	2	26	0.92
0.5	2	26	0.92
0.567567567567568	2	26	0.92
0.5	2	26	0.92
0.375	2	26	0.92
0.380952380952381	2	26	0.92
0.533333333333333	2	26	0.92
0.318181818181818	2	26	0.92
0.4	2	26	0.92
0.294117647058824	2	26	0.92
0.4	2	26	0.92
0.434782608695652	2	26	0.92
0.333333333333333	2	26	0.92
0.259259259259259	2	26	0.92
0.344827586206897	2	26	0.92
0.461538461538462	2	26	0.92
0.478260869565217	2	26	0.92
0.461538461538462	2	26	0.92
0.5	2	26	0.92
0.392857142857143	2	26	0.92
0.315789473684211	2	26	0.92
0.466666666666667	2	26	0.92
0.4	2	26	0.92
0.517241379310345	2	26	0.92
0.409090909090909	2	26	0.92
0.41025641025641	2	26	0.92
0.380952380952381	2	26	0.92
0.419354838709677	2	26	0.92
0.409090909090909	2	26	0.92
0.538461538461538	2	26	0.92
0.28	2	26	0.92
0.388888888888889	2	26	0.92
0.428571428571429	2	26	0.92
0.461538461538462	2	26	0.92
0.136363636363636	2	26	0.92
0.458333333333333	2	26	0.92
0.25	2	26	0.92
0.555555555555556	2	26	0.92
0.433333333333333	2	26	0.92
0.45	2	26	0.92
0.32	2	26	0.92
0.419354838709677	2	26	0.92
0.405405405405405	2	26	0.92
0.5	2	26	0.92
0.45	2	26	0.92
0.448275862068966	2	26	0.92
0.375	2	26	0.92
0.36	2	26	0.92
0.583333333333333	2	26	0.92
0.238095238095238	2	26	0.92
0.555555555555556	2	26	0.92
0.454545454545455	2	26	0.92
0.25	2	26	0.92
0.545454545454545	2	26	0.92
0.315789473684211	2	26	0.92
0.407407407407407	2	26	0.92
0.458333333333333	2	26	0.92
0.535714285714286	2	26	0.92
0.352941176470588	2	26	0.92
0.578947368421053	2	26	0.92
0.425	2	26	0.92
0.548387096774194	2	26	0.92
0.588235294117647	2	26	0.92
0.481481481481481	2	26	0.92
0.458333333333333	2	26	0.92
0.448275862068966	2	26	0.92
0.380952380952381	2	26	0.92
0.541666666666667	2	26	0.92
0.428571428571429	2	26	0.92
0.35	2	26	0.92
0.529411764705882	2	26	0.92
0.444444444444444	2	26	0.92
0.521739130434783	2	26	0.92
0.347826086956522	2	26	0.92
0.4	2	26	0.92
0.5	2	26	0.92
0.363636363636364	2	26	0.92
0.214285714285714	2	26	0.92
0.6	2	26	0.92
0.333333333333333	2	26	0.92
0.15	2	26	0.92
0.4	2	26	0.92
0.384615384615385	2	26	0.92
0.533333333333333	2	26	0.92
0.5	2	26	0.92
0.375	2	26	0.92
0.407407407407407	2	26	0.92
0.5	2	26	0.92
0.432432432432432	2	26	0.92
0.529411764705882	2	26	0.92
0.4	2	26	0.92
0.407407407407407	2	26	0.92
0.368421052631579	2	26	0.92
0.333333333333333	2	26	0.92
0.65	2	26	0.92
0.41025641025641	2	26	0.92
0.521739130434783	2	26	0.92
0.318181818181818	2	26	0.92
0.5	2	26	0.92
0.523809523809524	2	26	0.92
0.375	2	26	0.92
0.333333333333333	2	26	0.92
0.428571428571429	2	26	0.92
0.4	2	26	0.92
0.5	2	26	0.92
0.476190476190476	2	26	0.92
0.384615384615385	2	26	0.92
0.12	2	26	0.92
0.305555555555556	2	26	0.92
0.272727272727273	2	26	0.92
0.448275862068966	2	26	0.92
0.454545454545455	2	26	0.92
0.458333333333333	2	26	0.92
0.5	2	26	0.92
0.333333333333333	2	26	0.92
0.416666666666667	2	26	0.92
0.136363636363636	2	26	0.92
0.541666666666667	2	26	0.92
0.454545454545455	2	26	0.92
0.361111111111111	2	26	0.92
0.12	2	26	0.92
0.409090909090909	2	26	0.92
0.48	2	26	0.92
0.478260869565217	2	26	0.92
0.363636363636364	2	26	0.92
0.4	2	26	0.92
0.478260869565217	2	26	0.92
0.444444444444444	2	26	0.92
0.523809523809524	2	26	0.92
0.391304347826087	2	26	0.92
0.454545454545455	2	26	0.92
0.5	2	26	0.92
0.3125	2	26	0.92
0.392857142857143	2	26	0.92
0.434782608695652	2	26	0.92
0.517241379310345	2	26	0.92
0.482758620689655	2	26	0.92
0.478260869565217	2	26	0.92
0.266666666666667	2	26	0.92
0.3	2	26	0.92
0.484848484848485	2	26	0.92
0.428571428571429	2	26	0.92
0.473684210526316	2	26	0.92
0.414634146341463	2	26	0.92
0.352941176470588	2	26	0.92
0.461538461538462	2	26	0.92
0.428571428571429	2	26	0.92
0.485714285714286	2	26	0.92
0.478260869565217	2	26	0.92
0.333333333333333	2	26	0.92
0.315789473684211	2	26	0.92
0.363636363636364	2	26	0.92
0.548387096774194	2	26	0.92
0.621621621621622	2	26	0.92
0.125	2	26	0.92
0.333333333333333	2	26	0.92
0.444444444444444	2	26	0.92
0.521739130434783	2	26	0.92
0.416666666666667	2	26	0.92
0.15	2	26	0.92
0.470588235294118	2	26	0.92
0.333333333333333	2	26	0.92
0.12	2	26	0.92
0.35	2	26	0.92
0.518518518518518	2	26	0.92
0.170731707317073	2	26	0.92
0.170731707317073	2	26	0.92
0.333333333333333	2	26	0.92
0.454545454545455	2	26	0.92
0.4	2	26	0.92
0.476190476190476	2	26	0.92
0.733333333333333	2	26	0.92
0.347826086956522	2	26	0.92
0.413793103448276	2	26	0.92
0.6	2	26	0.92
0.416666666666667	2	26	0.92
0.333333333333333	2	26	0.92
0.457142857142857	2	26	0.92
0.458333333333333	2	26	0.92
0.318181818181818	2	26	0.92
0.458333333333333	2	26	0.92
0.25	2	26	0.92
0.324324324324324	2	26	0.92
0.363636363636364	2	26	0.92
0.266666666666667	2	26	0.92
0.28	2	26	0.92
0.28	2	26	0.92
0.35	2	26	0.92
0.478260869565217	2	26	0.92
0.36	2	26	0.92
0.55	2	26	0.92
0.5	2	26	0.92
0.516129032258065	2	26	0.92
0.424242424242424	2	26	0.92
0.5	2	26	0.92
0.346153846153846	2	26	0.92
0.375	2	26	0.92
0.521739130434783	2	26	0.92
0.52	2	26	0.92
0.433333333333333	2	26	0.92
0.521739130434783	2	26	0.92
0.458333333333333	2	26	0.92
0.407407407407407	2	26	0.92
0.36	2	26	0.92
0.5	2	26	0.92
0.25	2	26	0.92
0.4	2	26	0.92
0.619047619047619	2	26	0.92
0.407407407407407	2	26	0.92
0.666666666666667	2	26	0.92
0.523809523809524	2	26	0.92
0.269230769230769	2	26	0.92
0.409090909090909	2	26	0.92
0.36	2	26	0.92
0.5	2	26	0.92
0.25	2	26	0.92
0.5	2	26	0.92
0.5	2	26	0.92
0.578947368421053	2	26	0.92
0.53125	2	26	0.92
0.32	2	26	0.92
0.484848484848485	2	26	0.92
0.419354838709677	2	26	0.92
0.166666666666667	2	26	0.92
0.444444444444444	2	26	0.92
0.419354838709677	2	26	0.92
0.35	2	26	0.92
0.428571428571429	2	26	0.92
0.333333333333333	2	26	0.92
0.222222222222222	2	26	0.92
0.285714285714286	2	26	0.92
0.407407407407407	2	26	0.92
0.363636363636364	2	26	0.92
0.444444444444444	2	26	0.92
0.115384615384615	2	26	0.92
0.548387096774194	2	26	0.92
0.5	2	26	0.92
0.472222222222222	2	26	0.92
0.457142857142857	2	26	0.92
0.241379310344828	2	26	0.92
0.25	2	26	0.92
0.115384615384615	2	26	0.92
0.4	2	26	0.92
0.411764705882353	2	26	0.92
0.55	2	26	0.92
0.521739130434783	2	26	0.92
0.2	2	26	0.92
0.476190476190476	2	26	0.92
0.666666666666667	2	26	0.92
0.454545454545455	2	26	0.92
0.434782608695652	2	26	0.92
0.44	2	26	0.92
0.483870967741935	2	26	0.92
0.382352941176471	2	26	0.92
0.315789473684211	2	26	0.92
0.260869565217391	2	26	0.92
0.285714285714286	2	26	0.92
0.533333333333333	2	26	0.92
0.565217391304348	2	26	0.92
0.444444444444444	2	26	0.92
0.518518518518518	2	26	0.92
0.578947368421053	2	26	0.92
0.333333333333333	2	26	0.92
0.375	2	26	0.92
0.555555555555556	2	26	0.92
0.486486486486487	2	26	0.92
0.19047619047619	2	26	0.92
0.481481481481481	2	26	0.92
0.705882352941177	2	26	0.92
0.476190476190476	2	26	0.92
0.333333333333333	2	26	0.92
0.217391304347826	2	26	0.92
0.411764705882353	2	26	0.92
0.590909090909091	2	26	0.92
0.391304347826087	2	26	0.92
0.115384615384615	2	26	0.92
0.44	2	26	0.92
0.516129032258065	2	26	0.92
0.368421052631579	2	26	0.92
0.5	2	26	0.92
0.555555555555556	2	26	0.92
0.176470588235294	2	26	0.92
0.4	2	26	0.92
0.583333333333333	2	26	0.92
0.517241379310345	2	26	0.92
0.481481481481481	2	26	0.92
0.285714285714286	2	26	0.92
0.5	2	26	0.92
0.391304347826087	2	26	0.92
0.157894736842105	2	26	0.92
0.25	2	26	0.92
0.241379310344828	3	34	0.92
0.219512195121951	3	34	0.92
0.3	3	34	0.92
0.295454545454545	3	34	0.92
0.710526315789474	3	34	0.92
0.357142857142857	3	34	0.92
0.416666666666667	3	34	0.92
0.27906976744186	3	34	0.92
0.333333333333333	3	34	0.92
0.206896551724138	3	34	0.92
0.444444444444444	3	34	0.92
0.333333333333333	3	34	0.92
0.548387096774194	3	34	0.92
0.384615384615385	3	34	0.92
0.315789473684211	3	34	0.92
0.260869565217391	3	34	0.92
0.418604651162791	3	34	0.92
0.413793103448276	3	34	0.92
0.295454545454545	3	34	0.92
0.318181818181818	3	34	0.92
0.484848484848485	3	34	0.92
0.304347826086957	3	34	0.92
0.604651162790698	3	34	0.92
0.709677419354839	3	34	0.92
0.516129032258065	3	34	0.92
0.276595744680851	3	34	0.92
0.296296296296296	3	34	0.92
0.242424242424242	3	34	0.92
0.277777777777778	3	34	0.92
0.272727272727273	3	34	0.92
0.391304347826087	3	34	0.92
0.405405405405405	3	34	0.92
0.48	3	34	0.92
0.409090909090909	3	34	0.92
0.157894736842105	3	34	0.92
0.651162790697674	3	34	0.92
0.357142857142857	3	34	0.92
0.236842105263158	3	34	0.92
0.225806451612903	3	34	0.92
0.428571428571429	3	34	0.92
0.369565217391304	3	34	0.92
0.421052631578947	3	34	0.92
0.205882352941176	3	34	0.92
0.6	3	34	0.92
0.210526315789474	3	34	0.92
0.282051282051282	3	34	0.92
0.34375	3	34	0.92
0.146341463414634	3	34	0.92
0.609756097560976	3	34	0.92
0.75	3	34	0.92
0.219512195121951	3	34	0.92
0.40625	3	34	0.92
0.333333333333333	3	34	0.92
0.407407407407407	3	34	0.92
0.272727272727273	3	34	0.92
0.179487179487179	3	34	0.92
0.454545454545455	3	34	0.92
0.311111111111111	3	34	0.92
0.5625	3	34	0.92
0.13953488372093	3	34	0.92
0.418604651162791	3	34	0.92
0.212765957446809	3	34	0.92
0.645161290322581	3	34	0.92
0.285714285714286	3	34	0.92
0.136363636363636	3	34	0.92
0.666666666666667	3	34	0.92
0.558139534883721	3	34	0.92
0.315789473684211	3	34	0.92
0.454545454545455	3	34	0.92
0.685714285714286	3	34	0.92
0.545454545454545	3	34	0.92
0.268292682926829	3	34	0.92
0.294117647058824	3	34	0.92
0.266666666666667	3	34	0.92
0.24	3	34	0.92
0.368421052631579	3	34	0.92
0.25	3	34	0.92
0.285714285714286	3	34	0.92
0.363636363636364	3	34	0.92
0.289473684210526	3	34	0.92
0.75	3	34	0.92
0.307692307692308	3	34	0.92
0.431818181818182	3	34	0.92
0.161290322580645	3	34	0.92
0.35	3	34	0.92
0.196078431372549	3	34	0.92
0.325581395348837	3	34	0.92
0.272727272727273	3	34	0.92
0.307692307692308	3	34	0.92
0.357142857142857	3	34	0.92
0.388888888888889	3	34	0.92
0.275	3	34	0.92
0.270833333333333	3	34	0.92
0.387755102040816	3	34	0.92
0.341463414634146	3	34	0.92
0.27906976744186	3	34	0.92
0.30952380952381	3	34	0.92
0.352941176470588	3	34	0.92
0.266666666666667	3	34	0.92
0.3	3	34	0.92
0.288888888888889	3	34	0.92
0.347826086956522	3	34	0.92
0.216216216216216	3	34	0.92
0.333333333333333	3	34	0.92
0.428571428571429	3	34	0.92
0.206896551724138	3	34	0.92
0.333333333333333	3	34	0.92
0.314285714285714	3	34	0.92
0.315789473684211	3	34	0.92
0.384615384615385	3	34	0.92
0.325	3	34	0.92
0.264705882352941	3	34	0.92
0.21875	3	34	0.92
0.310344827586207	3	34	0.92
0.5	3	34	0.92
0.176470588235294	3	34	0.92
0.333333333333333	3	34	0.92
0.260869565217391	3	34	0.92
0.34375	3	34	0.92
0.166666666666667	3	34	0.92
0.161290322580645	3	34	0.92
0.214285714285714	3	34	0.92
0.288888888888889	3	34	0.92
0.333333333333333	3	34	0.92
0.285714285714286	3	34	0.92
0.333333333333333	3	34	0.92
0.264705882352941	3	34	0.92
0.225806451612903	3	34	0.92
0.277777777777778	3	34	0.92
0.25	3	34	0.92
0.290322580645161	3	34	0.92
0.166666666666667	3	34	0.92
0.28125	3	34	0.92
0.230769230769231	3	34	0.92
0.2	3	34	0.92
0.1875	3	34	0.92
0.233333333333333	3	34	0.92
0.275862068965517	3	34	0.92
0.4	3	34	0.92
0.325	3	34	0.92
0.30952380952381	3	34	0.92
0.315789473684211	3	34	0.92
0.205128205128205	3	34	0.92
0.390243902439024	3	34	0.92
0.172413793103448	3	34	0.92
0.407407407407407	3	34	0.92
0.285714285714286	3	34	0.92
0.204545454545455	3	34	0.92
0.266666666666667	3	34	0.92
0.216216216216216	3	34	0.92
0.260869565217391	3	34	0.92
0.236842105263158	3	34	0.92
0.25	3	34	0.92
0.236842105263158	3	34	0.92
0.318181818181818	3	34	0.92
0.333333333333333	3	34	0.92
0.25	3	34	0.92
0.380952380952381	3	34	0.92
0.28125	3	34	0.92
0.34	3	34	0.92
0.236842105263158	3	34	0.92
0.230769230769231	3	34	0.92
0.35	3	34	0.92
0.424242424242424	3	34	0.92
0.304347826086957	3	34	0.92
0.2	3	34	0.92
0.44	3	34	0.92
0.28125	3	34	0.92
0.435897435897436	3	34	0.92
0.323529411764706	3	34	0.92
0.0943396226415094	3	34	0.92
0.428571428571429	3	34	0.92
0.346938775510204	3	34	0.92
0.1875	3	34	0.92
0.25	3	34	0.92
0.181818181818182	3	34	0.92
0.325	3	34	0.92
0.147058823529412	3	34	0.92
0.5	3	34	0.92
0.307692307692308	3	34	0.92
0.454545454545455	3	34	0.92
0.648648648648649	3	34	0.92
0.379310344827586	3	34	0.92
0.32	3	34	0.92
0.361702127659574	3	34	0.92
0.333333333333333	3	34	0.92
0.264705882352941	3	34	0.92
0.323529411764706	3	34	0.92
0.219512195121951	3	34	0.92
0.275862068965517	3	34	0.92
0.178571428571429	3	34	0.92
0.379310344827586	3	34	0.92
0.24	3	34	0.92
0.25	3	34	0.92
0.166666666666667	3	34	0.92
0.294117647058824	3	34	0.92
0.27027027027027	3	34	0.92
0.315789473684211	3	34	0.92
0.225	3	34	0.92
0.310344827586207	3	34	0.92
0.517241379310345	3	34	0.92
0.297297297297297	3	34	0.92
0.30952380952381	3	34	0.92
0.227272727272727	3	34	0.92
0.354838709677419	3	34	0.92
0.307692307692308	3	34	0.92
0.294117647058824	3	34	0.92
0.470588235294118	3	34	0.92
0.35	3	34	0.92
0.333333333333333	3	34	0.92
0.4	3	34	0.92
0.136363636363636	3	34	0.92
0.45	3	34	0.92
0.314285714285714	3	34	0.92
0.642857142857143	3	34	0.92
0.3	3	34	0.92
0.259259259259259	3	34	0.92
0.216216216216216	3	34	0.92
0.2	3	34	0.92
0.303030303030303	3	34	0.92
0.454545454545455	3	34	0.92
0.219512195121951	3	34	0.92
0.333333333333333	3	34	0.92
0.51219512195122	3	34	0.92
0.354838709677419	3	34	0.92
0.325	3	34	0.92
0.333333333333333	3	34	0.92
0.363636363636364	3	34	0.92
0.346153846153846	3	34	0.92
0.225	3	34	0.92
0.159090909090909	3	34	0.92
0.361111111111111	3	34	0.92
0.382352941176471	3	34	0.92
0.25	3	34	0.92
0.318181818181818	3	34	0.92
0.358974358974359	3	34	0.92
0.256410256410256	3	34	0.92
0.5	3	34	0.92
0.294117647058824	3	34	0.92
0.27027027027027	3	34	0.92
0.458333333333333	3	34	0.92
0.371428571428571	3	34	0.92
0.28	3	34	0.92
0.225	3	34	0.92
0.272727272727273	3	34	0.92
0.238095238095238	3	34	0.92
0.75	3	34	0.92
0.235294117647059	3	34	0.92
0.212121212121212	3	34	0.92
0.2	3	34	0.92
0.27906976744186	3	34	0.92
0.275862068965517	3	34	0.92
0.395348837209302	3	34	0.92
0.272727272727273	3	34	0.92
0.277777777777778	3	34	0.92
0.264705882352941	3	34	0.92
0.210526315789474	3	34	0.92
0.388888888888889	3	34	0.92
0.214285714285714	3	34	0.92
0.3	3	34	0.92
0.275	3	34	0.92
0.326086956521739	3	34	0.92
0.407407407407407	3	34	0.92
0.355555555555556	3	34	0.92
0.387096774193548	3	34	0.92
0.351351351351351	3	34	0.92
0.116279069767442	3	34	0.92
0.35	3	34	0.92
0.285714285714286	3	34	0.92
0.272727272727273	3	34	0.92
0.344827586206897	3	34	0.92
0.2	3	34	0.92
0.333333333333333	3	34	0.92
0.36	3	34	0.92
0.428571428571429	3	34	0.92
0.255813953488372	3	34	0.92
0.2	3	34	0.92
0.428571428571429	3	34	0.92
0.25	3	34	0.92
0.225806451612903	3	34	0.92
0.176470588235294	3	34	0.92
0.230769230769231	3	34	0.92
0.2	3	34	0.92
0.264705882352941	3	34	0.92
0.25	3	34	0.92
0.428571428571429	3	34	0.92
0.275862068965517	3	34	0.92
0.243243243243243	3	34	0.92
0.257142857142857	3	34	0.92
0.361111111111111	3	34	0.92
0.421052631578947	3	34	0.92
0.130434782608696	3	34	0.92
0.473684210526316	3	34	0.92
0.634146341463415	3	34	0.92
0.5625	3	34	0.92
0.307692307692308	3	34	0.92
0.547619047619048	3	34	0.92
0.6	3	34	0.92
0.230769230769231	3	34	0.92
0.666666666666667	3	34	0.92
0.571428571428571	3	34	0.92
0.292682926829268	3	34	0.92
0.333333333333333	3	34	0.92
0.705882352941177	3	34	0.92
0.645161290322581	3	34	0.92
0.568181818181818	3	34	0.92
0.228571428571429	3	34	0.92
0.107142857142857	3	34	0.92
0.612903225806452	3	34	0.92
0.486486486486487	3	34	0.92
0.125	3	34	0.92
0.435897435897436	3	34	0.92
0.522727272727273	3	34	0.92
0.533333333333333	3	34	0.92
0.145833333333333	3	34	0.92
0.153846153846154	3	34	0.92
0.4	3	34	0.92
0.5	3	34	0.92
0.65	3	34	0.92
0.178571428571429	3	34	0.92
0.222222222222222	3	34	0.92
0.222222222222222	3	34	0.92
0.466666666666667	3	34	0.92
0.290909090909091	3	34	0.92
0.206896551724138	3	34	0.92
0.352941176470588	3	34	0.92
0.352941176470588	3	34	0.92
0.555555555555556	3	34	0.92
0.457142857142857	3	34	0.92
0.621621621621622	3	34	0.92
0.352941176470588	3	34	0.92
0.645833333333333	3	34	0.92
0.304347826086957	3	34	0.92
0.384615384615385	3	34	0.92
0.342105263157895	3	34	0.92
0.310344827586207	3	34	0.92
0.4	3	34	0.92
0.6	3	34	0.92
0.666666666666667	3	34	0.92
0.702702702702703	3	34	0.92
0.657894736842105	3	34	0.92
0.181818181818182	3	34	0.92
0.275862068965517	3	34	0.92
0.3125	3	34	0.92
0.24390243902439	3	34	0.92
0.30952380952381	3	34	0.92
0.28	3	34	0.92
0.483870967741935	3	34	0.92
0.5	3	34	0.92
0.459459459459459	3	34	0.92
0.525	3	34	0.92
0.5	3	34	0.92
0.705882352941177	3	34	0.92
0.209302325581395	3	34	0.92
0.395348837209302	3	34	0.92
0.684210526315789	3	34	0.92
0.375	3	34	0.92
0.3	3	34	0.92
0.375	3	34	0.92
0.722222222222222	3	34	0.92
0.266666666666667	3	34	0.92
0.523809523809524	3	34	0.92
0.234042553191489	3	34	0.92
0.333333333333333	3	34	0.92
0.536585365853659	3	34	0.92
0.575757575757576	3	34	0.92
0.571428571428571	3	34	0.92
0.380952380952381	3	34	0.92
0.264705882352941	3	34	0.92
0.580645161290323	3	34	0.92
0.392857142857143	3	34	0.92
0.5625	3	34	0.92
0.8	3	34	0.92
0.166666666666667	3	34	0.92
0.486486486486487	3	34	0.92
0.380952380952381	3	34	0.92
0.416666666666667	3	34	0.92
0.617647058823529	3	34	0.92
0.571428571428571	3	34	0.92
0.538461538461538	3	34	0.92
0.525	3	34	0.92
0.606060606060606	3	34	0.92
0.296296296296296	3	34	0.92
0.225	3	34	0.92
0.76	3	34	0.92
0.27027027027027	3	34	0.92
0.583333333333333	3	34	0.92
0.580645161290323	3	34	0.92
0.757575757575758	3	34	0.92
0.736842105263158	3	34	0.92
0.277777777777778	3	34	0.92
0.369565217391304	3	34	0.92
0.272727272727273	3	34	0.92
0.173913043478261	3	34	0.92
0.5	3	34	0.92
0.2	3	34	0.92
0.470588235294118	3	34	0.92
0.272727272727273	3	34	0.92
0.608695652173913	3	34	0.92
0.302325581395349	3	34	0.92
0.710526315789474	3	34	0.92
0.3125	3	34	0.92
0.4	3	34	0.92
0.205128205128205	3	34	0.92
0.617647058823529	3	34	0.92
0.3125	3	34	0.92
0.352941176470588	3	34	0.92
0.516129032258065	3	34	0.92
0.137254901960784	3	34	0.92
0.132075471698113	3	34	0.92
0.132075471698113	3	34	0.92
0.555555555555556	3	34	0.92
0.32	3	34	0.92
0.421052631578947	3	34	0.92
0.586206896551724	3	34	0.92
0.390243902439024	3	34	0.92
0.206896551724138	3	34	0.92
0.488372093023256	3	34	0.92
0.4	3	34	0.92
0.166666666666667	3	34	0.92
0.162162162162162	3	34	0.92
0.148936170212766	3	34	0.92
0.578947368421053	3	34	0.92
0.451612903225806	3	34	0.92
0.527777777777778	3	34	0.92
0.232558139534884	3	34	0.92
0.611111111111111	3	34	0.92
0.435897435897436	3	34	0.92
0.529411764705882	3	34	0.92
0.724137931034483	3	34	0.92
0.404761904761905	3	34	0.92
0.548387096774194	3	34	0.92
0.3	3	34	0.92
0.1875	3	34	0.92
0.357142857142857	3	34	0.92
0.604651162790698	3	34	0.92
0.717391304347826	3	34	0.92
0.282051282051282	3	34	0.92
0.324324324324324	3	34	0.92
0.710526315789474	3	34	0.92
0.5	3	34	0.92
0.235294117647059	3	34	0.92
0.711111111111111	3	34	0.92
0.159090909090909	3	34	0.92
0.5	3	34	0.92
0.260869565217391	3	34	0.92
0.222222222222222	3	34	0.92
0.382352941176471	3	34	0.92
0.666666666666667	3	34	0.92
0.333333333333333	3	34	0.92
0.27906976744186	3	34	0.92
0.65625	3	34	0.92
0.585365853658537	3	34	0.92
0.630434782608696	3	34	0.92
0.724137931034483	3	34	0.92
0.24	3	34	0.92
0.419354838709677	3	34	0.92
0.314285714285714	3	34	0.92
0.4	3	34	0.92
0.25	3	34	0.92
0.289473684210526	3	34	0.92
0.27027027027027	3	34	0.92
0.153846153846154	3	34	0.92
0.285714285714286	3	34	0.92
0.352941176470588	3	34	0.92
0.361111111111111	3	34	0.92
0.382352941176471	3	34	0.92
0.321428571428571	3	34	0.92
0.315789473684211	3	34	0.92
0.4	3	34	0.92
0.285714285714286	4	48	0.92
0.325	4	48	0.92
0.142857142857143	4	48	0.92
0.219512195121951	4	48	0.92
0.25531914893617	4	48	0.92
0.210526315789474	4	48	0.92
0.217391304347826	4	48	0.92
0.224489795918367	4	48	0.92
0.220338983050847	4	48	0.92
0.833333333333333	4	48	0.92
0.162790697674419	4	48	0.92
0.36734693877551	4	48	0.92
0.191489361702128	4	48	0.92
0.26984126984127	4	48	0.92
0.19672131147541	4	48	0.92
0.271186440677966	4	48	0.92
0.234042553191489	4	48	0.92
0.269230769230769	4	48	0.92
0.463768115942029	4	48	0.92
0.25	4	48	0.92
0.295454545454545	4	48	0.92
0.166666666666667	4	48	0.92
0.425531914893617	4	48	0.92
0.307692307692308	4	48	0.92
0.176470588235294	4	48	0.92
0.170731707317073	4	48	0.92
0.555555555555556	4	48	0.92
0.244897959183673	4	48	0.92
0.309090909090909	4	48	0.92
0.2	4	48	0.92
0.262295081967213	4	48	0.92
0.24	4	48	0.92
0.196078431372549	4	48	0.92
0.147058823529412	4	48	0.92
0.105263157894737	4	48	0.92
0.508771929824561	4	48	0.92
0.375	4	48	0.92
0.166666666666667	4	48	0.92
0.12	4	48	0.92
