VAF	CN	avg.depth	purity
1	1	18	1
1	1	18	1
0.923076923076923	1	18	1
0.1875	1	18	1
1	1	18	1
1	1	18	1
0.9375	1	18	1
1	1	18	1
1	1	18	1
1	1	18	1
1	1	18	1
1	1	18	1
1	1	18	1
1	1	18	1
0.238095238095238	1	18	1
1	1	18	1
1	1	18	1
1	1	18	1
1	1	18	1
1	1	18	1
1	1	18	1
1	1	18	1
1	1	18	1
0.956521739130435	1	18	1
0.916666666666667	1	18	1
0.833333333333333	1	18	1
1	1	18	1
1	1	18	1
1	1	18	1
1	1	18	1
0.12	1	18	1
1	1	18	1
0.923076923076923	1	18	1
1	1	18	1
1	1	18	1
1	1	18	1
0.451612903225806	2	39	1
0.195121951219512	2	39	1
0.152173913043478	2	39	1
0.529411764705882	2	39	1
0.384615384615385	2	39	1
0.4	2	39	1
0.193548387096774	2	39	1
0.5	2	39	1
0.520833333333333	2	39	1
0.5	2	39	1
0.387096774193548	2	39	1
0.414634146341463	2	39	1
0.451612903225806	2	39	1
0.371428571428571	2	39	1
0.454545454545455	2	39	1
0.4	2	39	1
0.122448979591837	2	39	1
0.528301886792453	2	39	1
0.522727272727273	2	39	1
0.384615384615385	2	39	1
0.547619047619048	2	39	1
0.452380952380952	2	39	1
0.5625	2	39	1
0.484848484848485	2	39	1
0.469387755102041	2	39	1
0.487179487179487	2	39	1
0.298245614035088	2	39	1
0.5	2	39	1
0.377358490566038	2	39	1
0.386363636363636	2	39	1
0.534883720930233	2	39	1
0.466666666666667	2	39	1
0.558139534883721	2	39	1
0.3	2	39	1
0.352941176470588	2	39	1
0.463414634146341	2	39	1
0.488888888888889	2	39	1
0.390243902439024	2	39	1
0.604166666666667	2	39	1
0.395348837209302	2	39	1
0.464285714285714	2	39	1
0.4	2	39	1
0.382352941176471	2	39	1
0.511627906976744	2	39	1
0.458333333333333	2	39	1
0.5	2	39	1
0.40625	2	39	1
0.581395348837209	2	39	1
0.333333333333333	2	39	1
0.520833333333333	2	39	1
0.444444444444444	2	39	1
0.363636363636364	2	39	1
0.423076923076923	2	39	1
0.423076923076923	2	39	1
0.418604651162791	2	39	1
0.258064516129032	2	39	1
0.350877192982456	2	39	1
0.5	2	39	1
0.48	2	39	1
0.527777777777778	2	39	1
0.441176470588235	2	39	1
0.4	2	39	1
0.388888888888889	2	39	1
0.477272727272727	2	39	1
0.628571428571429	2	39	1
0.387096774193548	2	39	1
0.45	2	39	1
0.457142857142857	2	39	1
0.52	2	39	1
0.52	2	39	1
0.444444444444444	2	39	1
0.235294117647059	2	39	1
0.571428571428571	2	39	1
0.55	2	39	1
0.37037037037037	2	39	1
0.473684210526316	2	39	1
0.441860465116279	2	39	1
0.285714285714286	2	39	1
0.435897435897436	2	39	1
0.606060606060606	2	39	1
0.115384615384615	2	39	1
0.101694915254237	2	39	1
0.307692307692308	2	39	1
0.482758620689655	2	39	1
0.488888888888889	2	39	1
0.384615384615385	2	39	1
0.5	2	39	1
0.459459459459459	2	39	1
0.365853658536585	2	39	1
0.333333333333333	2	39	1
0.58695652173913	2	39	1
0.377777777777778	2	39	1
0.357142857142857	2	39	1
0.421052631578947	2	39	1
0.458333333333333	2	39	1
0.511627906976744	2	39	1
0.348837209302326	2	39	1
0.39344262295082	2	39	1
0.509803921568627	2	39	1
0.51063829787234	2	39	1
0.523809523809524	2	39	1
0.361111111111111	2	39	1
0.166666666666667	2	39	1
0.214285714285714	2	39	1
0.555555555555556	2	39	1
0.482758620689655	2	39	1
0.130434782608696	2	39	1
0.24390243902439	2	39	1
0.422222222222222	2	39	1
0.3	2	39	1
0.565217391304348	2	39	1
0.428571428571429	2	39	1
0.5	2	39	1
0.578947368421053	2	39	1
0.266666666666667	2	39	1
0.5	2	39	1
0.479166666666667	2	39	1
0.395833333333333	2	39	1
0.537037037037037	2	39	1
0.48936170212766	2	39	1
0.458333333333333	2	39	1
0.4375	2	39	1
0.469387755102041	2	39	1
0.461538461538462	2	39	1
0.411764705882353	2	39	1
0.533333333333333	2	39	1
0.5	2	39	1
0.441860465116279	2	39	1
0.567567567567568	2	39	1
0.5	2	39	1
0.489795918367347	2	39	1
0.142857142857143	2	39	1
0.323529411764706	2	39	1
0.5	2	39	1
0.170731707317073	2	39	1
0.485714285714286	2	39	1
0.487179487179487	2	39	1
0.5	2	39	1
0.557692307692308	2	39	1
0.393939393939394	2	39	1
0.40625	2	39	1
0.470588235294118	2	39	1
0.45	2	39	1
0.452380952380952	2	39	1
0.372093023255814	2	39	1
0.476190476190476	2	39	1
0.533333333333333	2	39	1
0.470588235294118	2	39	1
0.414634146341463	2	39	1
0.465116279069767	2	39	1
0.566666666666667	2	39	1
0.468085106382979	2	39	1
0.566666666666667	2	39	1
0.571428571428571	2	39	1
0.444444444444444	2	39	1
0.5	2	39	1
0.5625	2	39	1
0.41304347826087	2	39	1
0.28125	2	39	1
0.293103448275862	2	39	1
0.37037037037037	2	39	1
0.45	2	39	1
0.470588235294118	2	39	1
0.404761904761905	2	39	1
0.447368421052632	2	39	1
0.358208955223881	2	39	1
0.513513513513513	2	39	1
0.560975609756098	2	39	1
0.387755102040816	2	39	1
0.605263157894737	2	39	1
0.418604651162791	2	39	1
0.529411764705882	2	39	1
0.424242424242424	2	39	1
0.512820512820513	2	39	1
0.444444444444444	2	39	1
0.404761904761905	2	39	1
0.520833333333333	2	39	1
0.4	2	39	1
0.487179487179487	2	39	1
0.642857142857143	2	39	1
0.442622950819672	2	39	1
0.487179487179487	2	39	1
0.43859649122807	2	39	1
0.394736842105263	2	39	1
0.450980392156863	2	39	1
0.482758620689655	2	39	1
0.487179487179487	2	39	1
0.511111111111111	2	39	1
0.5	2	39	1
0.42	2	39	1
0.4375	2	39	1
0.636363636363636	2	39	1
0.459459459459459	2	39	1
0.565217391304348	2	39	1
0.534883720930233	2	39	1
0.41025641025641	2	39	1
0.578947368421053	2	39	1
0.526315789473684	2	39	1
0.379310344827586	2	39	1
0.652173913043478	2	39	1
0.516129032258065	2	39	1
0.466666666666667	2	39	1
0.483870967741935	2	39	1
0.583333333333333	2	39	1
0.555555555555556	2	39	1
0.525	2	39	1
0.4375	2	39	1
0.363636363636364	2	39	1
0.604651162790698	2	39	1
0.111111111111111	2	39	1
0.538461538461538	2	39	1
0.535714285714286	2	39	1
0.159090909090909	2	39	1
0.366666666666667	2	39	1
0.342105263157895	2	39	1
0.166666666666667	2	39	1
0.388888888888889	2	39	1
0.176470588235294	2	39	1
0.485714285714286	2	39	1
0.627906976744186	2	39	1
0.542857142857143	2	39	1
0.547619047619048	2	39	1
0.447368421052632	2	39	1
0.423076923076923	2	39	1
0.509433962264151	2	39	1
0.458333333333333	2	39	1
0.566666666666667	2	39	1
0.5	2	39	1
0.558139534883721	2	39	1
0.363636363636364	2	39	1
0.536585365853659	2	39	1
0.424242424242424	2	39	1
0.681818181818182	2	39	1
0.4	2	39	1
0.595744680851064	2	39	1
0.510204081632653	2	39	1
0.266666666666667	2	39	1
0.127272727272727	2	39	1
0.405405405405405	2	39	1
0.404761904761905	2	39	1
0.459459459459459	2	39	1
0.466666666666667	2	39	1
0.488372093023256	2	39	1
0.390243902439024	2	39	1
0.541666666666667	2	39	1
0.432432432432432	2	39	1
0.490566037735849	2	39	1
0.476190476190476	2	39	1
0.522727272727273	2	39	1
0.6	2	39	1
0.43859649122807	2	39	1
0.313725490196078	2	39	1
0.634146341463415	2	39	1
0.4	2	39	1
0.102040816326531	2	39	1
0.451612903225806	2	39	1
0.527272727272727	2	39	1
0.441860465116279	2	39	1
0.277777777777778	2	39	1
0.425	2	39	1
0.648648648648649	2	39	1
0.541666666666667	2	39	1
0.101694915254237	2	39	1
0.447368421052632	2	39	1
0.210526315789474	2	39	1
0.205882352941176	2	39	1
0.193548387096774	2	39	1
0.542857142857143	2	39	1
0.478260869565217	2	39	1
0.481481481481481	2	39	1
0.394736842105263	2	39	1
0.385964912280702	2	39	1
0.333333333333333	2	39	1
0.480769230769231	2	39	1
0.545454545454545	2	39	1
0.388888888888889	2	39	1
0.42	2	39	1
0.490196078431373	2	39	1
0.206896551724138	2	39	1
0.511627906976744	2	39	1
0.15	2	39	1
0.212121212121212	2	39	1
0.435897435897436	2	39	1
0.166666666666667	2	39	1
0.405405405405405	2	39	1
0.1875	2	39	1
0.5	2	39	1
0.5625	2	39	1
0.463414634146341	2	39	1
0.485714285714286	2	39	1
0.285714285714286	2	39	1
0.470588235294118	2	39	1
0.533333333333333	2	39	1
0.216216216216216	2	39	1
0.36734693877551	2	39	1
0.378378378378378	2	39	1
0.636363636363636	2	39	1
0.391304347826087	2	39	1
0.37037037037037	2	39	1
0.5	2	39	1
0.5	2	39	1
0.352941176470588	2	39	1
0.54	2	39	1
0.351351351351351	2	39	1
0.418604651162791	2	39	1
0.634146341463415	2	39	1
0.478260869565217	2	39	1
0.138888888888889	2	39	1
0.516666666666667	2	39	1
0.490196078431373	2	39	1
0.448275862068966	2	39	1
0.450980392156863	2	39	1
0.476190476190476	2	39	1
0.515151515151515	2	39	1
0.555555555555556	2	39	1
0.387755102040816	2	39	1
0.459459459459459	2	39	1
0.487179487179487	2	39	1
0.540540540540541	2	39	1
0.59375	2	39	1
0.388888888888889	2	39	1
0.4	2	39	1
0.3	2	39	1
0.276595744680851	2	39	1
0.477272727272727	2	39	1
0.321428571428571	2	39	1
0.444444444444444	2	39	1
0.558139534883721	2	39	1
0.410714285714286	2	39	1
0.482758620689655	2	39	1
0.472222222222222	2	39	1
0.423076923076923	2	39	1
0.6	2	39	1
0.692307692307692	2	39	1
0.441176470588235	2	39	1
0.425531914893617	2	39	1
0.541666666666667	2	39	1
0.4	2	39	1
0.422222222222222	2	39	1
0.448979591836735	2	39	1
0.384615384615385	2	39	1
0.444444444444444	2	39	1
0.291666666666667	2	39	1
0.176470588235294	2	39	1
0.177777777777778	2	39	1
0.177777777777778	2	39	1
0.477272727272727	2	39	1
0.285714285714286	2	39	1
0.527777777777778	2	39	1
0.636363636363636	2	39	1
0.5	2	39	1
0.666666666666667	2	39	1
0.461538461538462	2	39	1
0.531914893617021	2	39	1
0.46031746031746	2	39	1
0.625	2	39	1
0.642857142857143	2	39	1
0.366666666666667	2	39	1
0.466666666666667	2	39	1
0.517241379310345	2	39	1
0.553571428571429	2	39	1
0.540540540540541	2	39	1
0.448275862068966	2	39	1
0.490196078431373	2	39	1
0.523809523809524	2	39	1
0.407407407407407	2	39	1
0.477272727272727	2	39	1
0.333333333333333	2	39	1
0.442307692307692	2	39	1
0.470588235294118	2	39	1
0.448979591836735	2	39	1
0.530612244897959	2	39	1
0.372093023255814	2	39	1
0.508771929824561	2	39	1
0.553571428571429	2	39	1
0.444444444444444	2	39	1
0.385964912280702	2	39	1
0.591836734693878	2	39	1
0.452380952380952	2	39	1
0.222222222222222	2	39	1
0.516129032258065	2	39	1
0.432432432432432	2	39	1
0.428571428571429	2	39	1
0.574468085106383	2	39	1
0.52	2	39	1
0.311111111111111	2	39	1
0.475	2	39	1
0.666666666666667	2	39	1
0.444444444444444	2	39	1
0.463414634146341	2	39	1
0.405405405405405	2	39	1
0.619047619047619	2	39	1
0.379310344827586	2	39	1
0.25	2	39	1
0.392857142857143	2	39	1
0.469387755102041	2	39	1
0.35	2	39	1
0.478260869565217	2	39	1
0.450980392156863	2	39	1
0.483870967741935	2	39	1
0.5	2	39	1
0.48780487804878	2	39	1
0.448979591836735	2	39	1
0.121951219512195	2	39	1
0.583333333333333	2	39	1
0.256410256410256	2	39	1
0.423076923076923	2	39	1
0.151515151515152	2	39	1
0.461538461538462	2	39	1
0.12	2	39	1
0.5625	2	39	1
0.571428571428571	2	39	1
0.354838709677419	2	39	1
0.107142857142857	2	39	1
0.12962962962963	2	39	1
0.5	2	39	1
0.538461538461538	2	39	1
0.659090909090909	2	39	1
0.51219512195122	2	39	1
0.0847457627118644	2	39	1
0.461538461538462	2	39	1
0.517241379310345	2	39	1
0.4	2	39	1
0.375	2	39	1
0.456521739130435	2	39	1
0.490566037735849	2	39	1
0.5	2	39	1
0.590909090909091	2	39	1
0.5	2	39	1
0.45	2	39	1
0.409090909090909	2	39	1
0.581395348837209	2	39	1
0.508771929824561	2	39	1
0.2	2	39	1
0.613636363636364	2	39	1
0.53125	2	39	1
0.490566037735849	2	39	1
0.333333333333333	2	39	1
0.384615384615385	2	39	1
0.452380952380952	2	39	1
0.452830188679245	2	39	1
0.409090909090909	2	39	1
0.294117647058824	2	39	1
0.464285714285714	2	39	1
0.428571428571429	2	39	1
0.482758620689655	2	39	1
0.465116279069767	2	39	1
0.538461538461538	2	39	1
0.4	2	39	1
0.537037037037037	2	39	1
0.411764705882353	2	39	1
0.42	2	39	1
0.466666666666667	2	39	1
0.489795918367347	2	39	1
0.48780487804878	2	39	1
0.48	2	39	1
0.658536585365854	2	39	1
0.5	2	39	1
0.48936170212766	2	39	1
0.512820512820513	2	39	1
0.408163265306122	2	39	1
0.387096774193548	2	39	1
0.613636363636364	2	39	1
0.517241379310345	2	39	1
0.468085106382979	2	39	1
0.464285714285714	2	39	1
0.509433962264151	2	39	1
0.512820512820513	2	39	1
0.627450980392157	2	39	1
0.577777777777778	2	39	1
0.469387755102041	2	39	1
0.105263157894737	2	39	1
0.3125	2	39	1
0.35	2	39	1
0.418604651162791	2	39	1
0.465116279069767	2	39	1
0.558823529411765	2	39	1
0.422222222222222	2	39	1
0.888888888888889	2	39	1
0.41025641025641	2	39	1
0.347826086956522	2	39	1
0.272727272727273	2	39	1
0.515151515151515	2	39	1
0.608695652173913	2	39	1
0.354838709677419	2	39	1
0.263157894736842	2	39	1
0.333333333333333	2	39	1
0.560975609756098	2	39	1
0.425	2	39	1
0.380952380952381	2	39	1
0.5	2	39	1
0.461538461538462	2	39	1
0.515151515151515	2	39	1
0.53125	2	39	1
0.447368421052632	2	39	1
0.702127659574468	2	39	1
0.421052631578947	2	39	1
0.375	2	39	1
0.435897435897436	2	39	1
0.5625	2	39	1
0.51219512195122	2	39	1
0.35	2	39	1
0.342857142857143	2	39	1
0.491525423728814	2	39	1
0.583333333333333	2	39	1
0.527777777777778	2	39	1
0.5	2	39	1
0.533333333333333	2	39	1
0.5	2	39	1
0.111111111111111	2	39	1
0.487179487179487	2	39	1
0.486486486486487	2	39	1
0.39622641509434	2	39	1
0.117647058823529	2	39	1
0.415094339622642	2	39	1
0.25	2	39	1
0.395348837209302	2	39	1
0.16	2	39	1
0.67741935483871	2	39	1
0.611111111111111	2	39	1
0.541666666666667	2	39	1
0.447368421052632	2	39	1
0.465116279069767	2	39	1
0.432432432432432	2	39	1
0.566666666666667	2	39	1
0.590909090909091	2	39	1
0.0952380952380952	2	39	1
0.476190476190476	2	39	1
0.514285714285714	2	39	1
0.590909090909091	2	39	1
0.5	2	39	1
0.425925925925926	2	39	1
0.388888888888889	2	39	1
0.333333333333333	2	39	1
0.46875	2	39	1
0.634615384615385	2	39	1
0.434782608695652	2	39	1
0.615384615384615	2	39	1
0.6	2	39	1
0.409090909090909	2	39	1
0.348837209302326	2	39	1
0.588235294117647	2	39	1
0.186046511627907	2	39	1
0.5	2	39	1
0.384615384615385	2	39	1
0.581395348837209	2	39	1
0.48780487804878	2	39	1
0.5	2	39	1
0.25531914893617	2	39	1
0.533333333333333	2	39	1
0.52	2	39	1
0.574074074074074	2	39	1
0.45	2	39	1
0.568627450980392	2	39	1
0.583333333333333	2	39	1
0.315789473684211	2	39	1
0.285714285714286	2	39	1
0.547619047619048	2	39	1
0.575757575757576	2	39	1
0.515151515151515	2	39	1
0.482758620689655	2	39	1
0.214285714285714	2	39	1
0.36734693877551	2	39	1
0.523809523809524	2	39	1
0.5	2	39	1
0.51063829787234	2	39	1
0.27906976744186	2	39	1
0.634146341463415	2	39	1
0.586206896551724	2	39	1
0.536585365853659	2	39	1
0.465116279069767	2	39	1
0.442307692307692	2	39	1
0.186046511627907	2	39	1
0.341463414634146	2	39	1
0.433333333333333	2	39	1
0.6	2	39	1
0.145833333333333	2	39	1
0.441176470588235	2	39	1
0.605263157894737	2	39	1
0.512820512820513	2	39	1
0.151515151515152	2	39	1
0.431818181818182	2	39	1
0.424242424242424	2	39	1
0.382978723404255	2	39	1
0.526315789473684	2	39	1
0.384615384615385	2	39	1
0.486486486486487	2	39	1
0.5	2	39	1
0.606060606060606	2	39	1
0.425925925925926	2	39	1
0.46875	2	39	1
0.310344827586207	2	39	1
0.4	2	39	1
0.6	2	39	1
0.459459459459459	2	39	1
0.405405405405405	2	39	1
0.157894736842105	2	39	1
0.5	2	39	1
0.428571428571429	2	39	1
0.41304347826087	2	39	1
0.470588235294118	2	39	1
0.379310344827586	2	39	1
0.116666666666667	2	39	1
0.4	2	39	1
0.116666666666667	2	39	1
0.103448275862069	2	39	1
0.588235294117647	2	39	1
0.483870967741935	2	39	1
0.297872340425532	2	39	1
0.454545454545455	2	39	1
0.466666666666667	2	39	1
0.366666666666667	2	39	1
0.326923076923077	2	39	1
0.413793103448276	2	39	1
0.560975609756098	2	39	1
0.411764705882353	2	39	1
0.522727272727273	2	39	1
0.392156862745098	2	39	1
0.477272727272727	2	39	1
0.151515151515152	2	39	1
0.125	2	39	1
0.595744680851064	2	39	1
0.54	2	39	1
0.476190476190476	2	39	1
0.113207547169811	2	39	1
0.535714285714286	2	39	1
0.333333333333333	2	39	1
0.636363636363636	2	39	1
0.6	2	39	1
0.333333333333333	2	39	1
0.538461538461538	2	39	1
0.44	2	39	1
0.515151515151515	2	39	1
0.446808510638298	2	39	1
0.461538461538462	2	39	1
0.5	2	39	1
0.571428571428571	2	39	1
0.520833333333333	2	39	1
0.354838709677419	2	39	1
0.5	2	39	1
0.485714285714286	2	39	1
0.625	2	39	1
0.529411764705882	2	39	1
0.55	2	39	1
0.583333333333333	2	39	1
0.538461538461538	2	39	1
0.5	2	39	1
0.333333333333333	2	39	1
0.347826086956522	2	39	1
0.304347826086957	2	39	1
0.481481481481481	2	39	1
0.465116279069767	2	39	1
0.5	2	39	1
0.375	2	39	1
0.568181818181818	2	39	1
0.352941176470588	2	39	1
0.12	2	39	1
0.391304347826087	2	39	1
0.395348837209302	2	39	1
0.4375	2	39	1
0.487179487179487	2	39	1
0.434782608695652	2	39	1
0.444444444444444	2	39	1
0.219512195121951	2	39	1
0.558139534883721	2	39	1
0.6	2	39	1
0.586206896551724	2	39	1
0.466666666666667	2	39	1
0.527777777777778	2	39	1
0.48780487804878	2	39	1
0.615384615384615	2	39	1
0.527777777777778	2	39	1
0.516129032258065	2	39	1
0.4	2	39	1
0.482758620689655	2	39	1
0.375	2	39	1
0.27027027027027	2	39	1
0.473684210526316	2	39	1
0.347826086956522	2	39	1
0.534883720930233	2	39	1
0.6	2	39	1
0.547619047619048	2	39	1
0.483870967741935	2	39	1
0.425	2	39	1
0.611111111111111	2	39	1
0.344827586206897	2	39	1
0.486486486486487	2	39	1
0.575757575757576	2	39	1
0.454545454545455	2	39	1
0.5625	2	39	1
0.4375	2	39	1
0.34375	2	39	1
0.4	2	39	1
0.44	2	39	1
0.457142857142857	2	39	1
0.6	2	39	1
0.428571428571429	2	39	1
0.521739130434783	2	39	1
0.358490566037736	2	39	1
0.477272727272727	2	39	1
0.452830188679245	2	39	1
0.428571428571429	2	39	1
0.446808510638298	2	39	1
0.4	2	39	1
0.392156862745098	2	39	1
0.44	2	39	1
0.457142857142857	2	39	1
0.395348837209302	2	39	1
0.478260869565217	2	39	1
0.352941176470588	2	39	1
0.560975609756098	2	39	1
0.486486486486487	2	39	1
0.542857142857143	2	39	1
0.5	2	39	1
0.324324324324324	2	39	1
0.162162162162162	2	39	1
0.483870967741935	2	39	1
0.463414634146341	2	39	1
0.452830188679245	2	39	1
0.540540540540541	2	39	1
0.5625	2	39	1
0.454545454545455	2	39	1
0.419354838709677	2	39	1
0.456521739130435	2	39	1
0.431818181818182	2	39	1
0.568181818181818	2	39	1
0.415094339622642	2	39	1
0.533333333333333	2	39	1
0.555555555555556	2	39	1
0.404255319148936	2	39	1
0.454545454545455	2	39	1
0.434782608695652	2	39	1
0.441860465116279	2	39	1
0.545454545454545	2	39	1
0.571428571428571	2	39	1
0.448979591836735	2	39	1
0.511111111111111	2	39	1
0.157894736842105	2	39	1
0.5	2	39	1
0.157894736842105	2	39	1
0.388888888888889	2	39	1
0.512820512820513	2	39	1
0.533333333333333	2	39	1
0.516129032258065	2	39	1
0.442307692307692	2	39	1
0.571428571428571	2	39	1
0.4375	2	39	1
0.463414634146341	2	39	1
0.472222222222222	2	39	1
0.34375	2	39	1
0.446808510638298	2	39	1
0.413793103448276	2	39	1
0.352941176470588	2	39	1
0.423076923076923	2	39	1
0.333333333333333	2	39	1
0.458333333333333	2	39	1
0.441176470588235	2	39	1
0.566037735849057	2	39	1
0.533333333333333	2	39	1
0.4	2	39	1
0.523809523809524	2	39	1
0.346153846153846	2	39	1
0.37037037037037	2	39	1
0.185185185185185	2	39	1
0.526315789473684	2	39	1
0.592592592592593	2	39	1
0.441860465116279	2	39	1
0.333333333333333	2	39	1
0.411764705882353	2	39	1
0.179487179487179	2	39	1
0.5	2	39	1
0.4	2	39	1
0.411764705882353	2	39	1
0.615384615384615	2	39	1
0.111111111111111	2	39	1
0.386363636363636	2	39	1
0.5	2	39	1
0.2	2	39	1
0.588235294117647	2	39	1
0.369565217391304	2	39	1
0.564102564102564	2	39	1
0.428571428571429	2	39	1
0.464285714285714	2	39	1
0.405405405405405	2	39	1
0.230769230769231	2	39	1
0.393939393939394	2	39	1
0.53125	2	39	1
0.451612903225806	2	39	1
0.461538461538462	2	39	1
0.486486486486487	2	39	1
0.509433962264151	2	39	1
0.522727272727273	2	39	1
0.514285714285714	2	39	1
0.372549019607843	2	39	1
0.56140350877193	2	39	1
0.622222222222222	2	39	1
0.127659574468085	2	39	1
0.444444444444444	2	39	1
0.509803921568627	2	39	1
0.468085106382979	2	39	1
0.272727272727273	2	39	1
0.5	2	39	1
0.641025641025641	2	39	1
0.136363636363636	2	39	1
0.5	2	39	1
0.325	2	39	1
0.511627906976744	2	39	1
0.478260869565217	2	39	1
0.395833333333333	2	39	1
0.513513513513513	2	39	1
0.5	2	39	1
0.4	2	39	1
0.290322580645161	2	39	1
0.485714285714286	2	39	1
0.275	2	39	1
0.378378378378378	2	39	1
0.318181818181818	2	39	1
0.157894736842105	2	39	1
0.333333333333333	2	39	1
0.6	2	39	1
0.416666666666667	2	39	1
0.243243243243243	2	39	1
0.210526315789474	2	39	1
0.3	2	39	1
0.479166666666667	2	39	1
0.574468085106383	2	39	1
0.404761904761905	2	39	1
0.513513513513513	2	39	1
0.448275862068966	2	39	1
0.189189189189189	2	39	1
0.23728813559322	2	39	1
0.53125	2	39	1
0.342105263157895	2	39	1
0.442307692307692	2	39	1
0.454545454545455	2	39	1
0.5	2	39	1
0.384615384615385	2	39	1
0.46875	2	39	1
0.6	2	39	1
0.25	2	39	1
0.327586206896552	2	39	1
0.484848484848485	2	39	1
0.538461538461538	2	39	1
0.514285714285714	2	39	1
0.391304347826087	2	39	1
0.478260869565217	2	39	1
0.470588235294118	2	39	1
0.583333333333333	2	39	1
0.51219512195122	2	39	1
0.363636363636364	2	39	1
0.3	2	39	1
0.484848484848485	2	39	1
0.510204081632653	2	39	1
0.5	2	39	1
0.461538461538462	2	39	1
0.275	2	39	1
0.666666666666667	2	39	1
0.631578947368421	2	39	1
0.352941176470588	2	39	1
0.484848484848485	2	39	1
0.515151515151515	2	39	1
0.48780487804878	2	39	1
0.519230769230769	2	39	1
0.5	2	39	1
0.459459459459459	2	39	1
0.547169811320755	2	39	1
0.484848484848485	2	39	1
0.488372093023256	2	39	1
0.396551724137931	2	39	1
0.222222222222222	2	39	1
0.466666666666667	2	39	1
0.521739130434783	2	39	1
0.333333333333333	2	39	1
0.432432432432432	2	39	1
0.590909090909091	2	39	1
0.625	2	39	1
0.285714285714286	2	39	1
0.384615384615385	2	39	1
0.388888888888889	2	39	1
0.484848484848485	2	39	1
0.613636363636364	2	39	1
0.41304347826087	2	39	1
0.418604651162791	2	39	1
0.333333333333333	2	39	1
0.576271186440678	2	39	1
0.611111111111111	2	39	1
0.526315789473684	2	39	1
0.463414634146341	2	39	1
0.377777777777778	2	39	1
0.511111111111111	2	39	1
0.4	2	39	1
0.411764705882353	2	39	1
0.375	2	39	1
0.414634146341463	2	39	1
0.6	2	39	1
0.37037037037037	2	39	1
0.485714285714286	2	39	1
0.542372881355932	2	39	1
0.476190476190476	2	39	1
0.377358490566038	2	39	1
0.519230769230769	2	39	1
0.377358490566038	2	39	1
0.475	2	39	1
0.285714285714286	2	39	1
0.515151515151515	2	39	1
0.542857142857143	2	39	1
0.490566037735849	2	39	1
0.366666666666667	2	39	1
0.15	2	39	1
0.591836734693878	2	39	1
0.477272727272727	2	39	1
0.553571428571429	2	39	1
0.5	2	39	1
0.605263157894737	2	39	1
0.357142857142857	2	39	1
0.5	2	39	1
0.477272727272727	2	39	1
0.58695652173913	2	39	1
0.48	2	39	1
0.462962962962963	2	39	1
0.522727272727273	2	39	1
0.371428571428571	2	39	1
0.404761904761905	2	39	1
0.522727272727273	2	39	1
0.442307692307692	2	39	1
0.386363636363636	2	39	1
0.414634146341463	2	39	1
0.424242424242424	2	39	1
0.416666666666667	2	39	1
0.375	2	39	1
0.4	2	39	1
0.465116279069767	2	39	1
0.59375	2	39	1
0.272727272727273	2	39	1
0.4375	2	39	1
0.347826086956522	2	39	1
0.461538461538462	2	39	1
0.591836734693878	2	39	1
0.428571428571429	2	39	1
0.377777777777778	2	39	1
0.409090909090909	2	39	1
0.583333333333333	2	39	1
0.555555555555556	2	39	1
0.6	2	39	1
0.535714285714286	2	39	1
0.519230769230769	2	39	1
0.363636363636364	2	39	1
0.348837209302326	2	39	1
0.285714285714286	2	39	1
0.6	2	39	1
0.457142857142857	2	39	1
0.545454545454545	2	39	1
0.324324324324324	2	39	1
0.5	2	39	1
0.636363636363636	2	39	1
0.333333333333333	2	39	1
0.305555555555556	2	39	1
0.41025641025641	2	39	1
0.564102564102564	2	39	1
0.612903225806452	2	39	1
0.487179487179487	2	39	1
0.486486486486487	2	39	1
0.425531914893617	2	39	1
0.526315789473684	2	39	1
0.314285714285714	2	39	1
0.481481481481481	2	39	1
0.26530612244898	2	39	1
0.608695652173913	2	39	1
0.382978723404255	2	39	1
0.558823529411765	2	39	1
0.53125	2	39	1
0.558823529411765	2	39	1
0.466666666666667	2	39	1
0.357142857142857	2	39	1
0.456521739130435	2	39	1
0.615384615384615	2	39	1
0.183673469387755	2	39	1
0.285714285714286	2	39	1
0.4375	2	39	1
0.45	2	39	1
0.531914893617021	2	39	1
0.520833333333333	2	39	1
0.538461538461538	2	39	1
0.606060606060606	2	39	1
0.193548387096774	2	39	1
0.638297872340426	2	39	1
0.4	2	39	1
0.315789473684211	2	39	1
0.380952380952381	2	39	1
0.41025641025641	2	39	1
0.605263157894737	2	39	1
0.233333333333333	2	39	1
0.214285714285714	2	39	1
0.428571428571429	2	39	1
0.34375	2	39	1
0.528301886792453	2	39	1
0.222222222222222	2	39	1
0.1875	2	39	1
0.481481481481481	2	39	1
0.46875	2	39	1
0.36	2	39	1
0.125	2	39	1
0.526315789473684	2	39	1
0.365384615384615	2	39	1
0.6875	2	39	1
0.666666666666667	2	39	1
0.434782608695652	2	39	1
0.428571428571429	2	39	1
0.5	2	39	1
0.529411764705882	2	39	1
0.58974358974359	2	39	1
0.365853658536585	2	39	1
0.5	2	39	1
0.363636363636364	2	39	1
0.125	2	39	1
0.444444444444444	2	39	1
0.435897435897436	2	39	1
0.447368421052632	2	39	1
0.567567567567568	2	39	1
0.512820512820513	2	39	1
0.615384615384615	2	39	1
0.396551724137931	2	39	1
0.285714285714286	2	39	1
0.368421052631579	2	39	1
0.58974358974359	2	39	1
0.35	2	39	1
0.547619047619048	2	39	1
0.434782608695652	2	39	1
0.444444444444444	2	39	1
0.433333333333333	2	39	1
0.457142857142857	2	39	1
0.35	2	39	1
0.260869565217391	2	39	1
0.466666666666667	2	39	1
0.558139534883721	2	39	1
0.428571428571429	2	39	1
0.526315789473684	2	39	1
0.461538461538462	2	39	1
0.242424242424242	2	39	1
0.62962962962963	2	39	1
0.407407407407407	2	39	1
0.482758620689655	2	39	1
0.684210526315789	2	39	1
0.464285714285714	2	39	1
0.372549019607843	2	39	1
0.474576271186441	2	39	1
0.574468085106383	2	39	1
0.620689655172414	2	39	1
0.52	2	39	1
0.432432432432432	2	39	1
0.534883720930233	2	39	1
0.4	2	39	1
0.442622950819672	2	39	1
0.428571428571429	2	39	1
0.307692307692308	2	39	1
0.596153846153846	2	39	1
0.233333333333333	2	39	1
0.46875	2	39	1
0.636363636363636	2	39	1
0.454545454545455	2	39	1
0.681818181818182	2	39	1
0.393939393939394	2	39	1
0.4375	2	39	1
0.390243902439024	2	39	1
0.292682926829268	2	39	1
0.4375	2	39	1
0.375	2	39	1
0.375	2	39	1
0.131578947368421	2	39	1
0.488372093023256	2	39	1
0.5	2	39	1
0.529411764705882	2	39	1
0.529411764705882	2	39	1
0.48780487804878	2	39	1
0.407407407407407	2	39	1
0.512820512820513	2	39	1
0.375	2	39	1
0.482758620689655	2	39	1
0.358974358974359	2	39	1
0.5	2	39	1
0.571428571428571	2	39	1
0.214285714285714	2	39	1
0.292682926829268	2	39	1
0.9375	2	39	1
0.975	2	39	1
0.178571428571429	2	39	1
0.145454545454545	2	39	1
0.96969696969697	2	39	1
1	2	39	1
0.774193548387097	2	39	1
0.204545454545455	2	39	1
0.225	2	39	1
0.977272727272727	2	39	1
0.340909090909091	2	39	1
0.512820512820513	2	39	1
0.387096774193548	2	39	1
0.442307692307692	2	39	1
0.702702702702703	2	39	1
0.395348837209302	2	39	1
0.434782608695652	2	39	1
0.368421052631579	2	39	1
0.36	2	39	1
0.454545454545455	2	39	1
0.166666666666667	2	39	1
0.558823529411765	2	39	1
0.560975609756098	2	39	1
0.48936170212766	2	39	1
0.48780487804878	2	39	1
0.56	2	39	1
0.522727272727273	2	39	1
0.517241379310345	2	39	1
0.369565217391304	2	39	1
0.448275862068966	2	39	1
0.666666666666667	2	39	1
0.564102564102564	2	39	1
0.431818181818182	2	39	1
0.448979591836735	2	39	1
0.338709677419355	2	39	1
0.105263157894737	2	39	1
0.538461538461538	2	39	1
0.41025641025641	2	39	1
0.508474576271186	2	39	1
0.413793103448276	2	39	1
0.4	2	39	1
0.260869565217391	2	39	1
0.555555555555556	2	39	1
0.609756097560976	2	39	1
0.333333333333333	2	39	1
0.37037037037037	2	39	1
0.315789473684211	2	39	1
0.478260869565217	2	39	1
0.411764705882353	2	39	1
0.241379310344828	2	39	1
0.413793103448276	2	39	1
0.386363636363636	2	39	1
0.421052631578947	2	39	1
0.794117647058823	2	39	1
0.52	2	39	1
0.723404255319149	2	39	1
0.548387096774194	2	39	1
0.285714285714286	2	39	1
0.457142857142857	2	39	1
0.3	2	39	1
0.5	2	39	1
0.413793103448276	2	39	1
