VAF	CN	avg.depth	purity
0.25	3	29	0.82
0.363636363636364	3	29	0.82
0.347826086956522	3	29	0.82
0.181818181818182	3	29	0.82
0.258064516129032	3	29	0.82
0.256410256410256	3	29	0.82
0.136363636363636	3	29	0.82
0.146341463414634	3	29	0.82
0.75	3	29	0.82
0.263157894736842	3	29	0.82
0.173913043478261	3	29	0.82
0.352941176470588	3	29	0.82
0.181818181818182	3	29	0.82
0.414634146341463	3	29	0.82
0.375	3	29	0.82
0.21875	3	29	0.82
0.423076923076923	3	29	0.82
0.378378378378378	3	29	0.82
0.227272727272727	3	29	0.82
0.16	3	29	0.82
0.206896551724138	3	29	0.82
0.321428571428571	3	29	0.82
0.214285714285714	3	29	0.82
0.217391304347826	3	29	0.82
0.625	3	29	0.82
0.380952380952381	3	29	0.82
0.212121212121212	3	29	0.82
0.108108108108108	3	29	0.82
0.130434782608696	3	29	0.82
0.214285714285714	3	29	0.82
0.16	3	29	0.82
0.242424242424242	3	29	0.82
0.205128205128205	3	29	0.82
0.2	3	29	0.82
0.3	3	29	0.82
0.25	3	29	0.82
0.15625	3	29	0.82
0.16	3	29	0.82
0.333333333333333	3	29	0.82
0.172413793103448	3	29	0.82
0.230769230769231	3	29	0.82
0.181818181818182	3	29	0.82
0.1875	3	29	0.82
0.433333333333333	3	29	0.82
0.25	3	29	0.82
0.423076923076923	3	29	0.82
0.354838709677419	3	29	0.82
0.258064516129032	3	29	0.82
0.185185185185185	3	29	0.82
0.290322580645161	3	29	0.82
0.5	3	29	0.82
0.235294117647059	3	29	0.82
0.285714285714286	3	29	0.82
0.307692307692308	3	29	0.82
0.230769230769231	3	29	0.82
0.277777777777778	3	29	0.82
0.129032258064516	3	29	0.82
0.222222222222222	3	29	0.82
0.16	3	29	0.82
0.25	3	29	0.82
0.36	3	29	0.82
0.242424242424242	3	29	0.82
0.166666666666667	3	29	0.82
0.181818181818182	3	29	0.82
0.222222222222222	3	29	0.82
0.333333333333333	3	29	0.82
0.2	3	29	0.82
0.318181818181818	3	29	0.82
0.15625	4	38	0.82
0.162162162162162	4	38	0.82
0.222222222222222	4	38	0.82
0.131578947368421	4	38	0.82
0.288888888888889	4	38	0.82
0.177777777777778	4	38	0.82
0.292682926829268	4	38	0.82
0.270833333333333	4	38	0.82
0.133333333333333	4	38	0.82
0.244444444444444	4	38	0.82
0.122448979591837	4	38	0.82
0.1875	4	38	0.82
0.6	4	38	0.82
0.2	4	38	0.82
0.214285714285714	4	38	0.82
0.375	4	38	0.82
0.184210526315789	4	38	0.82
0.210526315789474	4	38	0.82
0.125	4	38	0.82
0.219512195121951	4	38	0.82
0.257142857142857	4	38	0.82
0.214285714285714	4	38	0.82
0.291666666666667	4	38	0.82
0.19047619047619	4	38	0.82
0.243243243243243	4	38	0.82
0.142857142857143	4	38	0.82
0.163636363636364	4	38	0.82
0.121212121212121	4	38	0.82
0.12	4	38	0.82
0.15	4	38	0.82
0.169811320754717	4	38	0.82
0.263157894736842	4	38	0.82
0.257142857142857	4	38	0.82
0.133333333333333	4	38	0.82
0.184210526315789	4	38	0.82
0.136363636363636	4	38	0.82
0.171428571428571	4	38	0.82
0.134615384615385	4	38	0.82
0.186046511627907	4	38	0.82
0.137254901960784	4	38	0.82
0.25	4	38	0.82
0.235294117647059	4	38	0.82
0.153846153846154	4	38	0.82
0.161290322580645	4	38	0.82
0.229166666666667	4	38	0.82
0.166666666666667	4	38	0.82
0.212121212121212	4	38	0.82
0.142857142857143	4	38	0.82
0.465116279069767	4	38	0.82
0.113207547169811	4	38	0.82
0.228571428571429	4	38	0.82
0.125	4	38	0.82
0.609756097560976	4	38	0.82
0.142857142857143	4	38	0.82
0.131578947368421	4	38	0.82
0.4	4	38	0.82
0.230769230769231	4	38	0.82
0.225	4	38	0.82
0.116279069767442	4	38	0.82
0.177777777777778	4	38	0.82
0.128205128205128	4	38	0.82
0.119047619047619	4	38	0.82
0.142857142857143	4	38	0.82
0.131578947368421	4	38	0.82
0.170212765957447	4	38	0.82
0.137254901960784	4	38	0.82
0.205128205128205	4	38	0.82
0.230769230769231	4	38	0.82
0.181818181818182	4	38	0.82
0.177777777777778	4	38	0.82
0.137254901960784	4	38	0.82
0.210526315789474	4	38	0.82
0.176470588235294	4	38	0.82
0.136363636363636	4	38	0.82
0.171428571428571	4	38	0.82
0.142857142857143	4	38	0.82
0.212765957446809	4	38	0.82
0.135135135135135	4	38	0.82
0.125	4	38	0.82
0.193548387096774	4	38	0.82
0.176470588235294	4	38	0.82
0.106382978723404	4	38	0.82
0.21875	4	38	0.82
0.27906976744186	4	38	0.82
0.116279069767442	4	38	0.82
0.166666666666667	4	38	0.82
0.34375	4	38	0.82
0.224489795918367	4	38	0.82
0.4	4	38	0.82
0.388888888888889	4	38	0.82
0.170731707317073	4	38	0.82
0.0943396226415094	4	38	0.82
0.114285714285714	4	38	0.82
0.24	4	38	0.82
0.137931034482759	4	38	0.82
0.1875	4	38	0.82
0.122448979591837	4	38	0.82
0.257142857142857	4	38	0.82
0.181818181818182	4	38	0.82
0.13953488372093	4	38	0.82
0.181818181818182	4	38	0.82
0.241379310344828	4	38	0.82
0.189189189189189	4	38	0.82
0.24	4	38	0.82
0.116279069767442	4	38	0.82
0.172413793103448	4	38	0.82
0.214285714285714	4	38	0.82
0.208333333333333	4	38	0.82
0.1875	4	38	0.82
0.194444444444444	4	38	0.82
0.170731707317073	4	38	0.82
0.195652173913043	4	38	0.82
0.258064516129032	4	38	0.82
0.259259259259259	4	38	0.82
0.214285714285714	4	38	0.82
0.186046511627907	4	38	0.82
0.210526315789474	4	38	0.82
0.239130434782609	4	38	0.82
0.193548387096774	4	38	0.82
0.176470588235294	4	38	0.82
0.133333333333333	4	38	0.82
0.217391304347826	4	38	0.82
0.13953488372093	4	38	0.82
0.176470588235294	4	38	0.82
0.204545454545455	4	38	0.82
0.230769230769231	4	38	0.82
0.261904761904762	4	38	0.82
0.233333333333333	4	38	0.82
0.25	4	38	0.82
0.127659574468085	4	38	0.82
0.261904761904762	4	38	0.82
0.181818181818182	4	38	0.82
0.171428571428571	4	38	0.82
0.243243243243243	4	38	0.82
0.166666666666667	4	38	0.82
0.217391304347826	4	38	0.82
0.0980392156862745	4	38	0.82
0.145833333333333	4	38	0.82
0.184210526315789	4	38	0.82
0.121212121212121	4	38	0.82
0.297297297297297	4	38	0.82
0.119047619047619	4	38	0.82
0.171428571428571	4	38	0.82
0.1875	4	38	0.82
0.133333333333333	4	38	0.82
0.125	4	38	0.82
0.37037037037037	4	38	0.82
0.333333333333333	4	38	0.82
0.176470588235294	4	38	0.82
0.18	4	38	0.82
0.193548387096774	4	38	0.82
0.225	4	38	0.82
0.315789473684211	4	38	0.82
0.166666666666667	4	38	0.82
0.125	4	38	0.82
0.188679245283019	4	38	0.82
0.12	4	38	0.82
0.166666666666667	4	38	0.82
0.153846153846154	4	38	0.82
0.195121951219512	4	38	0.82
0.166666666666667	4	38	0.82
0.13953488372093	4	38	0.82
0.166666666666667	4	38	0.82
0.170731707317073	4	38	0.82
0.243243243243243	4	38	0.82
0.25	4	38	0.82
0.206896551724138	4	38	0.82
0.27027027027027	4	38	0.82
0.225806451612903	4	38	0.82
0.222222222222222	4	38	0.82
0.242424242424242	4	38	0.82
0.384615384615385	4	38	0.82
0.166666666666667	4	38	0.82
0.225806451612903	4	38	0.82
0.205882352941176	4	38	0.82
0.216216216216216	4	38	0.82
0.177777777777778	4	38	0.82
0.206896551724138	4	38	0.82
0.205882352941176	4	38	0.82
0.114285714285714	4	38	0.82
0.127659574468085	4	38	0.82
0.179487179487179	4	38	0.82
0.128205128205128	4	38	0.82
0.15625	4	38	0.82
0.290322580645161	4	38	0.82
0.125	4	38	0.82
0.214285714285714	4	38	0.82
0.108108108108108	4	38	0.82
0.127659574468085	4	38	0.82
0.478260869565217	4	38	0.82
0.151515151515152	4	38	0.82
0.136363636363636	4	38	0.82
0.194444444444444	4	38	0.82
0.133333333333333	4	38	0.82
0.256410256410256	4	38	0.82
0.142857142857143	4	38	0.82
0.162162162162162	4	38	0.82
0.189189189189189	4	38	0.82
0.25	4	38	0.82
0.125	4	38	0.82
0.121951219512195	4	38	0.82
0.2	4	38	0.82
0.230769230769231	4	38	0.82
0.157894736842105	4	38	0.82
0.241379310344828	4	38	0.82
0.194444444444444	4	38	0.82
0.153846153846154	4	38	0.82
0.227272727272727	4	38	0.82
0.555555555555556	4	38	0.82
0.258064516129032	4	38	0.82
0.138888888888889	4	38	0.82
0.242424242424242	4	38	0.82
0.2	4	38	0.82
0.305555555555556	4	38	0.82
0.186046511627907	4	38	0.82
0.16	4	38	0.82
0.176470588235294	4	38	0.82
0.157894736842105	4	38	0.82
0.151515151515152	4	38	0.82
0.15	4	38	0.82
0.25	4	38	0.82
0.25	4	38	0.82
0.138888888888889	4	38	0.82
0.142857142857143	4	38	0.82
0.15	4	38	0.82
0.193548387096774	4	38	0.82
0.435897435897436	4	38	0.82
0.184210526315789	4	38	0.82
0.242424242424242	4	38	0.82
0.166666666666667	4	38	0.82
0.160714285714286	4	38	0.82
0.175	4	38	0.82
0.157894736842105	4	38	0.82
0.403225806451613	4	38	0.82
0.25	4	38	0.82
0.25	4	38	0.82
0.166666666666667	4	38	0.82
0.210526315789474	4	38	0.82
0.193548387096774	4	38	0.82
0.222222222222222	4	38	0.82
0.571428571428571	4	38	0.82
0.268292682926829	4	38	0.82
0.157894736842105	4	38	0.82
0.243243243243243	4	38	0.82
0.192307692307692	4	38	0.82
0.157894736842105	4	38	0.82
0.108695652173913	4	38	0.82
0.193548387096774	4	38	0.82
0.157894736842105	4	38	0.82
0.282051282051282	4	38	0.82
0.15	4	38	0.82
0.232558139534884	4	38	0.82
0.392857142857143	4	38	0.82
0.2	4	38	0.82
0.148936170212766	4	38	0.82
0.176470588235294	4	38	0.82
0.0925925925925926	4	38	0.82
0.186046511627907	4	38	0.82
0.25	4	38	0.82
0.162162162162162	4	38	0.82
0.391304347826087	4	38	0.82
0.162162162162162	4	38	0.82
0.209302325581395	4	38	0.82
0.179487179487179	4	38	0.82
0.133333333333333	4	38	0.82
0.210526315789474	4	38	0.82
0.222222222222222	4	38	0.82
0.159090909090909	4	38	0.82
0.175	4	38	0.82
0.205128205128205	4	38	0.82
0.205882352941176	4	38	0.82
0.142857142857143	4	38	0.82
0.244444444444444	4	38	0.82
0.127659574468085	4	38	0.82
0.214285714285714	4	38	0.82
0.181818181818182	4	38	0.82
0.133333333333333	4	38	0.82
0.228571428571429	4	38	0.82
0.290322580645161	4	38	0.82
0.185185185185185	4	38	0.82
0.15625	4	38	0.82
0.16	4	38	0.82
0.21875	4	38	0.82
0.155555555555556	4	38	0.82
0.184210526315789	4	38	0.82
0.5	4	38	0.82
0.133333333333333	4	38	0.82
0.12280701754386	4	38	0.82
0.191489361702128	4	38	0.82
0.191489361702128	4	38	0.82
0.236842105263158	4	38	0.82
0.236842105263158	4	38	0.82
0.148936170212766	4	38	0.82
0.230769230769231	4	38	0.82
0.136363636363636	4	38	0.82
0.113207547169811	4	38	0.82
0.133333333333333	4	38	0.82
0.236842105263158	4	38	0.82
0.147058823529412	4	38	0.82
0.111111111111111	4	38	0.82
0.2	4	38	0.82
0.212121212121212	4	38	0.82
0.314285714285714	4	38	0.82
0.209302325581395	4	38	0.82
0.176470588235294	4	38	0.82
0.238095238095238	4	38	0.82
0.272727272727273	4	38	0.82
0.1875	4	38	0.82
0.0833333333333333	4	38	0.82
0.121951219512195	4	38	0.82
0.15	4	38	0.82
0.175	4	38	0.82
0.162790697674419	4	38	0.82
0.205882352941176	4	38	0.82
0.181818181818182	4	38	0.82
0.24390243902439	4	38	0.82
0.285714285714286	4	38	0.82
0.159090909090909	4	38	0.82
0.361111111111111	4	38	0.82
0.352941176470588	4	38	0.82
0.148148148148148	4	38	0.82
0.255813953488372	4	38	0.82
0.111111111111111	4	38	0.82
0.225806451612903	4	38	0.82
0.264705882352941	4	38	0.82
0.142857142857143	4	38	0.82
0.291666666666667	4	38	0.82
0.347826086956522	4	38	0.82
0.30952380952381	4	38	0.82
0.127659574468085	4	38	0.82
0.195121951219512	4	38	0.82
0.145833333333333	4	38	0.82
0.114285714285714	4	38	0.82
0.15	4	38	0.82
0.294117647058824	4	38	0.82
0.136363636363636	4	38	0.82
0.0560747663551402	4	38	0.82
0.206896551724138	4	38	0.82
0.275862068965517	4	38	0.82
0.131578947368421	4	38	0.82
0.269230769230769	4	38	0.82
0.166666666666667	4	38	0.82
0.1875	4	38	0.82
0.714285714285714	4	38	0.82
0.177777777777778	4	38	0.82
