VAF	CN	avg.depth	purity
0.392857142857143	4	48	0.94
0.351351351351351	4	48	0.94
0.3	4	48	0.94
0.114285714285714	4	48	0.94
0.444444444444444	4	48	0.94
0.444444444444444	4	48	0.94
0.571428571428571	4	48	0.94
0.59375	4	48	0.94
0.148148148148148	4	48	0.94
0.488888888888889	4	48	0.94
0.607142857142857	4	48	0.94
0.543478260869565	4	48	0.94
0.596153846153846	4	48	0.94
0.511627906976744	4	48	0.94
0.362068965517241	4	48	0.94
0.457142857142857	4	48	0.94
0.470588235294118	4	48	0.94
0.553846153846154	4	48	0.94
0.46	4	48	0.94
0.636363636363636	4	48	0.94
0.39344262295082	4	48	0.94
0.514285714285714	4	48	0.94
0.298245614035088	4	48	0.94
0.441860465116279	4	48	0.94
0.428571428571429	4	48	0.94
0.222222222222222	4	48	0.94
0.222222222222222	4	48	0.94
0.512820512820513	4	48	0.94
0.6	4	48	0.94
0.425925925925926	4	48	0.94
0.413793103448276	4	48	0.94
0.266666666666667	4	48	0.94
0.159090909090909	4	48	0.94
0.339285714285714	4	48	0.94
0.390243902439024	4	48	0.94
0.48	4	48	0.94
0.447761194029851	4	48	0.94
0.472222222222222	4	48	0.94
0.538461538461538	4	48	0.94
0.157894736842105	4	48	0.94
0.487179487179487	4	48	0.94
0.448979591836735	4	48	0.94
0.4	4	48	0.94
0.527777777777778	4	48	0.94
0.4	4	48	0.94
0.512820512820513	4	48	0.94
0.4	4	48	0.94
0.363636363636364	4	48	0.94
0.454545454545455	4	48	0.94
0.529411764705882	4	48	0.94
0.436363636363636	4	48	0.94
0.423728813559322	4	48	0.94
0.148936170212766	4	48	0.94
0.455882352941176	4	48	0.94
0.554054054054054	4	48	0.94
0.416666666666667	4	48	0.94
0.583333333333333	4	48	0.94
0.428571428571429	4	48	0.94
0.5	4	48	0.94
0.315789473684211	4	48	0.94
0.152173913043478	4	48	0.94
0.444444444444444	4	48	0.94
0.521739130434783	4	48	0.94
0.439024390243902	4	48	0.94
0.571428571428571	4	48	0.94
0.316666666666667	4	48	0.94
0.409090909090909	4	48	0.94
0.222222222222222	4	48	0.94
0.533333333333333	4	48	0.94
0.384615384615385	4	48	0.94
0.545454545454545	4	48	0.94
0.574468085106383	4	48	0.94
0.342857142857143	4	48	0.94
0.166666666666667	4	48	0.94
0.125	4	48	0.94
0.126984126984127	4	48	0.94
0.157142857142857	4	48	0.94
0.164179104477612	4	48	0.94
0.464285714285714	4	48	0.94
0.227272727272727	4	48	0.94
0.483333333333333	4	48	0.94
0.407407407407407	4	48	0.94
0.493333333333333	4	48	0.94
0.5	4	48	0.94
0.5	4	48	0.94
0.446428571428571	4	48	0.94
0.5	4	48	0.94
0.294117647058824	4	48	0.94
0.0789473684210526	4	48	0.94
0.0821917808219178	4	48	0.94
0.0821917808219178	4	48	0.94
0.222222222222222	4	48	0.94
0.535211267605634	4	48	0.94
0.484375	4	48	0.94
0.367647058823529	4	48	0.94
0.466666666666667	4	48	0.94
0.22	4	48	0.94
0.481481481481481	4	48	0.94
0.425	4	48	0.94
0.44	4	48	0.94
0.486842105263158	4	48	0.94
0.258620689655172	4	48	0.94
0.563636363636364	4	48	0.94
0.516129032258065	4	48	0.94
0.5	4	48	0.94
0.635135135135135	4	48	0.94
0.157142857142857	4	48	0.94
0.372549019607843	4	48	0.94
0.567567567567568	4	48	0.94
0.529411764705882	4	48	0.94
0.241379310344828	4	48	0.94
0.209677419354839	4	48	0.94
0.444444444444444	4	48	0.94
0.445945945945946	4	48	0.94
0.173076923076923	4	48	0.94
0.408450704225352	4	48	0.94
0.569230769230769	4	48	0.94
0.516666666666667	4	48	0.94
0.430555555555556	4	48	0.94
0.594594594594595	4	48	0.94
0.245614035087719	4	48	0.94
0.0793650793650794	4	48	0.94
0.412698412698413	4	48	0.94
0.611111111111111	4	48	0.94
0.526315789473684	4	48	0.94
0.516666666666667	4	48	0.94
0.547945205479452	4	48	0.94
0.257142857142857	4	48	0.94
0.483333333333333	4	48	0.94
0.5	4	48	0.94
0.591836734693878	4	48	0.94
0.352112676056338	4	48	0.94
0.484848484848485	4	48	0.94
0.508196721311475	4	48	0.94
0.5	4	48	0.94
0.58	4	48	0.94
0.385964912280702	4	48	0.94
0.583333333333333	4	48	0.94
0.358208955223881	4	48	0.94
0.595238095238095	4	48	0.94
0.477272727272727	4	48	0.94
0.101694915254237	4	48	0.94
0.303030303030303	4	48	0.94
0.123076923076923	4	48	0.94
0.109090909090909	4	48	0.94
0.520547945205479	4	48	0.94
0.293103448275862	4	48	0.94
0.551724137931034	4	48	0.94
0.492753623188406	4	48	0.94
0.55	4	48	0.94
0.513513513513513	4	48	0.94
0.58	4	48	0.94
0.627118644067797	4	48	0.94
0.444444444444444	4	48	0.94
0.13953488372093	4	48	0.94
0.571428571428571	4	48	0.94
0.15	4	48	0.94
0.555555555555556	4	48	0.94
0.492753623188406	4	48	0.94
0.459459459459459	4	48	0.94
0.155555555555556	4	48	0.94
0.455882352941176	4	48	0.94
0.09375	4	48	0.94
0.543478260869565	4	48	0.94
0.46551724137931	4	48	0.94
0.48936170212766	4	48	0.94
0.531914893617021	4	48	0.94
0.441558441558442	4	48	0.94
0.469135802469136	4	48	0.94
0.157894736842105	4	48	0.94
0.17910447761194	4	48	0.94
0.423728813559322	4	48	0.94
0.558139534883721	4	48	0.94
0.396825396825397	4	48	0.94
0.0967741935483871	4	48	0.94
0.333333333333333	4	48	0.94
0.326530612244898	4	48	0.94
0.0810810810810811	4	48	0.94
0.470588235294118	4	48	0.94
0.291666666666667	4	48	0.94
0.55	4	48	0.94
0.439024390243902	4	48	0.94
0.264705882352941	4	48	0.94
0.421052631578947	4	48	0.94
0.611111111111111	4	48	0.94
0.6875	4	48	0.94
0.452380952380952	4	48	0.94
0.574074074074074	4	48	0.94
0.574074074074074	4	48	0.94
0.305555555555556	4	48	0.94
0.491228070175439	4	48	0.94
0.119047619047619	4	48	0.94
0.519230769230769	4	48	0.94
0.442307692307692	4	48	0.94
0.288888888888889	4	48	0.94
0.409090909090909	4	48	0.94
0.436363636363636	4	48	0.94
0.206349206349206	4	48	0.94
0.177777777777778	4	48	0.94
0.375	4	48	0.94
0.150943396226415	4	48	0.94
0.459459459459459	4	48	0.94
0.573770491803279	4	48	0.94
0.490566037735849	4	48	0.94
0.510204081632653	4	48	0.94
0.532258064516129	4	48	0.94
0.590909090909091	4	48	0.94
0.441176470588235	4	48	0.94
0.476190476190476	4	48	0.94
0.557692307692308	4	48	0.94
0.471698113207547	4	48	0.94
0.510869565217391	4	48	0.94
0.45	4	48	0.94
0.109090909090909	4	48	0.94
0.471428571428571	4	48	0.94
0.491525423728814	4	48	0.94
0.12	4	48	0.94
0.513513513513513	4	48	0.94
0.545454545454545	4	48	0.94
0.560975609756098	4	48	0.94
0.457142857142857	4	48	0.94
0.5	4	48	0.94
0.581395348837209	4	48	0.94
0.142857142857143	4	48	0.94
0.432432432432432	4	48	0.94
0.333333333333333	4	48	0.94
0.487179487179487	4	48	0.94
0.421875	4	48	0.94
0.5	4	48	0.94
0.347826086956522	4	48	0.94
0.114754098360656	4	48	0.94
0.4	4	48	0.94
0.583333333333333	4	48	0.94
0.372549019607843	4	48	0.94
0.515151515151515	4	48	0.94
0.305555555555556	4	48	0.94
0.55	4	48	0.94
0.508771929824561	4	48	0.94
0.254901960784314	4	48	0.94
0.48936170212766	4	48	0.94
0.153846153846154	4	48	0.94
0.125	4	48	0.94
0.595744680851064	4	48	0.94
0.448275862068966	4	48	0.94
0.210526315789474	4	48	0.94
0.5	4	48	0.94
0.317073170731707	4	48	0.94
0.241379310344828	4	48	0.94
0.5	4	48	0.94
0.409090909090909	4	48	0.94
0.233333333333333	4	48	0.94
0.375	4	48	0.94
0.203703703703704	4	48	0.94
0.406779661016949	4	48	0.94
0.526315789473684	4	48	0.94
0.411764705882353	4	48	0.94
0.533333333333333	4	48	0.94
0.217391304347826	4	48	0.94
0.40625	4	48	0.94
1	4	48	0.94
0.157894736842105	4	48	0.94
0.135135135135135	4	48	0.94
0.109090909090909	4	48	0.94
0.470588235294118	4	48	0.94
0.159090909090909	4	48	0.94
0.882352941176471	4	48	0.94
0.44	4	48	0.94
0.207547169811321	4	48	0.94
0.540540540540541	4	48	0.94
0.125	4	48	0.94
0.11864406779661	4	48	0.94
0.518518518518518	4	48	0.94
0.957446808510638	4	48	0.94
1	4	48	0.94
0.169811320754717	4	48	0.94
0.25	4	48	0.94
0.2	4	48	0.94
0.362068965517241	4	48	0.94
1	4	48	0.94
1	4	48	0.94
1	4	48	0.94
0.52	4	48	0.94
0.488372093023256	4	48	0.94
1	4	48	0.94
1	4	48	0.94
0.434782608695652	4	48	0.94
1	4	48	0.94
0.392857142857143	4	48	0.94
0.333333333333333	4	48	0.94
0.260869565217391	4	48	0.94
0.232876712328767	4	48	0.94
0.569230769230769	4	48	0.94
1	4	48	0.94
0.975	4	48	0.94
0.96	4	48	0.94
0.489795918367347	4	48	0.94
0.514285714285714	4	48	0.94
0.956521739130435	4	48	0.94
0.957446808510638	4	48	0.94
0.956521739130435	4	48	0.94
0.375	4	48	0.94
0.5	4	48	0.94
0.137254901960784	4	48	0.94
0.448275862068966	4	48	0.94
0.137931034482759	4	48	0.94
0.351851851851852	4	48	0.94
0.0833333333333333	4	48	0.94
0.52	4	48	0.94
0.204081632653061	4	48	0.94
0.416666666666667	4	48	0.94
0.454545454545455	4	48	0.94
0.231884057971014	4	48	0.94
0.445945945945946	4	48	0.94
0.406779661016949	4	48	0.94
0.340909090909091	4	48	0.94
0.459459459459459	4	48	0.94
0.470588235294118	4	48	0.94
0.294117647058824	4	48	0.94
0.405405405405405	4	48	0.94
0.545454545454545	4	48	0.94
0.5	4	48	0.94
0.5	4	48	0.94
0.162162162162162	4	48	0.94
0.459459459459459	4	48	0.94
0.333333333333333	4	48	0.94
0.220338983050847	4	48	0.94
0.450980392156863	4	48	0.94
0.96551724137931	4	48	0.94
0.283582089552239	4	48	0.94
0.5	4	48	0.94
0.395833333333333	4	48	0.94
0.514705882352941	4	48	0.94
0.491803278688525	4	48	0.94
0.377777777777778	4	48	0.94
0.433962264150943	4	48	0.94
0.5	4	48	0.94
0.294117647058824	4	48	0.94
0.442307692307692	4	48	0.94
0.509803921568627	4	48	0.94
0.66	4	48	0.94
0.425531914893617	4	48	0.94
0.53125	4	48	0.94
0.195121951219512	4	48	0.94
0.444444444444444	4	48	0.94
0.413793103448276	4	48	0.94
0.469387755102041	4	48	0.94
0.547619047619048	4	48	0.94
0.490566037735849	4	48	0.94
0.314285714285714	4	48	0.94
0.403846153846154	4	48	0.94
0.527272727272727	4	48	0.94
0.120689655172414	4	48	0.94
0.376811594202899	4	48	0.94
0.351351351351351	4	48	0.94
0.109375	4	48	0.94
0.189655172413793	4	48	0.94
0.392857142857143	4	48	0.94
0.464285714285714	4	48	0.94
0.5	4	48	0.94
0.513513513513513	4	48	0.94
0.419354838709677	4	48	0.94
0.163265306122449	4	48	0.94
0.276595744680851	4	48	0.94
0.406779661016949	4	48	0.94
0.5	4	48	0.94
0.363636363636364	4	48	0.94
0.392857142857143	4	48	0.94
0.3	4	48	0.94
0.0862068965517241	4	48	0.94
0.238095238095238	4	48	0.94
0.405405405405405	4	48	0.94
0.5	4	48	0.94
0.381818181818182	4	48	0.94
0.183673469387755	4	48	0.94
0.391304347826087	4	48	0.94
0.482142857142857	4	48	0.94
0.127272727272727	4	48	0.94
0.439393939393939	4	48	0.94
0.109090909090909	4	48	0.94
0.142857142857143	4	48	0.94
0.325	4	48	0.94
0.204545454545455	4	48	0.94
0.402985074626866	4	48	0.94
0.456521739130435	4	48	0.94
0.472727272727273	4	48	0.94
0.290322580645161	4	48	0.94
0.475409836065574	4	48	0.94
0.346938775510204	4	48	0.94
0.527777777777778	4	48	0.94
0.345454545454545	4	48	0.94
0.428571428571429	4	48	0.94
0.482758620689655	4	48	0.94
0.459016393442623	4	48	0.94
0.117647058823529	4	48	0.94
0.477272727272727	4	48	0.94
0.291666666666667	4	48	0.94
0.416666666666667	4	48	0.94
0.32258064516129	4	48	0.94
0.333333333333333	4	48	0.94
0.383333333333333	4	48	0.94
0.4	4	48	0.94
0.172413793103448	4	48	0.94
0.5	4	48	0.94
0.477272727272727	4	48	0.94
0.44	4	48	0.94
0.27027027027027	4	48	0.94
0.3	4	48	0.94
0.395348837209302	4	48	0.94
0.558139534883721	4	48	0.94
0.419354838709677	4	48	0.94
0.259259259259259	4	48	0.94
0.472727272727273	4	48	0.94
0.41025641025641	4	48	0.94
0.235294117647059	4	48	0.94
0.2	4	48	0.94
0.35	4	48	0.94
0.482142857142857	4	48	0.94
0.269230769230769	4	48	0.94
0.162790697674419	4	48	0.94
0.27027027027027	4	48	0.94
0.358974358974359	4	48	0.94
0.463414634146341	4	48	0.94
0.15	4	48	0.94
0.545454545454545	4	48	0.94
0.428571428571429	4	48	0.94
0.351351351351351	4	48	0.94
0.25	4	48	0.94
0.578947368421053	4	48	0.94
0.487179487179487	4	48	0.94
0.526315789473684	4	48	0.94
0.27027027027027	4	48	0.94
0.392156862745098	4	48	0.94
0.433962264150943	4	48	0.94
0.492063492063492	4	48	0.94
0.5	4	48	0.94
0.133333333333333	4	48	0.94
0.475	4	48	0.94
0.379310344827586	4	48	0.94
0.507462686567164	4	48	0.94
0.45	4	48	0.94
0.462962962962963	4	48	0.94
0.535714285714286	4	48	0.94
0.111111111111111	4	48	0.94
0.290909090909091	4	48	0.94
0.285714285714286	4	48	0.94
0.404761904761905	4	48	0.94
0.431034482758621	4	48	0.94
0.0980392156862745	4	48	0.94
0.355932203389831	4	48	0.94
0.137254901960784	4	48	0.94
0.146341463414634	4	48	0.94
0.347222222222222	4	48	0.94
0.625	4	48	0.94
0.507936507936508	4	48	0.94
0.0943396226415094	4	48	0.94
0.444444444444444	4	48	0.94
0.4	4	48	0.94
0.452380952380952	4	48	0.94
0.615384615384615	4	48	0.94
0.405797101449275	4	48	0.94
0.339285714285714	4	48	0.94
0.465116279069767	4	48	0.94
0.1875	4	48	0.94
0.225806451612903	4	48	0.94
0.507042253521127	4	48	0.94
0.457142857142857	4	48	0.94
0.56	4	48	0.94
0.355555555555556	4	48	0.94
0.462962962962963	4	48	0.94
0.326086956521739	4	48	0.94
0.315789473684211	4	48	0.94
0.235294117647059	4	48	0.94
0.456521739130435	4	48	0.94
0.107142857142857	4	48	0.94
0.480769230769231	4	48	0.94
0.170731707317073	4	48	0.94
0.448717948717949	4	48	0.94
0.428571428571429	4	48	0.94
0.507692307692308	4	48	0.94
0.483870967741935	4	48	0.94
0.446153846153846	4	48	0.94
0.119402985074627	4	48	0.94
0.428571428571429	4	48	0.94
0.536231884057971	4	48	0.94
0.425531914893617	4	48	0.94
0.535714285714286	4	48	0.94
0.4	4	48	0.94
0.0847457627118644	4	48	0.94
0.5625	4	48	0.94
0.125	4	48	0.94
0.5	4	48	0.94
0.5	4	48	0.94
0.509433962264151	4	48	0.94
0.333333333333333	4	48	0.94
0.483870967741935	4	48	0.94
0.4	4	48	0.94
0.605263157894737	4	48	0.94
0.109090909090909	4	48	0.94
0.352941176470588	4	48	0.94
0.512820512820513	4	48	0.94
0.461538461538462	4	48	0.94
0.470588235294118	4	48	0.94
0.4375	4	48	0.94
0.6	4	48	0.94
0.458333333333333	4	48	0.94
0.532258064516129	4	48	0.94
0.193548387096774	4	48	0.94
0.491228070175439	4	48	0.94
0.555555555555556	4	48	0.94
0.0895522388059701	4	48	0.94
0.5	4	48	0.94
0.619047619047619	4	48	0.94
0.294117647058824	4	48	0.94
0.430555555555556	4	48	0.94
0.4	4	48	0.94
0.548387096774194	4	48	0.94
0.518518518518518	4	48	0.94
0.527272727272727	4	48	0.94
0.227272727272727	4	48	0.94
0.431372549019608	4	48	0.94
0.416666666666667	4	48	0.94
0.196078431372549	4	48	0.94
0.0735294117647059	4	48	0.94
0.94	4	48	0.94
0.461538461538462	4	48	0.94
0.155555555555556	4	48	0.94
0.146341463414634	4	48	0.94
0.203703703703704	4	48	0.94
1	4	48	0.94
0.96551724137931	4	48	0.94
0.952380952380952	4	48	0.94
0.447368421052632	4	48	0.94
0.972972972972973	4	48	0.94
1	4	48	0.94
1	4	48	0.94
0.3	4	48	0.94
0.930232558139535	4	48	0.94
1	4	48	0.94
0.414634146341463	4	48	0.94
0.980392156862745	4	48	0.94
0.209677419354839	4	48	0.94
0.425	4	48	0.94
0.444444444444444	4	48	0.94
0.411764705882353	4	48	0.94
0.96078431372549	4	48	0.94
1	4	48	0.94
0.95	4	48	0.94
0.4	4	48	0.94
0.425	4	48	0.94
0.5	4	48	0.94
0.171428571428571	4	48	0.94
0.9375	4	48	0.94
0.26530612244898	4	48	0.94
0.325	4	48	0.94
0.4375	4	48	0.94
0.412698412698413	4	48	0.94
1	4	48	0.94
0.625	4	48	0.94
0.1	4	48	0.94
0.117647058823529	4	48	0.94
0.434782608695652	4	48	0.94
1	4	48	0.94
0.571428571428571	4	48	0.94
0.944444444444444	4	48	0.94
0.45	4	48	0.94
0.476190476190476	4	48	0.94
0.950819672131147	4	48	0.94
0.107142857142857	4	48	0.94
0.339285714285714	4	48	0.94
0.319148936170213	4	48	0.94
0.25	4	48	0.94
0.977777777777778	4	48	0.94
0.122448979591837	4	48	0.94
0.944444444444444	4	48	0.94
0.106382978723404	4	48	0.94
0.538461538461538	4	48	0.94
1	4	48	0.94
0.264705882352941	4	48	0.94
0.25	4	48	0.94
1	4	48	0.94
0.222222222222222	4	48	0.94
0.442622950819672	4	48	0.94
0.32258064516129	4	48	0.94
0.116666666666667	4	48	0.94
0.386363636363636	4	48	0.94
0.232558139534884	4	48	0.94
0.492957746478873	4	48	0.94
0.472727272727273	4	48	0.94
0.3	4	48	0.94
0.395348837209302	4	48	0.94
0.135135135135135	4	48	0.94
0.15	4	48	0.94
0.15	4	48	0.94
0.431818181818182	4	48	0.94
0.210526315789474	4	48	0.94
0.385714285714286	4	48	0.94
0.431372549019608	4	48	0.94
0.395348837209302	4	48	0.94
0.458333333333333	4	48	0.94
0.357142857142857	4	48	0.94
0.528301886792453	4	48	0.94
0.453125	4	48	0.94
0.455696202531646	4	48	0.94
0.5	4	48	0.94
0.631578947368421	4	48	0.94
0.535714285714286	4	48	0.94
0.384615384615385	4	48	0.94
0.4375	4	48	0.94
0.468085106382979	4	48	0.94
0.434782608695652	4	48	0.94
0.145833333333333	4	48	0.94
0.511111111111111	4	48	0.94
0.431034482758621	4	48	0.94
0.5	4	48	0.94
0.560606060606061	4	48	0.94
0.216216216216216	4	48	0.94
0.394366197183099	4	48	0.94
0.380952380952381	4	48	0.94
0.492753623188406	4	48	0.94
0.473684210526316	4	48	0.94
0.215384615384615	4	48	0.94
0.528571428571429	4	48	0.94
0.434782608695652	4	48	0.94
0.403225806451613	4	48	0.94
0.508771929824561	4	48	0.94
0.114754098360656	4	48	0.94
0.235294117647059	4	48	0.94
0.4	4	48	0.94
0.296296296296296	4	48	0.94
0.416666666666667	4	48	0.94
0.4	4	48	0.94
0.519230769230769	4	48	0.94
0.346153846153846	4	48	0.94
0.288888888888889	4	48	0.94
0.37037037037037	4	48	0.94
0.132075471698113	4	48	0.94
0.530612244897959	4	48	0.94
0.395833333333333	4	48	0.94
0.181818181818182	4	48	0.94
0.4	4	48	0.94
0.407407407407407	4	48	0.94
0.293103448275862	4	48	0.94
0.421875	4	48	0.94
0.446428571428571	4	48	0.94
0.321428571428571	4	48	0.94
0.631578947368421	4	48	0.94
0.545454545454545	4	48	0.94
0.459459459459459	4	48	0.94
0.482758620689655	4	48	0.94
0.535714285714286	4	48	0.94
0.54	4	48	0.94
0.175	4	48	0.94
0.34	4	48	0.94
0.538461538461538	4	48	0.94
0.46875	4	48	0.94
0.5	4	48	0.94
0.326086956521739	4	48	0.94
0.444444444444444	4	48	0.94
0.214285714285714	4	48	0.94
0.581395348837209	4	48	0.94
0.142857142857143	4	48	0.94
0.409090909090909	4	48	0.94
0.463414634146341	4	48	0.94
0.523809523809524	4	48	0.94
0.134328358208955	4	48	0.94
0.145833333333333	4	48	0.94
0.509803921568627	4	48	0.94
0.591836734693878	4	48	0.94
0.173913043478261	4	48	0.94
0.456140350877193	4	48	0.94
0.384615384615385	4	48	0.94
0.233333333333333	4	48	0.94
0.395348837209302	4	48	0.94
0.178571428571429	4	48	0.94
0.5	4	48	0.94
0.21875	4	48	0.94
0.52	4	48	0.94
0.421052631578947	4	48	0.94
0.185714285714286	4	48	0.94
0.404255319148936	4	48	0.94
0.441176470588235	4	48	0.94
0.121212121212121	4	48	0.94
0.5	4	48	0.94
0.422222222222222	4	48	0.94
0.46875	4	48	0.94
0.27906976744186	4	48	0.94
0.508474576271186	4	48	0.94
0.37037037037037	4	48	0.94
0.468085106382979	4	48	0.94
0.285714285714286	4	48	0.94
0.285714285714286	4	48	0.94
0.166666666666667	4	48	0.94
0.625	4	48	0.94
0.465116279069767	4	48	0.94
0.39622641509434	4	48	0.94
0.465116279069767	4	48	0.94
0.428571428571429	4	48	0.94
0.444444444444444	4	48	0.94
0.384615384615385	4	48	0.94
0.430769230769231	4	48	0.94
0.51063829787234	4	48	0.94
0.315789473684211	4	48	0.94
0.451612903225806	4	48	0.94
0.425	4	48	0.94
0.431372549019608	4	48	0.94
0.32	4	48	0.94
0.357142857142857	4	48	0.94
0.564102564102564	4	48	0.94
0.444444444444444	4	48	0.94
0.411764705882353	4	48	0.94
0.46031746031746	4	48	0.94
0.147540983606557	4	48	0.94
0.545454545454545	4	48	0.94
0.577777777777778	4	48	0.94
0.457142857142857	4	48	0.94
0.36	4	48	0.94
0.14	4	48	0.94
0.516129032258065	4	48	0.94
0.2	4	48	0.94
0.464285714285714	4	48	0.94
0.563636363636364	4	48	0.94
0.350877192982456	4	48	0.94
0.421052631578947	4	48	0.94
0.285714285714286	4	48	0.94
0.608695652173913	4	48	0.94
0.555555555555556	4	48	0.94
0.361702127659574	4	48	0.94
0.520833333333333	4	48	0.94
0.403225806451613	4	48	0.94
0.596491228070175	4	48	0.94
0.611111111111111	4	48	0.94
0.214285714285714	4	48	0.94
0.547619047619048	4	48	0.94
0.6	4	48	0.94
0.346666666666667	4	48	0.94
0.25	4	48	0.94
0.355263157894737	4	48	0.94
0.534883720930233	4	48	0.94
0.35	4	48	0.94
0.537037037037037	4	48	0.94
0.508474576271186	4	48	0.94
0.153846153846154	4	48	0.94
0.35	4	48	0.94
0.113207547169811	4	48	0.94
0.135593220338983	4	48	0.94
0.372549019607843	4	48	0.94
0.5	4	48	0.94
0.506849315068493	4	48	0.94
0.764705882352941	4	48	0.94
0.395604395604396	4	48	0.94
0.555555555555556	4	48	0.94
0.179487179487179	4	48	0.94
0.239130434782609	4	48	0.94
0.210526315789474	4	48	0.94
0.4	4	48	0.94
0.184615384615385	4	48	0.94
0.229166666666667	4	48	0.94
0.444444444444444	4	48	0.94
0.267605633802817	4	48	0.94
0.2	4	48	0.94
0.423076923076923	4	48	0.94
0.0779220779220779	4	48	0.94
0.436363636363636	4	48	0.94
0.28	4	48	0.94
0.471698113207547	4	48	0.94
0.171428571428571	4	48	0.94
0.405405405405405	4	48	0.94
0.388888888888889	4	48	0.94
0.142857142857143	4	48	0.94
0.461538461538462	4	48	0.94
0.60377358490566	4	48	0.94
0.416666666666667	4	48	0.94
0.405405405405405	4	48	0.94
0.433333333333333	4	48	0.94
0.305555555555556	4	48	0.94
0.581818181818182	4	48	0.94
0.0645161290322581	4	48	0.94
0.511627906976744	4	48	0.94
0.10958904109589	4	48	0.94
0.455882352941176	4	48	0.94
0.472222222222222	4	48	0.94
0.48	4	48	0.94
0.222222222222222	4	48	0.94
0.349206349206349	4	48	0.94
0.555555555555556	4	48	0.94
0.357142857142857	4	48	0.94
0.56	4	48	0.94
0.208333333333333	4	48	0.94
0.5	4	48	0.94
0.454545454545455	4	48	0.94
0.285714285714286	4	48	0.94
0.181818181818182	4	48	0.94
0.254901960784314	4	48	0.94
0.306122448979592	4	48	0.94
0.254237288135593	4	48	0.94
0.515151515151515	4	48	0.94
0.122448979591837	4	48	0.94
0.371428571428571	4	48	0.94
0.435897435897436	4	48	0.94
0.519230769230769	4	48	0.94
0.461538461538462	4	48	0.94
0.575757575757576	4	48	0.94
0.171428571428571	4	48	0.94
0.45	4	48	0.94
0.107142857142857	4	48	0.94
0.1125	4	48	0.94
0.107142857142857	4	48	0.94
0.12987012987013	4	48	0.94
0.125	4	48	0.94
0.531914893617021	4	48	0.94
0.34375	4	48	0.94
0.736842105263158	4	48	0.94
0.333333333333333	4	48	0.94
0.418604651162791	4	48	0.94
0.185185185185185	4	48	0.94
0.3	4	48	0.94
0.466666666666667	4	48	0.94
0.347826086956522	4	48	0.94
0.3125	4	48	0.94
0.185185185185185	4	48	0.94
