VAF	CN	avg.depth	purity
0.571428571428571	1	22	0.96
0.88	1	22	0.96
0.85	1	22	0.96
0.958333333333333	1	22	0.96
0.928571428571429	1	22	0.96
0.884615384615385	1	22	0.96
0.952380952380952	1	22	0.96
0.147058823529412	1	22	0.96
0.851851851851852	1	22	0.96
0.875	1	22	0.96
1	1	22	0.96
0.846153846153846	1	22	0.96
0.909090909090909	1	22	0.96
0.925925925925926	1	22	0.96
0.739130434782609	1	22	0.96
0.888888888888889	1	22	0.96
0.517241379310345	2	37	0.96
0.552631578947368	2	37	0.96
0.509090909090909	2	37	0.96
0.333333333333333	2	37	0.96
0.128205128205128	2	37	0.96
0.342857142857143	2	37	0.96
0.346153846153846	2	37	0.96
0.382352941176471	2	37	0.96
0.368421052631579	2	37	0.96
0.48936170212766	2	37	0.96
0.466666666666667	2	37	0.96
0.343283582089552	2	37	0.96
0.6	2	37	0.96
0.333333333333333	2	37	0.96
0.5	2	37	0.96
0.641025641025641	2	37	0.96
0.394736842105263	2	37	0.96
0.372093023255814	2	37	0.96
0.222222222222222	2	37	0.96
0.340909090909091	2	37	0.96
0.52	2	37	0.96
0.39622641509434	2	37	0.96
0.369565217391304	2	37	0.96
0.416666666666667	2	37	0.96
0.193548387096774	2	37	0.96
0.469387755102041	2	37	0.96
0.466666666666667	2	37	0.96
0.464285714285714	2	37	0.96
0.388888888888889	2	37	0.96
0.363636363636364	2	37	0.96
0.32258064516129	2	37	0.96
0.305555555555556	2	37	0.96
0.526315789473684	2	37	0.96
0.525	2	37	0.96
0.5	2	37	0.96
0.636363636363636	2	37	0.96
0.590909090909091	2	37	0.96
0.266666666666667	2	37	0.96
0.555555555555556	2	37	0.96
0.333333333333333	2	37	0.96
0.291666666666667	2	37	0.96
0.470588235294118	2	37	0.96
0.421052631578947	2	37	0.96
0.425	2	37	0.96
0.375	2	37	0.96
0.333333333333333	2	37	0.96
0.434782608695652	2	37	0.96
0.282051282051282	2	37	0.96
0.25	2	37	0.96
0.162162162162162	2	37	0.96
0.703703703703704	2	37	0.96
0.416666666666667	2	37	0.96
0.59375	2	37	0.96
0.613636363636364	2	37	0.96
0.382978723404255	2	37	0.96
0.363636363636364	2	37	0.96
0.580645161290323	2	37	0.96
0.473684210526316	2	37	0.96
0.4	2	37	0.96
0.487179487179487	2	37	0.96
0.25	2	37	0.96
0.588235294117647	2	37	0.96
0.5	2	37	0.96
0.391304347826087	2	37	0.96
0.54	2	37	0.96
0.28125	2	37	0.96
0.481481481481481	2	37	0.96
0.333333333333333	2	37	0.96
0.486486486486487	2	37	0.96
0.542372881355932	2	37	0.96
0.444444444444444	2	37	0.96
0.454545454545455	2	37	0.96
0.516666666666667	2	37	0.96
0.447368421052632	2	37	0.96
0.205882352941176	2	37	0.96
0.454545454545455	2	37	0.96
0.484848484848485	2	37	0.96
0.325581395348837	2	37	0.96
0.395348837209302	2	37	0.96
0.5	2	37	0.96
0.529411764705882	2	37	0.96
0.3	2	37	0.96
0.413793103448276	2	37	0.96
0.5	2	37	0.96
0.483870967741935	2	37	0.96
0.5	2	37	0.96
0.633333333333333	2	37	0.96
0.615384615384615	2	37	0.96
0.482142857142857	2	37	0.96
0.315789473684211	2	37	0.96
0.366666666666667	2	37	0.96
0.289473684210526	2	37	0.96
0.536585365853659	2	37	0.96
0.30952380952381	2	37	0.96
0.342105263157895	2	37	0.96
0.523809523809524	2	37	0.96
0.448275862068966	2	37	0.96
0.541666666666667	2	37	0.96
0.606060606060606	2	37	0.96
0.545454545454545	2	37	0.96
0.36	2	37	0.96
0.642857142857143	2	37	0.96
0.476190476190476	2	37	0.96
0.214285714285714	2	37	0.96
0.414285714285714	2	37	0.96
0.434782608695652	2	37	0.96
0.421052631578947	2	37	0.96
0.5	2	37	0.96
0.520833333333333	2	37	0.96
0.348837209302326	2	37	0.96
0.5	2	37	0.96
0.4	2	37	0.96
0.647058823529412	2	37	0.96
0.48	2	37	0.96
0.394736842105263	2	37	0.96
0.346153846153846	2	37	0.96
0.576923076923077	2	37	0.96
0.433333333333333	2	37	0.96
0.555555555555556	2	37	0.96
0.481481481481481	2	37	0.96
0.551724137931034	2	37	0.96
0.387096774193548	2	37	0.96
0.347826086956522	2	37	0.96
0.384615384615385	2	37	0.96
0.324324324324324	2	37	0.96
0.6	2	37	0.96
0.34375	2	37	0.96
0.424242424242424	2	37	0.96
0.53125	2	37	0.96
0.490909090909091	2	37	0.96
0.543859649122807	2	37	0.96
0.653846153846154	2	37	0.96
0.304347826086957	2	37	0.96
0.48936170212766	2	37	0.96
0.4	2	37	0.96
0.131578947368421	2	37	0.96
0.486486486486487	2	37	0.96
0.523809523809524	2	37	0.96
0.351351351351351	2	37	0.96
0.358974358974359	2	37	0.96
0.52	2	37	0.96
0.376811594202899	2	37	0.96
0.379310344827586	2	37	0.96
0.375	2	37	0.96
0.526315789473684	2	37	0.96
0.417910447761194	2	37	0.96
0.296296296296296	2	37	0.96
0.333333333333333	2	37	0.96
0.441176470588235	2	37	0.96
0.413793103448276	2	37	0.96
0.464285714285714	2	37	0.96
0.444444444444444	2	37	0.96
0.5	2	37	0.96
0.439024390243902	2	37	0.96
0.344827586206897	2	37	0.96
0.32258064516129	2	37	0.96
0.260869565217391	2	37	0.96
0.338235294117647	2	37	0.96
0.571428571428571	2	37	0.96
0.607843137254902	2	37	0.96
0.153846153846154	2	37	0.96
0.230769230769231	2	37	0.96
0.350877192982456	2	37	0.96
0.469387755102041	2	37	0.96
0.418181818181818	2	37	0.96
0.21875	2	37	0.96
0.51219512195122	2	37	0.96
0.176470588235294	2	37	0.96
0.608695652173913	2	37	0.96
0.411764705882353	2	37	0.96
0.53448275862069	2	37	0.96
0.4	2	37	0.96
0.5	2	37	0.96
0.422222222222222	2	37	0.96
0.375	2	37	0.96
0.473684210526316	2	37	0.96
0.3125	2	37	0.96
0.476190476190476	2	37	0.96
0.642857142857143	2	37	0.96
0.382978723404255	2	37	0.96
0.295454545454545	2	37	0.96
0.369565217391304	2	37	0.96
0.122448979591837	2	37	0.96
0.457142857142857	2	37	0.96
0.272727272727273	2	37	0.96
0.451612903225806	2	37	0.96
0.411764705882353	2	37	0.96
0.619047619047619	2	37	0.96
0.538461538461538	2	37	0.96
0.375	2	37	0.96
0.488372093023256	2	37	0.96
0.416666666666667	2	37	0.96
0.484848484848485	2	37	0.96
0.545454545454545	2	37	0.96
0.555555555555556	2	37	0.96
0.478260869565217	2	37	0.96
0.542857142857143	2	37	0.96
0.419354838709677	2	37	0.96
0.357142857142857	2	37	0.96
0.166666666666667	2	37	0.96
0.382352941176471	2	37	0.96
0.44	2	37	0.96
0.395348837209302	2	37	0.96
0.5	2	37	0.96
0.592592592592593	2	37	0.96
0.296296296296296	2	37	0.96
0.606060606060606	2	37	0.96
0.358974358974359	2	37	0.96
0.48780487804878	2	37	0.96
0.666666666666667	2	37	0.96
0.457142857142857	2	37	0.96
0.705882352941177	2	37	0.96
0.461538461538462	2	37	0.96
0.529411764705882	2	37	0.96
0.228571428571429	2	37	0.96
0.531914893617021	2	37	0.96
0.52	2	37	0.96
0.52	2	37	0.96
0.419354838709677	2	37	0.96
0.4	2	37	0.96
0.48	2	37	0.96
0.470588235294118	2	37	0.96
0.466666666666667	2	37	0.96
0.390243902439024	2	37	0.96
0.428571428571429	2	37	0.96
0.282051282051282	2	37	0.96
0.425	2	37	0.96
0.588235294117647	2	37	0.96
0.440677966101695	2	37	0.96
0.41304347826087	2	37	0.96
0.442307692307692	2	37	0.96
0.462962962962963	2	37	0.96
0.470588235294118	2	37	0.96
0.325	2	37	0.96
0.478260869565217	2	37	0.96
0.456521739130435	2	37	0.96
0.12	2	37	0.96
0.459016393442623	2	37	0.96
0.395833333333333	2	37	0.96
0.435483870967742	2	37	0.96
0.534883720930233	2	37	0.96
0.517241379310345	2	37	0.96
0.588235294117647	2	37	0.96
0.5	2	37	0.96
0.324324324324324	2	37	0.96
0.266666666666667	2	37	0.96
0.333333333333333	2	37	0.96
0.285714285714286	2	37	0.96
0.571428571428571	2	37	0.96
0.555555555555556	2	37	0.96
0.422222222222222	2	37	0.96
0.533333333333333	2	37	0.96
0.291666666666667	2	37	0.96
0.388888888888889	2	37	0.96
0.523809523809524	2	37	0.96
0.4	2	37	0.96
0.571428571428571	2	37	0.96
0.527272727272727	2	37	0.96
0.319148936170213	2	37	0.96
0.423076923076923	2	37	0.96
0.523809523809524	2	37	0.96
0.379310344827586	2	37	0.96
0.392156862745098	2	37	0.96
0.3	2	37	0.96
0.428571428571429	2	37	0.96
0.106060606060606	2	37	0.96
0.480769230769231	2	37	0.96
0.242424242424242	2	37	0.96
0.5	2	37	0.96
0.35	2	37	0.96
0.508474576271186	2	37	0.96
0.318181818181818	2	37	0.96
0.433333333333333	2	37	0.96
0.411764705882353	2	37	0.96
0.404761904761905	2	37	0.96
0.444444444444444	2	37	0.96
0.464285714285714	2	37	0.96
0.481481481481481	2	37	0.96
0.551724137931034	2	37	0.96
0.428571428571429	2	37	0.96
0.484848484848485	2	37	0.96
0.393939393939394	2	37	0.96
0.523809523809524	2	37	0.96
0.28	2	37	0.96
0.32258064516129	2	37	0.96
0.368421052631579	2	37	0.96
0.272727272727273	2	37	0.96
0.419354838709677	2	37	0.96
0.518518518518518	2	37	0.96
0.431034482758621	2	37	0.96
0.315789473684211	2	37	0.96
0.25	2	37	0.96
0.35	2	37	0.96
0.5	2	37	0.96
0.28125	2	37	0.96
0.4	2	37	0.96
0.46875	2	37	0.96
0.361111111111111	2	37	0.96
0.230769230769231	2	37	0.96
0.37037037037037	2	37	0.96
0.55	2	37	0.96
0.277777777777778	2	37	0.96
0.5	2	37	0.96
0.52	2	37	0.96
0.538461538461538	2	37	0.96
0.30188679245283	2	37	0.96
0.483870967741935	2	37	0.96
0.5	2	37	0.96
0.647058823529412	2	37	0.96
0.333333333333333	2	37	0.96
0.454545454545455	2	37	0.96
0.454545454545455	2	37	0.96
0.448275862068966	2	37	0.96
0.439024390243902	2	37	0.96
0.5	2	37	0.96
0.342857142857143	2	37	0.96
0.3	2	37	0.96
0.294117647058824	2	37	0.96
0.520833333333333	2	37	0.96
0.419354838709677	2	37	0.96
0.458333333333333	2	37	0.96
0.543478260869565	2	37	0.96
0.609756097560976	2	37	0.96
0.28125	2	37	0.96
0.642857142857143	2	37	0.96
0.5	2	37	0.96
0.241379310344828	2	37	0.96
0.347826086956522	2	37	0.96
0.317073170731707	2	37	0.96
0.393939393939394	2	37	0.96
0.676470588235294	2	37	0.96
0.512820512820513	2	37	0.96
0.470588235294118	2	37	0.96
0.681818181818182	2	37	0.96
0.542857142857143	2	37	0.96
0.411764705882353	2	37	0.96
0.354166666666667	2	37	0.96
0.485714285714286	2	37	0.96
0.540540540540541	2	37	0.96
0.466666666666667	2	37	0.96
0.161290322580645	2	37	0.96
0.509433962264151	2	37	0.96
0.46	2	37	0.96
0.53125	2	37	0.96
0.444444444444444	2	37	0.96
0.482758620689655	2	37	0.96
0.5	2	37	0.96
0.465116279069767	2	37	0.96
0.428571428571429	2	37	0.96
0.408450704225352	2	37	0.96
0.5	2	37	0.96
0.565217391304348	2	37	0.96
0.5	2	37	0.96
0.355932203389831	2	37	0.96
0.611111111111111	2	37	0.96
0.379310344827586	2	37	0.96
0.387755102040816	2	37	0.96
0.545454545454545	2	37	0.96
0.357142857142857	2	37	0.96
0.411764705882353	2	37	0.96
0.580645161290323	2	37	0.96
0.303030303030303	2	37	0.96
0.666666666666667	2	37	0.96
0.606060606060606	2	37	0.96
0.111111111111111	2	37	0.96
0.555555555555556	2	37	0.96
0.116279069767442	2	37	0.96
0.511111111111111	2	37	0.96
0.366666666666667	2	37	0.96
0.548387096774194	2	37	0.96
0.5	2	37	0.96
0.566037735849057	2	37	0.96
0.408163265306122	2	37	0.96
0.526315789473684	2	37	0.96
0.473684210526316	2	37	0.96
0.444444444444444	2	37	0.96
0.263157894736842	2	37	0.96
0.520833333333333	2	37	0.96
0.35	2	37	0.96
0.583333333333333	2	37	0.96
0.370967741935484	2	37	0.96
0.439024390243902	2	37	0.96
0.590909090909091	2	37	0.96
0.352941176470588	2	37	0.96
0.269230769230769	2	37	0.96
0.45	2	37	0.96
0.466666666666667	2	37	0.96
0.535714285714286	2	37	0.96
0.5	2	37	0.96
0.392857142857143	2	37	0.96
0.466666666666667	2	37	0.96
0.418604651162791	2	37	0.96
0.41304347826087	2	37	0.96
0.545454545454545	2	37	0.96
0.166666666666667	2	37	0.96
0.304347826086957	2	37	0.96
0.478260869565217	2	37	0.96
0.45	2	37	0.96
0.448275862068966	2	37	0.96
0.7	2	37	0.96
0.4	2	37	0.96
0.533333333333333	2	37	0.96
0.470588235294118	2	37	0.96
0.269230769230769	2	37	0.96
0.461538461538462	2	37	0.96
0.461538461538462	2	37	0.96
0.470588235294118	2	37	0.96
0.25	2	37	0.96
0.333333333333333	2	37	0.96
0.5	2	37	0.96
0.606060606060606	2	37	0.96
0.36	2	37	0.96
0.428571428571429	2	37	0.96
0.146341463414634	2	37	0.96
0.357142857142857	2	37	0.96
0.5	2	37	0.96
0.170212765957447	2	37	0.96
0.404761904761905	2	37	0.96
0.555555555555556	2	37	0.96
0.413793103448276	2	37	0.96
0.113207547169811	2	37	0.96
0.109090909090909	2	37	0.96
0.478260869565217	2	37	0.96
0.193548387096774	2	37	0.96
0.32	2	37	0.96
0.395833333333333	2	37	0.96
0.5	2	37	0.96
0.384615384615385	2	37	0.96
0.551724137931034	2	37	0.96
0.181818181818182	2	37	0.96
0.517241379310345	2	37	0.96
0.409090909090909	2	37	0.96
0.67741935483871	2	37	0.96
0.516129032258065	2	37	0.96
0.344827586206897	2	37	0.96
0.421052631578947	2	37	0.96
0.378378378378378	2	37	0.96
0.351351351351351	2	37	0.96
0.379310344827586	2	37	0.96
0.333333333333333	2	37	0.96
0.428571428571429	2	37	0.96
0.547619047619048	2	37	0.96
0.55	2	37	0.96
0.463414634146341	2	37	0.96
0.222222222222222	2	37	0.96
0.529411764705882	2	37	0.96
0.344827586206897	2	37	0.96
0.46551724137931	2	37	0.96
0.53125	2	37	0.96
0.514285714285714	2	37	0.96
0.857142857142857	2	37	0.96
0.0909090909090909	2	37	0.96
0.564102564102564	2	37	0.96
0.6	2	37	0.96
0.222222222222222	2	37	0.96
0.465116279069767	2	37	0.96
0.6	2	37	0.96
0.476190476190476	2	37	0.96
0.575757575757576	2	37	0.96
0.568181818181818	2	37	0.96
0.454545454545455	2	37	0.96
0.45	2	37	0.96
0.363636363636364	2	37	0.96
0.35	2	37	0.96
0.56	2	37	0.96
0.4	2	37	0.96
0.448979591836735	2	37	0.96
0.464285714285714	2	37	0.96
0.419354838709677	2	37	0.96
0.465116279069767	2	37	0.96
0.411764705882353	2	37	0.96
0.375	2	37	0.96
0.185185185185185	2	37	0.96
0.170212765957447	2	37	0.96
0.405405405405405	2	37	0.96
0.48936170212766	2	37	0.96
0.25	2	37	0.96
0.431034482758621	2	37	0.96
0.619047619047619	2	37	0.96
0.470588235294118	2	37	0.96
0.387755102040816	2	37	0.96
0.1875	2	37	0.96
0.289473684210526	2	37	0.96
0.379310344827586	2	37	0.96
0.523809523809524	2	37	0.96
0.326086956521739	2	37	0.96
0.64	2	37	0.96
0.275510204081633	2	37	0.96
0.37037037037037	2	37	0.96
0.297872340425532	2	37	0.96
0.5	2	37	0.96
0.232142857142857	2	37	0.96
0.113207547169811	2	37	0.96
0.107142857142857	2	37	0.96
0.454545454545455	2	37	0.96
0.269230769230769	2	37	0.96
0.1875	2	37	0.96
0.245614035087719	2	37	0.96
0.25	2	37	0.96
0.549019607843137	2	37	0.96
0.222222222222222	2	37	0.96
0.396551724137931	2	37	0.96
0.375	2	37	0.96
0.465116279069767	2	37	0.96
0.490566037735849	2	37	0.96
0.444444444444444	2	37	0.96
0.333333333333333	2	37	0.96
0.323529411764706	2	37	0.96
0.416666666666667	2	37	0.96
0.545454545454545	2	37	0.96
0.571428571428571	2	37	0.96
0.365384615384615	2	37	0.96
0.535714285714286	2	37	0.96
0.5	2	37	0.96
0.333333333333333	2	37	0.96
0.444444444444444	2	37	0.96
0.285714285714286	2	37	0.96
0.241379310344828	2	37	0.96
0.5	2	37	0.96
0.466666666666667	2	37	0.96
0.463414634146341	2	37	0.96
0.44	2	37	0.96
0.357142857142857	2	37	0.96
0.387096774193548	2	37	0.96
0.468085106382979	2	37	0.96
0.451612903225806	2	37	0.96
0.428571428571429	2	37	0.96
0.548387096774194	2	37	0.96
0.51063829787234	2	37	0.96
0.478260869565217	2	37	0.96
0.179487179487179	2	37	0.96
0.509433962264151	2	37	0.96
0.52	2	37	0.96
0.5	2	37	0.96
0.325581395348837	2	37	0.96
0.518518518518518	2	37	0.96
0.323529411764706	2	37	0.96
0.28125	2	37	0.96
0.490566037735849	2	37	0.96
0.567567567567568	2	37	0.96
0.529411764705882	2	37	0.96
0.347826086956522	2	37	0.96
0.304347826086957	2	37	0.96
0.404255319148936	2	37	0.96
0.575	2	37	0.96
0.46875	2	37	0.96
0.454545454545455	2	37	0.96
0.419354838709677	2	37	0.96
0.666666666666667	2	37	0.96
0.444444444444444	2	37	0.96
0.372093023255814	2	37	0.96
0.451612903225806	2	37	0.96
0.48	2	37	0.96
0.666666666666667	2	37	0.96
0.48780487804878	2	37	0.96
0.372093023255814	2	37	0.96
0.408163265306122	2	37	0.96
0.542857142857143	2	37	0.96
0.565217391304348	2	37	0.96
0.260869565217391	2	37	0.96
0.480769230769231	2	37	0.96
0.431818181818182	2	37	0.96
0.418181818181818	2	37	0.96
0.432432432432432	2	37	0.96
0.454545454545455	2	37	0.96
0.5	2	37	0.96
0.514285714285714	2	37	0.96
0.558823529411765	2	37	0.96
0.520833333333333	2	37	0.96
0.456140350877193	2	37	0.96
0.48780487804878	2	37	0.96
0.448275862068966	2	37	0.96
0.363636363636364	2	37	0.96
0.2	2	37	0.96
0.472222222222222	2	37	0.96
0.487179487179487	2	37	0.96
0.566037735849057	2	37	0.96
0.148148148148148	2	37	0.96
0.357142857142857	2	37	0.96
0.595238095238095	2	37	0.96
0.444444444444444	2	37	0.96
0.166666666666667	2	37	0.96
0.555555555555556	2	37	0.96
0.333333333333333	2	37	0.96
0.457142857142857	2	37	0.96
0.411764705882353	2	37	0.96
0.157894736842105	2	37	0.96
0.450980392156863	2	37	0.96
0.325	2	37	0.96
0.545454545454545	2	37	0.96
0.37037037037037	2	37	0.96
0.547619047619048	2	37	0.96
0.446428571428571	2	37	0.96
0.490196078431373	2	37	0.96
0.472222222222222	2	37	0.96
0.492307692307692	2	37	0.96
0.5	2	37	0.96
0.526315789473684	2	37	0.96
0.557692307692308	2	37	0.96
0.529411764705882	2	37	0.96
0.533333333333333	2	37	0.96
0.413793103448276	2	37	0.96
0.53125	2	37	0.96
0.436363636363636	2	37	0.96
0.486486486486487	2	37	0.96
0.65625	2	37	0.96
0.5	2	37	0.96
0.416666666666667	2	37	0.96
0.58974358974359	2	37	0.96
0.529411764705882	2	37	0.96
0.514285714285714	2	37	0.96
0.4375	2	37	0.96
0.446808510638298	2	37	0.96
0.535714285714286	2	37	0.96
0.458333333333333	2	37	0.96
0.32258064516129	2	37	0.96
0.408163265306122	2	37	0.96
0.475	2	37	0.96
0.254545454545455	2	37	0.96
0.53125	2	37	0.96
0.307692307692308	2	37	0.96
0.465116279069767	2	37	0.96
0.461538461538462	2	37	0.96
0.541666666666667	2	37	0.96
0.565217391304348	2	37	0.96
0.264705882352941	2	37	0.96
0.458333333333333	2	37	0.96
0.56	2	37	0.96
0.320754716981132	2	37	0.96
0.361111111111111	2	37	0.96
0.361111111111111	2	37	0.96
0.617647058823529	2	37	0.96
0.41025641025641	2	37	0.96
0.368421052631579	2	37	0.96
0.4	2	37	0.96
0.5	2	37	0.96
0.488372093023256	2	37	0.96
0.551020408163265	2	37	0.96
0.540540540540541	2	37	0.96
0.333333333333333	2	37	0.96
0.454545454545455	2	37	0.96
0.363636363636364	2	37	0.96
0.444444444444444	2	37	0.96
0.777777777777778	2	37	0.96
0.419354838709677	2	37	0.96
0.478260869565217	2	37	0.96
0.464285714285714	2	37	0.96
0.476190476190476	2	37	0.96
0.195652173913043	2	37	0.96
0.292682926829268	2	37	0.96
0.533333333333333	2	37	0.96
0.333333333333333	2	37	0.96
0.321428571428571	2	37	0.96
0.6	2	37	0.96
0.509803921568627	2	37	0.96
0.324324324324324	2	37	0.96
0.414285714285714	2	37	0.96
0.555555555555556	2	37	0.96
0.479166666666667	2	37	0.96
0.430769230769231	2	37	0.96
0.333333333333333	2	37	0.96
0.4375	2	37	0.96
0.452380952380952	2	37	0.96
0.461538461538462	2	37	0.96
0.357142857142857	2	37	0.96
0.421052631578947	2	37	0.96
0.205128205128205	2	37	0.96
0.444444444444444	2	37	0.96
0.411764705882353	2	37	0.96
0.294117647058824	2	37	0.96
0.214285714285714	2	37	0.96
0.653061224489796	2	37	0.96
0.392857142857143	2	37	0.96
0.3125	2	37	0.96
0.4	2	37	0.96
0.424242424242424	2	37	0.96
0.352941176470588	2	37	0.96
0.536585365853659	2	37	0.96
0.159090909090909	2	37	0.96
0.545454545454545	2	37	0.96
0.234042553191489	2	37	0.96
0.117647058823529	2	37	0.96
0.341463414634146	2	37	0.96
0.0632911392405063	2	37	0.96
0.34	2	37	0.96
0.547169811320755	2	37	0.96
0.485714285714286	2	37	0.96
0.407407407407407	2	37	0.96
0.51063829787234	2	37	0.96
0.485714285714286	2	37	0.96
0.580645161290323	2	37	0.96
0.5	2	37	0.96
0.371428571428571	2	37	0.96
0.394736842105263	2	37	0.96
0.465116279069767	2	37	0.96
0.409090909090909	2	37	0.96
0.392857142857143	2	37	0.96
0.189189189189189	2	37	0.96
0.48936170212766	2	37	0.96
0.361111111111111	2	37	0.96
0.136363636363636	2	37	0.96
0.384615384615385	2	37	0.96
0.423076923076923	2	37	0.96
0.538461538461538	2	37	0.96
0.638297872340426	2	37	0.96
0.5	2	37	0.96
0.318181818181818	2	37	0.96
0.436619718309859	2	37	0.96
0.491525423728814	2	37	0.96
0.414634146341463	2	37	0.96
0.62	2	37	0.96
0.692307692307692	2	37	0.96
0.368421052631579	2	37	0.96
0.457142857142857	2	37	0.96
0.179487179487179	2	37	0.96
0.555555555555556	2	37	0.96
0.230769230769231	2	37	0.96
0.58974358974359	2	37	0.96
0.520833333333333	2	37	0.96
0.459016393442623	2	37	0.96
0.409836065573771	2	37	0.96
0.611111111111111	2	37	0.96
0.62962962962963	2	37	0.96
0.4	2	37	0.96
0.512820512820513	2	37	0.96
0.466666666666667	2	37	0.96
0.6	2	37	0.96
0.347826086956522	2	37	0.96
0.5	2	37	0.96
0.4	2	37	0.96
0.166666666666667	2	37	0.96
0.522727272727273	2	37	0.96
0.136363636363636	2	37	0.96
0.696969696969697	2	37	0.96
0.428571428571429	2	37	0.96
0.476190476190476	2	37	0.96
0.441860465116279	2	37	0.96
0.68	2	37	0.96
0.482758620689655	2	37	0.96
0.595238095238095	2	37	0.96
0.448979591836735	2	37	0.96
0.613636363636364	2	37	0.96
0.483333333333333	2	37	0.96
0.15625	2	37	0.96
0.392156862745098	2	37	0.96
0.15	2	37	0.96
0.244444444444444	2	37	0.96
0.414634146341463	2	37	0.96
0.101694915254237	2	37	0.96
0.411764705882353	2	37	0.96
0.384615384615385	2	37	0.96
0.52112676056338	2	37	0.96
0.470588235294118	2	37	0.96
0.388888888888889	2	37	0.96
0.16	2	37	0.96
0.378378378378378	2	37	0.96
0.36	2	37	0.96
0.4	2	37	0.96
0.434782608695652	2	37	0.96
0.5	2	37	0.96
0.239130434782609	2	37	0.96
0.377358490566038	2	37	0.96
0.384615384615385	2	37	0.96
0.473684210526316	2	37	0.96
0.571428571428571	2	37	0.96
0.428571428571429	2	37	0.96
0.566666666666667	2	37	0.96
0.304347826086957	2	37	0.96
0.483870967741935	2	37	0.96
0.571428571428571	2	37	0.96
0.444444444444444	2	37	0.96
0.55	2	37	0.96
0.325	2	37	0.96
0.45	2	37	0.96
0.181818181818182	2	37	0.96
0.714285714285714	2	37	0.96
0.347826086956522	2	37	0.96
0.44	2	37	0.96
0.409090909090909	2	37	0.96
0.5	2	37	0.96
0.416666666666667	2	37	0.96
0.611111111111111	2	37	0.96
0.538461538461538	2	37	0.96
0.540540540540541	2	37	0.96
0.482758620689655	2	37	0.96
0.4375	2	37	0.96
0.533333333333333	2	37	0.96
0.471698113207547	2	37	0.96
0.533333333333333	2	37	0.96
0.5	2	37	0.96
0.185185185185185	2	37	0.96
0.178571428571429	2	37	0.96
0.440677966101695	2	37	0.96
0.233333333333333	2	37	0.96
0.363636363636364	2	37	0.96
0.325	2	37	0.96
0.388888888888889	2	37	0.96
0.421052631578947	2	37	0.96
0.261904761904762	2	37	0.96
0.508474576271186	2	37	0.96
0.485714285714286	2	37	0.96
0.344827586206897	2	37	0.96
0.4375	2	37	0.96
0.306122448979592	2	37	0.96
0.48	2	37	0.96
0.305555555555556	2	37	0.96
0.607142857142857	2	37	0.96
0.620689655172414	2	37	0.96
0.344827586206897	2	37	0.96
0.351851851851852	2	37	0.96
0.631578947368421	2	37	0.96
0.5	2	37	0.96
0.456521739130435	2	37	0.96
0.5	2	37	0.96
0.625	2	37	0.96
0.40625	2	37	0.96
0.41025641025641	2	37	0.96
0.6	2	37	0.96
0.4	2	37	0.96
0.355555555555556	2	37	0.96
0.523809523809524	2	37	0.96
0.435897435897436	2	37	0.96
0.5	2	37	0.96
0.435897435897436	2	37	0.96
0.264705882352941	2	37	0.96
0.390243902439024	2	37	0.96
0.368421052631579	2	37	0.96
0.529411764705882	2	37	0.96
0.509803921568627	2	37	0.96
0.372093023255814	2	37	0.96
0.48780487804878	2	37	0.96
0.333333333333333	2	37	0.96
0.288135593220339	2	37	0.96
0.424242424242424	2	37	0.96
0.40625	2	37	0.96
0.466666666666667	2	37	0.96
0.473684210526316	2	37	0.96
0.431372549019608	2	37	0.96
0.567567567567568	2	37	0.96
0.425	2	37	0.96
0.434782608695652	2	37	0.96
0.59375	2	37	0.96
0.4375	2	37	0.96
0.425	2	37	0.96
0.525	2	37	0.96
0.235294117647059	2	37	0.96
0.511627906976744	2	37	0.96
0.44	2	37	0.96
0.380952380952381	2	37	0.96
0.578947368421053	2	37	0.96
0.351351351351351	2	37	0.96
0.333333333333333	2	37	0.96
0.5	2	37	0.96
0.295454545454545	2	37	0.96
0.428571428571429	2	37	0.96
0.44	2	37	0.96
0.176470588235294	2	37	0.96
0.3	2	37	0.96
0.172413793103448	2	37	0.96
0.56	2	37	0.96
0.375	2	37	0.96
0.416666666666667	2	37	0.96
0.517241379310345	2	37	0.96
0.583333333333333	2	37	0.96
0.277777777777778	2	37	0.96
0.41025641025641	2	37	0.96
0.28	2	37	0.96
0.35	2	37	0.96
0.45	2	37	0.96
0.171428571428571	2	37	0.96
0.477272727272727	2	37	0.96
0.392857142857143	2	37	0.96
0.175	2	37	0.96
0.150943396226415	2	37	0.96
0.148148148148148	2	37	0.96
0.145454545454545	2	37	0.96
0.42	2	37	0.96
0.170731707317073	2	37	0.96
0.59375	2	37	0.96
0.413793103448276	2	37	0.96
0.5	2	37	0.96
0.236842105263158	2	37	0.96
0.666666666666667	2	37	0.96
0.542857142857143	2	37	0.96
0.466666666666667	2	37	0.96
0.333333333333333	2	37	0.96
0.4	2	37	0.96
0.51063829787234	2	37	0.96
0.333333333333333	2	37	0.96
0.5	2	37	0.96
0.375	2	37	0.96
0.482758620689655	2	37	0.96
0.30952380952381	2	37	0.96
0.416666666666667	2	37	0.96
0.481481481481481	2	37	0.96
0.441176470588235	2	37	0.96
0.372549019607843	2	37	0.96
0.574468085106383	2	37	0.96
0.522727272727273	2	37	0.96
0.466666666666667	2	37	0.96
0.458333333333333	2	37	0.96
0.475	2	37	0.96
0.523809523809524	2	37	0.96
0.4	2	37	0.96
0.571428571428571	2	37	0.96
0.382352941176471	2	37	0.96
0.4	2	37	0.96
0.439024390243902	2	37	0.96
0.285714285714286	2	37	0.96
0.28	2	37	0.96
0.153846153846154	2	37	0.96
0.15	2	37	0.96
0.235294117647059	2	37	0.96
0.452830188679245	2	37	0.96
0.409090909090909	2	37	0.96
0.529411764705882	2	37	0.96
0.422222222222222	2	37	0.96
0.109090909090909	2	37	0.96
0.44	2	37	0.96
0.384615384615385	2	37	0.96
0.428571428571429	2	37	0.96
0.483870967741935	2	37	0.96
0.333333333333333	2	37	0.96
0.516129032258065	2	37	0.96
0.361702127659574	2	37	0.96
0.348837209302326	2	37	0.96
0.548387096774194	2	37	0.96
0.28	2	37	0.96
0.4375	2	37	0.96
0.454545454545455	2	37	0.96
0.307692307692308	2	37	0.96
0.625	2	37	0.96
0.75	2	37	0.96
0.326923076923077	2	37	0.96
0.28125	2	37	0.96
0.214285714285714	2	37	0.96
0.326530612244898	2	37	0.96
0.369230769230769	2	37	0.96
0.41025641025641	2	37	0.96
0.363636363636364	2	37	0.96
0.48780487804878	2	37	0.96
0.525	2	37	0.96
0.315789473684211	2	37	0.96
0.348484848484849	2	37	0.96
0.36	2	37	0.96
0.423076923076923	2	37	0.96
0.535714285714286	2	37	0.96
0.379310344827586	2	37	0.96
0.5	2	37	0.96
0.369565217391304	2	37	0.96
0.368421052631579	2	37	0.96
0.115942028985507	2	37	0.96
0.333333333333333	2	37	0.96
0.444444444444444	2	37	0.96
0.472727272727273	2	37	0.96
0.527777777777778	2	37	0.96
0.414634146341463	2	37	0.96
0.384615384615385	2	37	0.96
0.5	2	37	0.96
0.5	2	37	0.96
0.551724137931034	2	37	0.96
0.571428571428571	2	37	0.96
0.416666666666667	2	37	0.96
0.193548387096774	2	37	0.96
0.428571428571429	2	37	0.96
0.403846153846154	2	37	0.96
0.457142857142857	2	37	0.96
0.464285714285714	2	37	0.96
0.452380952380952	2	37	0.96
0.0943396226415094	2	37	0.96
0.48780487804878	2	37	0.96
0.340425531914894	2	37	0.96
0.538461538461538	2	37	0.96
0.393939393939394	2	37	0.96
0.409090909090909	2	37	0.96
0.173076923076923	2	37	0.96
0.434782608695652	2	37	0.96
0.107142857142857	2	37	0.96
0.325	2	37	0.96
0.361702127659574	2	37	0.96
0.538461538461538	2	37	0.96
0.285714285714286	2	37	0.96
0.52	2	37	0.96
0.657142857142857	2	37	0.96
0.56	2	37	0.96
0.392156862745098	2	37	0.96
0.536585365853659	2	37	0.96
0.571428571428571	2	37	0.96
0.24	2	37	0.96
0.403846153846154	2	37	0.96
0.375	2	37	0.96
0.32258064516129	2	37	0.96
0.547619047619048	2	37	0.96
0.274509803921569	2	37	0.96
0.4	2	37	0.96
0.571428571428571	2	37	0.96
0.612903225806452	2	37	0.96
0.575	2	37	0.96
0.463414634146341	2	37	0.96
0.470588235294118	2	37	0.96
0.56	2	37	0.96
0.432432432432432	2	37	0.96
0.595238095238095	2	37	0.96
0.4	2	37	0.96
0.558823529411765	2	37	0.96
0.590909090909091	2	37	0.96
0.333333333333333	2	37	0.96
0.565217391304348	2	37	0.96
0.432835820895522	2	37	0.96
0.533333333333333	2	37	0.96
0.419753086419753	2	37	0.96
0.377777777777778	2	37	0.96
0.413793103448276	2	37	0.96
0.365853658536585	2	37	0.96
0.652173913043478	2	37	0.96
0.333333333333333	2	37	0.96
0.365853658536585	2	37	0.96
0.285714285714286	2	37	0.96
0.447368421052632	2	37	0.96
0.434782608695652	2	37	0.96
0.315789473684211	2	37	0.96
0.411764705882353	2	37	0.96
0.51219512195122	2	37	0.96
0.527777777777778	2	37	0.96
0.519230769230769	2	37	0.96
0.35	2	37	0.96
0.442307692307692	2	37	0.96
0.523809523809524	2	37	0.96
0.170731707317073	2	37	0.96
0.361111111111111	2	37	0.96
0.392857142857143	2	37	0.96
0.361111111111111	2	37	0.96
0.407407407407407	2	37	0.96
0.404761904761905	2	37	0.96
0.296296296296296	2	37	0.96
0.175	2	37	0.96
0.372093023255814	2	37	0.96
0.431372549019608	2	37	0.96
0.448979591836735	2	37	0.96
0.423076923076923	2	37	0.96
0.461538461538462	2	37	0.96
0.297297297297297	2	37	0.96
0.528301886792453	2	37	0.96
0.347826086956522	2	37	0.96
0.435897435897436	2	37	0.96
0.5	2	37	0.96
0.431818181818182	2	37	0.96
0.366666666666667	2	37	0.96
0.207792207792208	2	37	0.96
0.426470588235294	2	37	0.96
0.358208955223881	2	37	0.96
0.377777777777778	2	37	0.96
0.365853658536585	2	37	0.96
0.323529411764706	2	37	0.96
0.358974358974359	2	37	0.96
0.222222222222222	2	37	0.96
0.295081967213115	2	37	0.96
0.543478260869565	2	37	0.96
0.5	2	37	0.96
0.415094339622642	2	37	0.96
0.423076923076923	2	37	0.96
0.147058823529412	2	37	0.96
0.431372549019608	2	37	0.96
0.12	2	37	0.96
0.107142857142857	2	37	0.96
0.545454545454545	2	37	0.96
0.15	2	37	0.96
0.395348837209302	2	37	0.96
0.35	2	37	0.96
0.483870967741935	2	37	0.96
0.615384615384615	2	37	0.96
0.423076923076923	2	37	0.96
0.470588235294118	2	37	0.96
0.538461538461538	2	37	0.96
0.434782608695652	2	37	0.96
0.432432432432432	2	37	0.96
0.421052631578947	2	37	0.96
0.368421052631579	2	37	0.96
0.46875	2	37	0.96
0.361111111111111	2	37	0.96
0.228571428571429	2	37	0.96
0.205882352941176	2	37	0.96
0.403846153846154	2	37	0.96
0.444444444444444	2	37	0.96
0.444444444444444	2	37	0.96
0.46	2	37	0.96
0.491228070175439	2	37	0.96
0.39344262295082	2	37	0.96
0.488372093023256	2	37	0.96
0.5	2	37	0.96
0.4	2	37	0.96
0.529411764705882	2	37	0.96
0.166666666666667	2	37	0.96
0.363636363636364	2	37	0.96
0.266666666666667	2	37	0.96
0.388888888888889	2	37	0.96
0.416666666666667	2	37	0.96
0.513513513513513	2	37	0.96
0.4375	2	37	0.96
0.571428571428571	2	37	0.96
0.4	2	37	0.96
0.439024390243902	2	37	0.96
0.442307692307692	2	37	0.96
0.375	2	37	0.96
0.581818181818182	2	37	0.96
0.477611940298507	2	37	0.96
0.388888888888889	2	37	0.96
0.229166666666667	2	37	0.96
0.411764705882353	2	37	0.96
0.432432432432432	2	37	0.96
0.391304347826087	2	37	0.96
0.543478260869565	2	37	0.96
0.566666666666667	2	37	0.96
0.416666666666667	2	37	0.96
0.26	2	37	0.96
0.553191489361702	2	37	0.96
0.24	2	37	0.96
0.0895522388059701	2	37	0.96
0.25	3	54	0.96
0.371428571428571	3	54	0.96
0.556818181818182	3	54	0.96
0.243243243243243	3	54	0.96
0.625	3	54	0.96
0.283018867924528	3	54	0.96
0.311111111111111	3	54	0.96
0.13953488372093	3	54	0.96
0.2	3	54	0.96
0.214285714285714	3	54	0.96
0.181818181818182	3	54	0.96
0.615384615384615	3	54	0.96
0.310344827586207	3	54	0.96
0.52	3	54	0.96
0.6	3	54	0.96
0.613636363636364	3	54	0.96
0.235294117647059	3	54	0.96
0.226415094339623	3	54	0.96
0.179487179487179	3	54	0.96
0.686567164179104	3	54	0.96
0.152173913043478	3	54	0.96
0.326086956521739	3	54	0.96
0.307692307692308	3	54	0.96
0.71875	3	54	0.96
0.254237288135593	3	54	0.96
0.246753246753247	3	54	0.96
0.125	3	54	0.96
0.339622641509434	3	54	0.96
0.584615384615385	3	54	0.96
0.533333333333333	3	54	0.96
0.184210526315789	3	54	0.96
0.175	3	54	0.96
0.35	3	54	0.96
0.333333333333333	3	54	0.96
0.35	3	54	0.96
0.368421052631579	3	54	0.96
0.2	3	54	0.96
0.191489361702128	3	54	0.96
0.636363636363636	3	54	0.96
0.333333333333333	3	54	0.96
0.39622641509434	3	54	0.96
0.675675675675676	3	54	0.96
0.48936170212766	3	54	0.96
0.151515151515152	3	54	0.96
0.214285714285714	3	54	0.96
0.316666666666667	3	54	0.96
0.333333333333333	3	54	0.96
0.318181818181818	3	54	0.96
0.727272727272727	3	54	0.96
0.0925925925925926	3	54	0.96
0.369565217391304	3	54	0.96
0.352941176470588	3	54	0.96
0.315068493150685	3	54	0.96
0.368421052631579	3	54	0.96
0.563218390804598	3	54	0.96
0.170731707317073	3	54	0.96
0.208955223880597	3	54	0.96
0.636363636363636	3	54	0.96
0.285714285714286	3	54	0.96
0.727272727272727	3	54	0.96
0.744186046511628	3	54	0.96
0.262295081967213	3	54	0.96
0.308823529411765	3	54	0.96
0.552631578947368	3	54	0.96
0.588235294117647	3	54	0.96
0.236842105263158	3	54	0.96
0.35	3	54	0.96
0.333333333333333	3	54	0.96
0.261538461538462	3	54	0.96
0.675	3	54	0.96
0.170731707317073	3	54	0.96
0.311475409836066	3	54	0.96
0.708333333333333	3	54	0.96
0.21875	3	54	0.96
0.117647058823529	3	54	0.96
0.222222222222222	3	54	0.96
0.323529411764706	3	54	0.96
0.206896551724138	3	54	0.96
0.214285714285714	3	54	0.96
0.114285714285714	3	54	0.96
0.302752293577982	3	54	0.96
0.529411764705882	3	54	0.96
0.28	3	54	0.96
0.276595744680851	3	54	0.96
0.372549019607843	3	54	0.96
0.304347826086957	3	54	0.96
0.333333333333333	3	54	0.96
0.245614035087719	3	54	0.96
0.388888888888889	3	54	0.96
0.246153846153846	3	54	0.96
0.369230769230769	3	54	0.96
0.428571428571429	3	54	0.96
0.339622641509434	3	54	0.96
0.161764705882353	3	54	0.96
0.184210526315789	3	54	0.96
0.319148936170213	3	54	0.96
0.25	3	54	0.96
0.137254901960784	3	54	0.96
0.320754716981132	3	54	0.96
0.293103448275862	3	54	0.96
0.333333333333333	3	54	0.96
0.160714285714286	3	54	0.96
0.1	3	54	0.96
0.303571428571429	3	54	0.96
0.205882352941176	3	54	0.96
0.254901960784314	3	54	0.96
0.351851851851852	3	54	0.96
0.213114754098361	3	54	0.96
0.183098591549296	3	54	0.96
0.337349397590361	3	54	0.96
0.339622641509434	3	54	0.96
0.222222222222222	3	54	0.96
0.3125	3	54	0.96
0.346938775510204	3	54	0.96
0.204819277108434	3	54	0.96
0.360655737704918	3	54	0.96
0.303030303030303	3	54	0.96
0.214285714285714	3	54	0.96
0.25	3	54	0.96
0.431818181818182	3	54	0.96
0.214285714285714	3	54	0.96
0.271186440677966	3	54	0.96
0.166666666666667	3	54	0.96
0.375	3	54	0.96
0.301369863013699	3	54	0.96
0.196078431372549	3	54	0.96
0.234042553191489	3	54	0.96
0.2	3	54	0.96
0.314285714285714	3	54	0.96
0.333333333333333	3	54	0.96
0.184210526315789	3	54	0.96
0.266666666666667	3	54	0.96
0.1875	3	54	0.96
0.242424242424242	3	54	0.96
0.340909090909091	3	54	0.96
0.3125	3	54	0.96
0.255813953488372	3	54	0.96
0.333333333333333	3	54	0.96
0.337662337662338	3	54	0.96
0.1875	3	54	0.96
0.294117647058824	3	54	0.96
0.235294117647059	3	54	0.96
0.275	3	54	0.96
0.162162162162162	3	54	0.96
0.311111111111111	3	54	0.96
0.580645161290323	3	54	0.96
0.175	3	54	0.96
0.242424242424242	3	54	0.96
0.15625	3	54	0.96
0.228571428571429	3	54	0.96
0.210526315789474	3	54	0.96
0.186440677966102	3	54	0.96
0.242424242424242	3	54	0.96
0.268292682926829	3	54	0.96
0.298701298701299	3	54	0.96
0.214285714285714	3	54	0.96
0.2	3	54	0.96
0.21875	3	54	0.96
0.228260869565217	3	54	0.96
0.0645161290322581	3	54	0.96
0.290322580645161	3	54	0.96
0.264150943396226	3	54	0.96
0.142857142857143	3	54	0.96
0.162162162162162	3	54	0.96
0.314814814814815	3	54	0.96
0.257142857142857	3	54	0.96
0.411764705882353	3	54	0.96
0.189655172413793	3	54	0.96
0.127659574468085	3	54	0.96
0.28125	3	54	0.96
0.275862068965517	3	54	0.96
0.211538461538462	3	54	0.96
0.213114754098361	3	54	0.96
0.1875	3	54	0.96
0.314814814814815	3	54	0.96
0.328358208955224	3	54	0.96
0.324324324324324	3	54	0.96
0.257575757575758	3	54	0.96
0.305555555555556	3	54	0.96
0.222222222222222	3	54	0.96
0.224719101123595	3	54	0.96
0.305084745762712	3	54	0.96
0.261904761904762	3	54	0.96
0.152173913043478	3	54	0.96
0.373913043478261	3	54	0.96
0.266666666666667	3	54	0.96
0.27027027027027	3	54	0.96
0.333333333333333	3	54	0.96
0.333333333333333	3	54	0.96
0.141025641025641	3	54	0.96
0.307692307692308	3	54	0.96
0.352941176470588	3	54	0.96
0.302325581395349	3	54	0.96
0.642857142857143	3	54	0.96
0.304347826086957	3	54	0.96
0.344827586206897	3	54	0.96
0.291666666666667	3	54	0.96
0.346153846153846	3	54	0.96
0.230769230769231	3	54	0.96
0.192307692307692	3	54	0.96
0.272727272727273	3	54	0.96
0.0666666666666667	3	54	0.96
0.344262295081967	3	54	0.96
0.290322580645161	3	54	0.96
0.3	3	54	0.96
0.206896551724138	3	54	0.96
0.266666666666667	3	54	0.96
0.319148936170213	3	54	0.96
0.346153846153846	3	54	0.96
0.34375	3	54	0.96
0.326086956521739	3	54	0.96
0.295081967213115	3	54	0.96
0.301369863013699	3	54	0.96
0.186046511627907	3	54	0.96
0.282051282051282	3	54	0.96
0.176470588235294	3	54	0.96
0.441176470588235	3	54	0.96
0.387755102040816	3	54	0.96
0.285714285714286	3	54	0.96
0.213333333333333	3	54	0.96
0.315789473684211	3	54	0.96
0.302631578947368	3	54	0.96
0.292134831460674	3	54	0.96
0.1875	3	54	0.96
0.328947368421053	3	54	0.96
0.269230769230769	3	54	0.96
0.571428571428571	3	54	0.96
0.395348837209302	3	54	0.96
0.391304347826087	3	54	0.96
0.141304347826087	3	54	0.96
0.35	3	54	0.96
0.32258064516129	3	54	0.96
0.232558139534884	3	54	0.96
0.193181818181818	3	54	0.96
0.225806451612903	3	54	0.96
0.245614035087719	3	54	0.96
0.360655737704918	3	54	0.96
0.185185185185185	3	54	0.96
0.407407407407407	3	54	0.96
0.25	3	54	0.96
0.411764705882353	3	54	0.96
0.346938775510204	3	54	0.96
0.170731707317073	3	54	0.96
0.333333333333333	3	54	0.96
0.24390243902439	3	54	0.96
0.36734693877551	3	54	0.96
0.25	3	54	0.96
0.333333333333333	3	54	0.96
0.171428571428571	3	54	0.96
0.11864406779661	3	54	0.96
0.289473684210526	3	54	0.96
0.243243243243243	3	54	0.96
0.304347826086957	3	54	0.96
0.163934426229508	3	54	0.96
0.177777777777778	3	54	0.96
0.428571428571429	3	54	0.96
0.222222222222222	3	54	0.96
0.16	3	54	0.96
0.259259259259259	3	54	0.96
0.178571428571429	3	54	0.96
0.206896551724138	3	54	0.96
0.25	3	54	0.96
0.36	3	54	0.96
0.296296296296296	3	54	0.96
0.241935483870968	3	54	0.96
0.301587301587302	3	54	0.96
0.333333333333333	3	54	0.96
0.271186440677966	3	54	0.96
0.114285714285714	3	54	0.96
0.130434782608696	3	54	0.96
0.33695652173913	3	54	0.96
0.236842105263158	3	54	0.96
0.348837209302326	3	54	0.96
0.296296296296296	3	54	0.96
0.316666666666667	3	54	0.96
0.342105263157895	3	54	0.96
0.246153846153846	3	54	0.96
0.256410256410256	3	54	0.96
0.125	3	54	0.96
0.289855072463768	3	54	0.96
0.28125	3	54	0.96
0.5	3	54	0.96
0.384615384615385	3	54	0.96
0.265957446808511	3	54	0.96
0.304347826086957	3	54	0.96
0.136363636363636	3	54	0.96
0.365384615384615	3	54	0.96
0.181818181818182	3	54	0.96
0.111111111111111	3	54	0.96
0.310344827586207	3	54	0.96
0.176470588235294	3	54	0.96
0.232558139534884	3	54	0.96
0.310344827586207	3	54	0.96
0.101694915254237	3	54	0.96
0.714285714285714	3	54	0.96
0.19047619047619	3	54	0.96
0.622950819672131	3	54	0.96
0.295081967213115	3	54	0.96
0.313253012048193	3	54	0.96
0.30188679245283	3	54	0.96
0.238095238095238	3	54	0.96
0.418604651162791	3	54	0.96
0.117647058823529	3	54	0.96
0.265060240963855	3	54	0.96
0.14	3	54	0.96
0.317460317460317	3	54	0.96
0.36	3	54	0.96
0.12962962962963	3	54	0.96
0.346666666666667	3	54	0.96
0.28125	3	54	0.96
0.369565217391304	3	54	0.96
0.322033898305085	3	54	0.96
0.193548387096774	3	54	0.96
0.224489795918367	3	54	0.96
0.280487804878049	3	54	0.96
0.368421052631579	3	54	0.96
0.122448979591837	3	54	0.96
0.296875	3	54	0.96
0.279411764705882	3	54	0.96
0.333333333333333	3	54	0.96
0.258620689655172	3	54	0.96
0.264705882352941	3	54	0.96
0.282051282051282	3	54	0.96
0.285714285714286	3	54	0.96
0.274193548387097	3	54	0.96
0.206896551724138	3	54	0.96
0.206896551724138	3	54	0.96
0.341772151898734	3	54	0.96
0.192771084337349	3	54	0.96
0.3125	3	54	0.96
0.181818181818182	3	54	0.96
0.148148148148148	3	54	0.96
0.402298850574713	3	54	0.96
0.307692307692308	3	54	0.96
0.298245614035088	3	54	0.96
0.112903225806452	3	54	0.96
0.0923076923076923	3	54	0.96
0.0909090909090909	3	54	0.96
0.276595744680851	3	54	0.96
0.289855072463768	3	54	0.96
0.383333333333333	3	54	0.96
0.3	3	54	0.96
0.22	3	54	0.96
0.3	3	54	0.96
0.157894736842105	3	54	0.96
0.241758241758242	3	54	0.96
0.257142857142857	3	54	0.96
0.301075268817204	3	54	0.96
0.26865671641791	3	54	0.96
0.194805194805195	3	54	0.96
0.660377358490566	3	54	0.96
0.246376811594203	3	54	0.96
0.306451612903226	3	54	0.96
0.315789473684211	3	54	0.96
0.419354838709677	3	54	0.96
0.166666666666667	3	54	0.96
