VAF	CN	avg.depth	purity
0.4	2	33	0.94
0.354838709677419	2	33	0.94
0.388888888888889	2	33	0.94
0.733333333333333	2	33	0.94
0.464285714285714	2	33	0.94
0.423076923076923	2	33	0.94
0.5	2	33	0.94
0.176470588235294	2	33	0.94
0.481481481481481	2	33	0.94
0.482758620689655	2	33	0.94
0.558139534883721	2	33	0.94
0.571428571428571	2	33	0.94
0.555555555555556	2	33	0.94
0.137931034482759	2	33	0.94
0.485714285714286	2	33	0.94
0.5	2	33	0.94
0.545454545454545	2	33	0.94
0.423076923076923	2	33	0.94
0.5	2	33	0.94
0.551724137931034	2	33	0.94
0.447368421052632	2	33	0.94
0.357142857142857	2	33	0.94
0.484848484848485	2	33	0.94
0.652173913043478	2	33	0.94
0.473684210526316	2	33	0.94
0.512820512820513	2	33	0.94
0.310344827586207	2	33	0.94
0.518518518518518	2	33	0.94
0.458333333333333	2	33	0.94
0.5625	2	33	0.94
0.454545454545455	2	33	0.94
0.333333333333333	2	33	0.94
0.5	2	33	0.94
0.64	2	33	0.94
0.479166666666667	2	33	0.94
0.517241379310345	2	33	0.94
0.470588235294118	2	33	0.94
0.5	2	33	0.94
0.318181818181818	2	33	0.94
0.277777777777778	2	33	0.94
0.578947368421053	2	33	0.94
0.433333333333333	2	33	0.94
0.411764705882353	2	33	0.94
0.294117647058824	2	33	0.94
0.642857142857143	2	33	0.94
0.44	2	33	0.94
0.285714285714286	2	33	0.94
0.422222222222222	2	33	0.94
0.520833333333333	2	33	0.94
0.486486486486487	2	33	0.94
0.428571428571429	2	33	0.94
0.457142857142857	2	33	0.94
0.529411764705882	2	33	0.94
0.655172413793103	2	33	0.94
0.444444444444444	2	33	0.94
0.470588235294118	2	33	0.94
0.37037037037037	2	33	0.94
0.545454545454545	2	33	0.94
0.37037037037037	2	33	0.94
0.478260869565217	2	33	0.94
0.386363636363636	2	33	0.94
0.419354838709677	2	33	0.94
0.441860465116279	2	33	0.94
0.321428571428571	2	33	0.94
0.3	2	33	0.94
0.26530612244898	2	33	0.94
0.379310344827586	2	33	0.94
0.472222222222222	2	33	0.94
0.434782608695652	2	33	0.94
0.533333333333333	2	33	0.94
0.620689655172414	2	33	0.94
0.560975609756098	2	33	0.94
0.67741935483871	2	33	0.94
0.555555555555556	2	33	0.94
0.466666666666667	2	33	0.94
0.34375	2	33	0.94
0.4375	2	33	0.94
0.4375	2	33	0.94
0.433333333333333	2	33	0.94
0.464285714285714	2	33	0.94
0.477272727272727	2	33	0.94
0.44	2	33	0.94
0.4	2	33	0.94
0.416666666666667	2	33	0.94
0.478260869565217	2	33	0.94
0.451612903225806	2	33	0.94
0.65	2	33	0.94
0.341463414634146	2	33	0.94
0.541666666666667	2	33	0.94
0.428571428571429	2	33	0.94
0.394736842105263	2	33	0.94
0.428571428571429	2	33	0.94
0.333333333333333	2	33	0.94
0.461538461538462	2	33	0.94
0.551724137931034	2	33	0.94
0.363636363636364	2	33	0.94
0.555555555555556	2	33	0.94
0.481481481481481	2	33	0.94
0.425	2	33	0.94
0.472222222222222	2	33	0.94
0.421052631578947	2	33	0.94
0.551724137931034	2	33	0.94
0.625	2	33	0.94
0.531914893617021	2	33	0.94
0.28125	2	33	0.94
0.116279069767442	2	33	0.94
0.235294117647059	2	33	0.94
0.58974358974359	2	33	0.94
0.1875	2	33	0.94
0.414634146341463	2	33	0.94
0.4	2	33	0.94
0.409090909090909	2	33	0.94
0.357142857142857	2	33	0.94
0.365853658536585	2	33	0.94
0.463414634146341	2	33	0.94
0.5	2	33	0.94
0.361111111111111	2	33	0.94
0.472222222222222	2	33	0.94
0.432432432432432	2	33	0.94
0.413793103448276	2	33	0.94
0.547619047619048	2	33	0.94
0.325	2	33	0.94
0.435897435897436	2	33	0.94
0.477272727272727	2	33	0.94
0.432432432432432	2	33	0.94
0.458333333333333	2	33	0.94
0.333333333333333	2	33	0.94
0.542857142857143	2	33	0.94
0.451612903225806	2	33	0.94
0.392857142857143	2	33	0.94
0.35	2	33	0.94
0.333333333333333	2	33	0.94
0.5	2	33	0.94
0.484848484848485	2	33	0.94
0.533333333333333	2	33	0.94
0.423076923076923	2	33	0.94
0.290322580645161	2	33	0.94
0.361111111111111	2	33	0.94
0.55	2	33	0.94
0.205882352941176	2	33	0.94
0.558823529411765	2	33	0.94
0.5	2	33	0.94
0.552631578947368	2	33	0.94
0.466666666666667	2	33	0.94
0.4375	2	33	0.94
0.340909090909091	2	33	0.94
0.46875	2	33	0.94
0.277777777777778	2	33	0.94
0.37037037037037	2	33	0.94
0.451612903225806	2	33	0.94
0.514285714285714	2	33	0.94
0.388888888888889	2	33	0.94
0.470588235294118	2	33	0.94
0.4375	2	33	0.94
0.535714285714286	2	33	0.94
0.41304347826087	2	33	0.94
0.264705882352941	2	33	0.94
0.606060606060606	2	33	0.94
0.564102564102564	2	33	0.94
0.52	2	33	0.94
0.48936170212766	2	33	0.94
0.377777777777778	2	33	0.94
0.382352941176471	2	33	0.94
0.535714285714286	2	33	0.94
0.666666666666667	2	33	0.94
0.375	2	33	0.94
0.617647058823529	2	33	0.94
0.4	2	33	0.94
0.424242424242424	2	33	0.94
0.425	2	33	0.94
0.361111111111111	2	33	0.94
0.6	2	33	0.94
0.470588235294118	2	33	0.94
0.451612903225806	2	33	0.94
0.5	2	33	0.94
0.545454545454545	2	33	0.94
0.478260869565217	2	33	0.94
0.523809523809524	2	33	0.94
0.469387755102041	2	33	0.94
0.469387755102041	2	33	0.94
0.333333333333333	2	33	0.94
0.434782608695652	2	33	0.94
0.52	2	33	0.94
0.56	2	33	0.94
0.41025641025641	2	33	0.94
0.518518518518518	2	33	0.94
0.695652173913043	2	33	0.94
0.484848484848485	2	33	0.94
0.289473684210526	2	33	0.94
0.411764705882353	2	33	0.94
0.365853658536585	2	33	0.94
0.485714285714286	2	33	0.94
0.48	2	33	0.94
0.447368421052632	2	33	0.94
0.380952380952381	2	33	0.94
0.333333333333333	2	33	0.94
0.444444444444444	2	33	0.94
0.628571428571429	2	33	0.94
0.5	2	33	0.94
0.513513513513513	2	33	0.94
0.470588235294118	2	33	0.94
0.527777777777778	2	33	0.94
0.529411764705882	2	33	0.94
0.538461538461538	2	33	0.94
0.51219512195122	2	33	0.94
0.375	2	33	0.94
0.4	2	33	0.94
0.480769230769231	2	33	0.94
0.378378378378378	2	33	0.94
0.490566037735849	2	33	0.94
0.424242424242424	2	33	0.94
0.28	2	33	0.94
0.393939393939394	2	33	0.94
0.414634146341463	2	33	0.94
0.447368421052632	2	33	0.94
0.2	2	33	0.94
0.444444444444444	2	33	0.94
0.5	2	33	0.94
0.3	2	33	0.94
0.384615384615385	2	33	0.94
0.52	2	33	0.94
0.511627906976744	2	33	0.94
0.379310344827586	2	33	0.94
0.444444444444444	2	33	0.94
0.470588235294118	2	33	0.94
0.307692307692308	2	33	0.94
0.341463414634146	2	33	0.94
0.4	2	33	0.94
0.472222222222222	2	33	0.94
0.653846153846154	2	33	0.94
0.4	2	33	0.94
0.482758620689655	2	33	0.94
0.577777777777778	2	33	0.94
0.533333333333333	2	33	0.94
0.571428571428571	2	33	0.94
0.451612903225806	2	33	0.94
0.405405405405405	2	33	0.94
0.473684210526316	2	33	0.94
0.678571428571429	2	33	0.94
0.52	2	33	0.94
0.48	2	33	0.94
0.333333333333333	2	33	0.94
0.517241379310345	2	33	0.94
0.428571428571429	2	33	0.94
0.19047619047619	2	33	0.94
0.424242424242424	2	33	0.94
0.571428571428571	2	33	0.94
0.35	2	33	0.94
0.555555555555556	2	33	0.94
0.421052631578947	2	33	0.94
0.371428571428571	2	33	0.94
0.433333333333333	2	33	0.94
0.184210526315789	2	33	0.94
0.333333333333333	2	33	0.94
0.354838709677419	2	33	0.94
0.5	2	33	0.94
0.434782608695652	2	33	0.94
0.354838709677419	2	33	0.94
0.4	2	33	0.94
0.382352941176471	2	33	0.94
0.470588235294118	2	33	0.94
0.444444444444444	2	33	0.94
0.514285714285714	2	33	0.94
0.387096774193548	2	33	0.94
0.594594594594595	2	33	0.94
0.393939393939394	2	33	0.94
0.5	2	33	0.94
0.517241379310345	2	33	0.94
0.588235294117647	2	33	0.94
0.32	2	33	0.94
0.19047619047619	2	33	0.94
0.484848484848485	2	33	0.94
0.477272727272727	2	33	0.94
0.432432432432432	2	33	0.94
0.413793103448276	2	33	0.94
0.578947368421053	2	33	0.94
0.37037037037037	2	33	0.94
0.473684210526316	2	33	0.94
0.619047619047619	2	33	0.94
0.461538461538462	2	33	0.94
0.611111111111111	2	33	0.94
0.444444444444444	2	33	0.94
0.365853658536585	2	33	0.94
0.414634146341463	2	33	0.94
0.483870967741935	2	33	0.94
0.5	2	33	0.94
0.352941176470588	2	33	0.94
0.37037037037037	2	33	0.94
0.418604651162791	2	33	0.94
0.314285714285714	2	33	0.94
0.575	2	33	0.94
0.416666666666667	2	33	0.94
0.414634146341463	2	33	0.94
0.303030303030303	2	33	0.94
0.382352941176471	2	33	0.94
0.4	2	33	0.94
0.372093023255814	2	33	0.94
0.419354838709677	2	33	0.94
0.567567567567568	2	33	0.94
0.333333333333333	2	33	0.94
0.384615384615385	2	33	0.94
0.514285714285714	2	33	0.94
0.375	2	33	0.94
0.4	2	33	0.94
0.2	2	33	0.94
0.558823529411765	2	33	0.94
0.521739130434783	2	33	0.94
0.482758620689655	2	33	0.94
0.416666666666667	2	33	0.94
0.4	2	33	0.94
0.4	2	33	0.94
0.357142857142857	2	33	0.94
0.523809523809524	2	33	0.94
0.388888888888889	2	33	0.94
0.526315789473684	2	33	0.94
0.371428571428571	2	33	0.94
0.5	2	33	0.94
0.51219512195122	2	33	0.94
0.40625	2	33	0.94
0.555555555555556	2	33	0.94
0.192307692307692	2	33	0.94
0.487179487179487	2	33	0.94
0.457142857142857	2	33	0.94
0.368421052631579	2	33	0.94
0.411764705882353	2	33	0.94
0.583333333333333	2	33	0.94
0.545454545454545	2	33	0.94
0.48	2	33	0.94
0.54	2	33	0.94
0.441176470588235	2	33	0.94
0.388888888888889	2	33	0.94
0.542857142857143	2	33	0.94
0.514285714285714	2	33	0.94
0.3125	2	33	0.94
0.432432432432432	2	33	0.94
0.558823529411765	2	33	0.94
0.357142857142857	2	33	0.94
0.408163265306122	2	33	0.94
0.540540540540541	2	33	0.94
0.514285714285714	2	33	0.94
0.390243902439024	2	33	0.94
0.53125	2	33	0.94
0.5	2	33	0.94
0.592592592592593	2	33	0.94
0.423076923076923	2	33	0.94
0.368421052631579	2	33	0.94
0.304347826086957	2	33	0.94
0.4	2	33	0.94
0.476190476190476	2	33	0.94
0.382352941176471	2	33	0.94
0.478260869565217	2	33	0.94
0.333333333333333	2	33	0.94
0.486486486486487	2	33	0.94
0.48	2	33	0.94
0.523809523809524	2	33	0.94
0.5	2	33	0.94
0.285714285714286	2	33	0.94
0.583333333333333	2	33	0.94
0.475	2	33	0.94
0.416666666666667	2	33	0.94
0.6	2	33	0.94
0.51219512195122	2	33	0.94
0.425	2	33	0.94
0.394736842105263	2	33	0.94
0.136363636363636	2	33	0.94
0.321428571428571	2	33	0.94
0.34375	2	33	0.94
0.365853658536585	2	33	0.94
0.59375	2	33	0.94
0.419354838709677	2	33	0.94
0.5	2	33	0.94
0.558823529411765	2	33	0.94
0.575	2	33	0.94
0.371428571428571	2	33	0.94
0.52	2	33	0.94
0.470588235294118	2	33	0.94
0.419354838709677	2	33	0.94
0.285714285714286	2	33	0.94
0.476190476190476	2	33	0.94
0.2	2	33	0.94
0.857142857142857	2	33	0.94
0.323529411764706	2	33	0.94
0.447368421052632	2	33	0.94
0.375	2	33	0.94
0.435897435897436	2	33	0.94
0.485714285714286	2	33	0.94
0.282608695652174	2	33	0.94
0.5	2	33	0.94
0.472222222222222	2	33	0.94
0.357142857142857	2	33	0.94
0.307692307692308	2	33	0.94
0.428571428571429	2	33	0.94
0.352941176470588	2	33	0.94
0.333333333333333	2	33	0.94
0.333333333333333	2	33	0.94
0.485714285714286	2	33	0.94
0.521739130434783	2	33	0.94
0.606060606060606	2	33	0.94
0.4375	2	33	0.94
0.485714285714286	2	33	0.94
0.476190476190476	2	33	0.94
0.391304347826087	2	33	0.94
0.363636363636364	2	33	0.94
0.433333333333333	2	33	0.94
0.416666666666667	2	33	0.94
0.419354838709677	2	33	0.94
0.466666666666667	2	33	0.94
0.513513513513513	2	33	0.94
0.612903225806452	2	33	0.94
0.25	2	33	0.94
0.28125	2	33	0.94
0.361111111111111	2	33	0.94
0.176470588235294	2	33	0.94
0.615384615384615	2	33	0.94
0.459459459459459	2	33	0.94
0.511111111111111	2	33	0.94
0.32	2	33	0.94
0.354838709677419	2	33	0.94
0.472222222222222	2	33	0.94
0.432432432432432	2	33	0.94
0.384615384615385	2	33	0.94
0.521739130434783	2	33	0.94
0.590909090909091	2	33	0.94
0.458333333333333	2	33	0.94
0.433333333333333	2	33	0.94
0.238095238095238	2	33	0.94
0.363636363636364	2	33	0.94
0.451612903225806	2	33	0.94
0.566666666666667	2	33	0.94
0.272727272727273	2	33	0.94
0.488888888888889	2	33	0.94
0.365853658536585	2	33	0.94
0.171428571428571	2	33	0.94
0.619047619047619	2	33	0.94
0.380952380952381	2	33	0.94
0.5	2	33	0.94
0.433333333333333	2	33	0.94
0.380952380952381	2	33	0.94
0.428571428571429	2	33	0.94
0.5	2	33	0.94
0.611111111111111	2	33	0.94
0.548387096774194	2	33	0.94
0.193548387096774	2	33	0.94
0.464285714285714	2	33	0.94
0.464285714285714	2	33	0.94
0.5	2	33	0.94
0.857142857142857	2	33	0.94
0.195652173913043	2	33	0.94
0.466666666666667	2	33	0.94
0.527777777777778	2	33	0.94
0.472222222222222	2	33	0.94
0.5	2	33	0.94
0.428571428571429	2	33	0.94
0.365853658536585	2	33	0.94
0.454545454545455	2	33	0.94
0.333333333333333	2	33	0.94
0.41304347826087	2	33	0.94
0.351351351351351	2	33	0.94
0.5	2	33	0.94
0.473684210526316	2	33	0.94
0.431818181818182	2	33	0.94
0.540540540540541	2	33	0.94
0.655172413793103	2	33	0.94
0.6	2	33	0.94
0.542857142857143	2	33	0.94
0.653061224489796	2	33	0.94
0.4	2	33	0.94
0.444444444444444	2	33	0.94
0.243243243243243	2	33	0.94
0.413793103448276	2	33	0.94
0.5	2	33	0.94
0.5	2	33	0.94
0.6	2	33	0.94
0.516129032258065	2	33	0.94
0.390243902439024	2	33	0.94
0.375	2	33	0.94
0.431818181818182	2	33	0.94
0.394736842105263	2	33	0.94
0.25	2	33	0.94
0.354166666666667	2	33	0.94
0.411764705882353	2	33	0.94
0.333333333333333	2	33	0.94
0.431372549019608	2	33	0.94
0.3125	2	33	0.94
0.526315789473684	2	33	0.94
0.409090909090909	2	33	0.94
0.470588235294118	2	33	0.94
0.538461538461538	2	33	0.94
0.351351351351351	2	33	0.94
0.394736842105263	2	33	0.94
0.413793103448276	2	33	0.94
0.272727272727273	2	33	0.94
0.230769230769231	2	33	0.94
0.172413793103448	2	33	0.94
0.466666666666667	2	33	0.94
0.25	2	33	0.94
0.545454545454545	2	33	0.94
0.51219512195122	2	33	0.94
0.515151515151515	2	33	0.94
0.390243902439024	2	33	0.94
0.388888888888889	2	33	0.94
0.41304347826087	2	33	0.94
0.5	2	33	0.94
0.361111111111111	2	33	0.94
0.555555555555556	2	33	0.94
0.272727272727273	2	33	0.94
0.75	2	33	0.94
0.484848484848485	2	33	0.94
0.456521739130435	2	33	0.94
0.4375	2	33	0.94
0.4	2	33	0.94
0.219512195121951	2	33	0.94
0.384615384615385	2	33	0.94
0.565217391304348	2	33	0.94
0.32258064516129	2	33	0.94
0.297872340425532	2	33	0.94
0.4	2	33	0.94
0.454545454545455	2	33	0.94
0.5	2	33	0.94
0.384615384615385	2	33	0.94
0.405405405405405	2	33	0.94
0.470588235294118	2	33	0.94
0.260869565217391	2	33	0.94
0.473684210526316	2	33	0.94
0.527777777777778	2	33	0.94
0.465116279069767	2	33	0.94
0.416666666666667	2	33	0.94
0.633333333333333	2	33	0.94
0.517241379310345	2	33	0.94
0.333333333333333	2	33	0.94
0.448275862068966	2	33	0.94
0.526315789473684	2	33	0.94
0.555555555555556	2	33	0.94
0.382352941176471	2	33	0.94
0.473684210526316	2	33	0.94
0.428571428571429	2	33	0.94
0.387096774193548	2	33	0.94
0.375	2	33	0.94
0.346153846153846	2	33	0.94
0.477272727272727	2	33	0.94
0.478260869565217	2	33	0.94
0.523809523809524	2	33	0.94
0.323529411764706	2	33	0.94
0.444444444444444	2	33	0.94
0.542857142857143	2	33	0.94
0.447368421052632	2	33	0.94
0.645161290322581	2	33	0.94
0.5	2	33	0.94
0.375	2	33	0.94
0.592592592592593	2	33	0.94
0.441860465116279	2	33	0.94
0.371428571428571	2	33	0.94
0.526315789473684	2	33	0.94
0.333333333333333	2	33	0.94
0.485714285714286	2	33	0.94
0.461538461538462	2	33	0.94
0.380952380952381	2	33	0.94
0.5	2	33	0.94
0.371428571428571	2	33	0.94
0.314285714285714	2	33	0.94
0.5	2	33	0.94
0.535714285714286	2	33	0.94
0.36	2	33	0.94
0.53125	2	33	0.94
0.709677419354839	2	33	0.94
0.478260869565217	2	33	0.94
0.48	2	33	0.94
0.52	2	33	0.94
0.457142857142857	2	33	0.94
0.515151515151515	2	33	0.94
0.333333333333333	2	33	0.94
0.483870967741935	2	33	0.94
0.111111111111111	2	33	0.94
0.551724137931034	2	33	0.94
0.138888888888889	2	33	0.94
0.475	2	33	0.94
0.692307692307692	2	33	0.94
0.439024390243902	2	33	0.94
0.290322580645161	2	33	0.94
0.37037037037037	2	33	0.94
0.516129032258065	2	33	0.94
0.452380952380952	2	33	0.94
0.48780487804878	2	33	0.94
0.551724137931034	2	33	0.94
0.625	2	33	0.94
0.32	2	33	0.94
0.32	2	33	0.94
0.475	2	33	0.94
0.392857142857143	2	33	0.94
0.333333333333333	2	33	0.94
0.571428571428571	2	33	0.94
0.404255319148936	2	33	0.94
0.363636363636364	2	33	0.94
0.511111111111111	2	33	0.94
0.421052631578947	2	33	0.94
0.28	2	33	0.94
0.333333333333333	2	33	0.94
0.431818181818182	2	33	0.94
0.545454545454545	2	33	0.94
0.529411764705882	2	33	0.94
0.4375	2	33	0.94
0.481481481481481	2	33	0.94
0.56	2	33	0.94
0.473684210526316	2	33	0.94
0.615384615384615	2	33	0.94
0.431818181818182	2	33	0.94
0.441176470588235	2	33	0.94
0.363636363636364	2	33	0.94
0.291666666666667	2	33	0.94
0.24	2	33	0.94
0.393939393939394	2	33	0.94
0.545454545454545	2	33	0.94
0.477272727272727	2	33	0.94
0.517241379310345	2	33	0.94
0.475	2	33	0.94
0.482758620689655	2	33	0.94
0.478260869565217	2	33	0.94
0.466666666666667	2	33	0.94
0.459459459459459	2	33	0.94
0.542857142857143	2	33	0.94
0.388888888888889	2	33	0.94
0.135135135135135	2	33	0.94
0.176470588235294	2	33	0.94
0.485714285714286	2	33	0.94
0.592592592592593	2	33	0.94
0.434782608695652	2	33	0.94
0.548387096774194	2	33	0.94
0.461538461538462	2	33	0.94
0.37037037037037	2	33	0.94
0.459459459459459	2	33	0.94
0.457142857142857	2	33	0.94
0.5	2	33	0.94
0.470588235294118	2	33	0.94
0.447368421052632	2	33	0.94
0.447368421052632	2	33	0.94
0.566666666666667	2	33	0.94
0.464285714285714	2	33	0.94
0.5	2	33	0.94
0.391304347826087	2	33	0.94
0.454545454545455	2	33	0.94
0.40625	2	33	0.94
0.382978723404255	2	33	0.94
0.514285714285714	2	33	0.94
0.515151515151515	2	33	0.94
0.428571428571429	2	33	0.94
0.565217391304348	2	33	0.94
0.568181818181818	2	33	0.94
0.423076923076923	2	33	0.94
0.384615384615385	2	33	0.94
0.321428571428571	2	33	0.94
0.391304347826087	2	33	0.94
0.409090909090909	2	33	0.94
0.358974358974359	2	33	0.94
0.527777777777778	2	33	0.94
0.35	2	33	0.94
0.476190476190476	2	33	0.94
0.566666666666667	2	33	0.94
0.588235294117647	2	33	0.94
0.432432432432432	2	33	0.94
0.5	2	33	0.94
0.395348837209302	2	33	0.94
0.324324324324324	2	33	0.94
0.580645161290323	2	33	0.94
0.272727272727273	2	33	0.94
0.56	2	33	0.94
0.4	2	33	0.94
0.386363636363636	2	33	0.94
0.51219512195122	2	33	0.94
0.590909090909091	2	33	0.94
0.5	2	33	0.94
0.484848484848485	2	33	0.94
0.6	2	33	0.94
0.818181818181818	2	33	0.94
0.619047619047619	2	33	0.94
0.363636363636364	2	33	0.94
0.5	2	33	0.94
0.531914893617021	2	33	0.94
0.688888888888889	2	33	0.94
0.4375	2	33	0.94
0.363636363636364	2	33	0.94
0.113636363636364	2	33	0.94
0.414634146341463	2	33	0.94
0.578947368421053	2	33	0.94
0.421052631578947	2	33	0.94
0.457142857142857	2	33	0.94
0.441860465116279	2	33	0.94
0.394736842105263	2	33	0.94
0.517241379310345	2	33	0.94
0.354838709677419	2	33	0.94
0.44	2	33	0.94
0.558823529411765	2	33	0.94
0.414634146341463	2	33	0.94
0.433333333333333	2	33	0.94
0.323529411764706	2	33	0.94
0.446808510638298	2	33	0.94
0.410714285714286	2	33	0.94
0.37037037037037	2	33	0.94
0.4375	2	33	0.94
0.342857142857143	2	33	0.94
0.363636363636364	2	33	0.94
0.303030303030303	2	33	0.94
0.475	2	33	0.94
0.371428571428571	2	33	0.94
0.352941176470588	2	33	0.94
0.484848484848485	2	33	0.94
0.355555555555556	2	33	0.94
0.5	2	33	0.94
0.315789473684211	2	33	0.94
0.470588235294118	2	33	0.94
0.416666666666667	2	33	0.94
0.538461538461538	2	33	0.94
0.384615384615385	2	33	0.94
0.475	2	33	0.94
0.333333333333333	2	33	0.94
0.51219512195122	2	33	0.94
0.62962962962963	2	33	0.94
0.551724137931034	2	33	0.94
0.458333333333333	2	33	0.94
0.6	2	33	0.94
0.435897435897436	2	33	0.94
0.484848484848485	2	33	0.94
0.424242424242424	2	33	0.94
0.4	2	33	0.94
0.35	2	33	0.94
0.439024390243902	2	33	0.94
0.461538461538462	2	33	0.94
0.384615384615385	2	33	0.94
0.424242424242424	2	33	0.94
0.382352941176471	2	33	0.94
0.484848484848485	2	33	0.94
0.466666666666667	2	33	0.94
0.470588235294118	2	33	0.94
0.485714285714286	2	33	0.94
0.567567567567568	2	33	0.94
0.444444444444444	2	33	0.94
0.35	2	33	0.94
0.447368421052632	2	33	0.94
0.318181818181818	2	33	0.94
0.704545454545455	2	33	0.94
0.5	2	33	0.94
0.522727272727273	2	33	0.94
0.444444444444444	2	33	0.94
0.5	2	33	0.94
0.307692307692308	2	33	0.94
0.441176470588235	2	33	0.94
0.439024390243902	2	33	0.94
0.425531914893617	2	33	0.94
0.393939393939394	2	33	0.94
0.344827586206897	2	33	0.94
0.222222222222222	2	33	0.94
0.5	2	33	0.94
0.34375	2	33	0.94
0.457142857142857	2	33	0.94
0.371428571428571	2	33	0.94
0.435897435897436	2	33	0.94
0.425	2	33	0.94
0.425	2	33	0.94
0.424242424242424	2	33	0.94
0.571428571428571	2	33	0.94
0.424242424242424	2	33	0.94
0.36	2	33	0.94
0.416666666666667	2	33	0.94
0.354838709677419	2	33	0.94
0.631578947368421	2	33	0.94
0.514285714285714	2	33	0.94
0.5	2	33	0.94
0.484848484848485	2	33	0.94
0.361111111111111	2	33	0.94
0.45	2	33	0.94
0.538461538461538	2	33	0.94
0.388888888888889	2	33	0.94
0.545454545454545	2	33	0.94
0.558823529411765	2	33	0.94
0.463414634146341	2	33	0.94
0.425531914893617	2	33	0.94
0.4	2	33	0.94
0.5	2	33	0.94
0.421052631578947	2	33	0.94
0.433333333333333	2	33	0.94
0.4	2	33	0.94
0.564102564102564	2	33	0.94
0.534883720930233	2	33	0.94
0.621621621621622	2	33	0.94
0.6	2	33	0.94
0.447368421052632	2	33	0.94
0.487179487179487	2	33	0.94
0.65	2	33	0.94
0.363636363636364	2	33	0.94
0.206896551724138	2	33	0.94
0.375	2	33	0.94
0.5	2	33	0.94
0.482758620689655	2	33	0.94
0.529411764705882	2	33	0.94
0.5625	2	33	0.94
0.5	2	33	0.94
0.358974358974359	2	33	0.94
0.431818181818182	2	33	0.94
0.326086956521739	2	33	0.94
0.378378378378378	2	33	0.94
0.444444444444444	2	33	0.94
0.53125	2	33	0.94
0.53125	2	33	0.94
0.378378378378378	2	33	0.94
0.46875	2	33	0.94
0.580645161290323	2	33	0.94
0.53125	2	33	0.94
0.692307692307692	2	33	0.94
0.466666666666667	2	33	0.94
0.435897435897436	2	33	0.94
0.432432432432432	2	33	0.94
0.238095238095238	2	33	0.94
0.575757575757576	2	33	0.94
0.375	2	33	0.94
0.363636363636364	2	33	0.94
0.534883720930233	2	33	0.94
0.441176470588235	2	33	0.94
0.441176470588235	2	33	0.94
0.450980392156863	2	33	0.94
0.526315789473684	2	33	0.94
0.534883720930233	2	33	0.94
0.634146341463415	2	33	0.94
0.324324324324324	2	33	0.94
0.551724137931034	2	33	0.94
0.46	2	33	0.94
0.5	2	33	0.94
0.459459459459459	2	33	0.94
0.580645161290323	2	33	0.94
0.424242424242424	2	33	0.94
0.513513513513513	2	33	0.94
0.405405405405405	2	33	0.94
0.565217391304348	2	33	0.94
0.413793103448276	2	33	0.94
0.411764705882353	2	33	0.94
0.372093023255814	2	33	0.94
0.275862068965517	2	33	0.94
0.291666666666667	2	33	0.94
0.484848484848485	2	33	0.94
0.5625	2	33	0.94
0.375	2	33	0.94
0.484848484848485	2	33	0.94
0.481481481481481	2	33	0.94
0.375	2	33	0.94
0.46875	2	33	0.94
0.452830188679245	2	33	0.94
0.372093023255814	2	33	0.94
0.45	2	33	0.94
0.5	2	33	0.94
0.310344827586207	2	33	0.94
0.5	2	33	0.94
0.514285714285714	2	33	0.94
0.56	2	33	0.94
0.416666666666667	2	33	0.94
0.4375	2	33	0.94
0.395348837209302	2	33	0.94
0.421052631578947	2	33	0.94
0.575757575757576	2	33	0.94
0.125	2	33	0.94
0.294117647058824	2	33	0.94
0.382352941176471	2	33	0.94
0.193548387096774	2	33	0.94
0.409090909090909	2	33	0.94
0.4	2	33	0.94
0.580645161290323	2	33	0.94
0.171428571428571	2	33	0.94
0.354838709677419	2	33	0.94
0.409090909090909	2	33	0.94
0.5	2	33	0.94
0.5	2	33	0.94
0.166666666666667	2	33	0.94
0.484848484848485	2	33	0.94
0.405405405405405	2	33	0.94
0.384615384615385	2	33	0.94
0.366666666666667	2	33	0.94
0.407407407407407	2	33	0.94
0.465116279069767	2	33	0.94
0.55	2	33	0.94
0.363636363636364	2	33	0.94
0.361111111111111	2	33	0.94
0.5	2	33	0.94
0.444444444444444	2	33	0.94
0.545454545454545	2	33	0.94
0.305555555555556	2	33	0.94
0.6	2	33	0.94
0.684210526315789	2	33	0.94
0.424242424242424	2	33	0.94
0.7	2	33	0.94
0.425	2	33	0.94
0.529411764705882	2	33	0.94
0.344827586206897	2	33	0.94
0.473684210526316	2	33	0.94
0.384615384615385	2	33	0.94
0.333333333333333	2	33	0.94
0.310344827586207	2	33	0.94
0.340909090909091	2	33	0.94
0.578947368421053	2	33	0.94
0.545454545454545	2	33	0.94
0.371428571428571	2	33	0.94
0.27027027027027	2	33	0.94
0.551724137931034	2	33	0.94
0.423076923076923	2	33	0.94
0.193548387096774	2	33	0.94
0.555555555555556	2	33	0.94
0.513513513513513	2	33	0.94
0.416666666666667	2	33	0.94
0.394736842105263	2	33	0.94
0.5625	2	33	0.94
0.414634146341463	2	33	0.94
0.517241379310345	2	33	0.94
0.564102564102564	2	33	0.94
0.37037037037037	2	33	0.94
0.432432432432432	2	33	0.94
0.393939393939394	2	33	0.94
0.526315789473684	2	33	0.94
0.585365853658537	2	33	0.94
0.444444444444444	2	33	0.94
0.459459459459459	2	33	0.94
0.51063829787234	2	33	0.94
0.4	2	33	0.94
0.4375	2	33	0.94
0.411764705882353	2	33	0.94
0.488372093023256	2	33	0.94
0.346153846153846	2	33	0.94
0.416666666666667	2	33	0.94
0.296296296296296	2	33	0.94
0.192307692307692	2	33	0.94
0.233333333333333	2	33	0.94
0.3	2	33	0.94
0.428571428571429	2	33	0.94
0.466666666666667	2	33	0.94
0.130434782608696	2	33	0.94
0.307692307692308	2	33	0.94
0.380952380952381	2	33	0.94
0.605263157894737	2	33	0.94
0.375	2	33	0.94
0.542857142857143	2	33	0.94
0.470588235294118	2	33	0.94
0.625	2	33	0.94
0.212121212121212	2	33	0.94
0.540540540540541	2	33	0.94
0.230769230769231	2	33	0.94
0.625	2	33	0.94
0.384615384615385	2	33	0.94
0.482758620689655	2	33	0.94
0.351351351351351	2	33	0.94
0.482758620689655	2	33	0.94
0.59375	2	33	0.94
0.371428571428571	2	33	0.94
0.575757575757576	2	33	0.94
0.411764705882353	2	33	0.94
0.382352941176471	2	33	0.94
0.5	2	33	0.94
0.419354838709677	2	33	0.94
0.575	2	33	0.94
0.5	2	33	0.94
0.371428571428571	2	33	0.94
0.5	2	33	0.94
0.435897435897436	2	33	0.94
0.393939393939394	2	33	0.94
0.3125	2	33	0.94
0.45	2	33	0.94
0.333333333333333	2	33	0.94
0.558823529411765	2	33	0.94
0.625	2	33	0.94
0.333333333333333	2	33	0.94
0.388888888888889	2	33	0.94
0.518518518518518	2	33	0.94
0.487179487179487	2	33	0.94
0.380952380952381	2	33	0.94
0.538461538461538	2	33	0.94
0.52	2	33	0.94
0.534883720930233	2	33	0.94
0.5	2	33	0.94
0.5	2	33	0.94
0.514285714285714	2	33	0.94
0.574468085106383	2	33	0.94
0.432432432432432	2	33	0.94
0.357142857142857	2	33	0.94
0.884615384615385	2	33	0.94
0.941176470588235	2	33	0.94
0.930232558139535	2	33	0.94
0.9	2	33	0.94
0.5	2	33	0.94
0.393939393939394	2	33	0.94
0.361111111111111	2	33	0.94
0.5	2	33	0.94
0.928571428571429	2	33	0.94
1	2	33	0.94
0.904761904761905	2	33	0.94
0.88	2	33	0.94
0.951219512195122	2	33	0.94
0.925	2	33	0.94
0.916666666666667	2	33	0.94
0.25	2	33	0.94
0.433333333333333	2	33	0.94
0.5	2	33	0.94
0.777777777777778	2	33	0.94
0.548387096774194	2	33	0.94
1	2	33	0.94
0.545454545454545	2	33	0.94
0.204545454545455	2	33	0.94
0.916666666666667	2	33	0.94
0.939393939393939	2	33	0.94
0.966666666666667	2	33	0.94
0.333333333333333	2	33	0.94
0.131578947368421	2	33	0.94
0.92	2	33	0.94
0.88	2	33	0.94
0.916666666666667	2	33	0.94
1	2	33	0.94
0.388888888888889	2	33	0.94
0.4	2	33	0.94
0.548387096774194	2	33	0.94
0.25	2	33	0.94
0.305555555555556	2	33	0.94
0.478260869565217	2	33	0.94
0.277777777777778	2	33	0.94
0.25	2	33	0.94
0.233333333333333	2	33	0.94
0.513513513513513	2	33	0.94
0.416666666666667	2	33	0.94
0.416666666666667	2	33	0.94
0.392857142857143	2	33	0.94
0.408163265306122	2	33	0.94
0.48780487804878	2	33	0.94
0.555555555555556	2	33	0.94
0.59375	2	33	0.94
0.444444444444444	2	33	0.94
0.578947368421053	2	33	0.94
0.260869565217391	2	33	0.94
0.451612903225806	2	33	0.94
0.555555555555556	2	33	0.94
0.344827586206897	2	33	0.94
0.48780487804878	2	33	0.94
0.472222222222222	2	33	0.94
0.45	2	33	0.94
0.448275862068966	2	33	0.94
0.571428571428571	2	33	0.94
0.481481481481481	2	33	0.94
0.617647058823529	2	33	0.94
0.409090909090909	2	33	0.94
0.576923076923077	2	33	0.94
0.387096774193548	2	33	0.94
0.588235294117647	2	33	0.94
0.428571428571429	2	33	0.94
0.625	2	33	0.94
0.5	2	33	0.94
0.476190476190476	2	33	0.94
0.209302325581395	2	33	0.94
0.483870967741935	2	33	0.94
0.463414634146341	2	33	0.94
0.424242424242424	2	33	0.94
0.588235294117647	2	33	0.94
0.478260869565217	2	33	0.94
0.5	2	33	0.94
0.5	2	33	0.94
0.477272727272727	2	33	0.94
0.481481481481481	2	33	0.94
0.5	2	33	0.94
0.433333333333333	2	33	0.94
0.296296296296296	2	33	0.94
0.681818181818182	2	33	0.94
0.413793103448276	2	33	0.94
0.631578947368421	2	33	0.94
0.457142857142857	2	33	0.94
0.454545454545455	2	33	0.94
0.461538461538462	2	33	0.94
0.555555555555556	2	33	0.94
0.522727272727273	2	33	0.94
0.621621621621622	2	33	0.94
0.357142857142857	2	33	0.94
0.484848484848485	2	33	0.94
0.538461538461538	2	33	0.94
0.448275862068966	2	33	0.94
0.444444444444444	2	33	0.94
0.285714285714286	2	33	0.94
0.352941176470588	2	33	0.94
0.435897435897436	2	33	0.94
0.4	2	33	0.94
0.483870967741935	2	33	0.94
0.476190476190476	2	33	0.94
0.511111111111111	2	33	0.94
0.357142857142857	2	33	0.94
0.317073170731707	2	33	0.94
0.458333333333333	2	33	0.94
0.466666666666667	2	33	0.94
0.483870967741935	2	33	0.94
0.527777777777778	2	33	0.94
0.4	2	33	0.94
0.451612903225806	2	33	0.94
0.354166666666667	2	33	0.94
0.423076923076923	2	33	0.94
0.521739130434783	2	33	0.94
0.391304347826087	2	33	0.94
0.368421052631579	2	33	0.94
0.382352941176471	2	33	0.94
0.548387096774194	2	33	0.94
0.551724137931034	2	33	0.94
0.375	2	33	0.94
0.41025641025641	2	33	0.94
0.461538461538462	2	33	0.94
0.5	2	33	0.94
0.4	2	33	0.94
0.388888888888889	2	33	0.94
0.318181818181818	2	33	0.94
0.34375	2	33	0.94
0.355555555555556	2	33	0.94
0.53125	2	33	0.94
0.461538461538462	2	33	0.94
0.478260869565217	2	33	0.94
0.485714285714286	2	33	0.94
0.341463414634146	2	33	0.94
0.372093023255814	2	33	0.94
0.534883720930233	2	33	0.94
0.351351351351351	2	33	0.94
0.414634146341463	2	33	0.94
0.361111111111111	2	33	0.94
0.558823529411765	2	33	0.94
0.485714285714286	2	33	0.94
0.441176470588235	2	33	0.94
0.307692307692308	2	33	0.94
0.375	2	33	0.94
0.454545454545455	2	33	0.94
0.333333333333333	2	33	0.94
0.607142857142857	2	33	0.94
0.472222222222222	2	33	0.94
0.441860465116279	2	33	0.94
0.612903225806452	2	33	0.94
0.451612903225806	2	33	0.94
0.5	2	33	0.94
0.25	2	33	0.94
0.44	2	33	0.94
0.371428571428571	2	33	0.94
0.472222222222222	2	33	0.94
0.424242424242424	2	33	0.94
0.552631578947368	2	33	0.94
0.342105263157895	2	33	0.94
0.428571428571429	2	33	0.94
0.444444444444444	2	33	0.94
0.307692307692308	2	33	0.94
0.523809523809524	2	33	0.94
0.321428571428571	2	33	0.94
0.487179487179487	2	33	0.94
0.307692307692308	2	33	0.94
0.48	2	33	0.94
0.466666666666667	2	33	0.94
0.466666666666667	2	33	0.94
0.382352941176471	2	33	0.94
0.5	2	33	0.94
0.391304347826087	2	33	0.94
0.516129032258065	2	33	0.94
0.52	2	33	0.94
0.428571428571429	2	33	0.94
0.542857142857143	2	33	0.94
0.162162162162162	2	33	0.94
0.157894736842105	2	33	0.94
0.315789473684211	2	33	0.94
0.482758620689655	2	33	0.94
0.323529411764706	2	33	0.94
0.6	2	33	0.94
0.5	2	33	0.94
0.451612903225806	2	33	0.94
0.3	2	33	0.94
0.513513513513513	2	33	0.94
0.5625	2	33	0.94
0.5	2	33	0.94
0.619047619047619	2	33	0.94
0.333333333333333	2	33	0.94
0.526315789473684	2	33	0.94
0.2	2	33	0.94
0.5	2	33	0.94
0.285714285714286	2	33	0.94
0.15	2	33	0.94
0.272727272727273	2	33	0.94
0.428571428571429	2	33	0.94
0.475	2	33	0.94
0.41025641025641	2	33	0.94
0.363636363636364	2	33	0.94
0.36	2	33	0.94
0.551724137931034	2	33	0.94
0.1875	2	33	0.94
0.527777777777778	2	33	0.94
0.4	2	33	0.94
0.478260869565217	2	33	0.94
0.5	2	33	0.94
0.457142857142857	2	33	0.94
0.416666666666667	2	33	0.94
0.37037037037037	2	33	0.94
0.375	2	33	0.94
0.518518518518518	2	33	0.94
0.44	2	33	0.94
0.424242424242424	2	33	0.94
0.333333333333333	2	33	0.94
0.428571428571429	2	33	0.94
0.46875	2	33	0.94
0.5625	2	33	0.94
0.459459459459459	2	33	0.94
0.65625	2	33	0.94
0.461538461538462	2	33	0.94
0.435897435897436	2	33	0.94
0.538461538461538	2	33	0.94
0.615384615384615	2	33	0.94
0.52	2	33	0.94
0.304347826086957	2	33	0.94
0.5	2	33	0.94
0.366666666666667	2	33	0.94
0.4375	2	33	0.94
0.540540540540541	2	33	0.94
0.333333333333333	2	33	0.94
0.391304347826087	2	33	0.94
0.510204081632653	2	33	0.94
0.433333333333333	2	33	0.94
0.48	2	33	0.94
0.421052631578947	2	33	0.94
0.444444444444444	2	33	0.94
0.40625	2	33	0.94
0.4	2	33	0.94
0.421052631578947	2	33	0.94
0.433333333333333	2	33	0.94
0.340909090909091	2	33	0.94
0.615384615384615	2	33	0.94
0.347826086956522	2	33	0.94
0.111111111111111	2	33	0.94
0.5625	2	33	0.94
0.441176470588235	2	33	0.94
0.393939393939394	2	33	0.94
0.470588235294118	2	33	0.94
0.384615384615385	2	33	0.94
0.4375	2	33	0.94
0.466666666666667	2	33	0.94
0.475	2	33	0.94
0.481481481481481	2	33	0.94
0.393939393939394	2	33	0.94
0.521739130434783	2	33	0.94
0.451612903225806	2	33	0.94
0.346153846153846	2	33	0.94
0.594594594594595	2	33	0.94
0.439024390243902	2	33	0.94
0.41025641025641	2	33	0.94
0.4	2	33	0.94
0.382352941176471	2	33	0.94
0.444444444444444	2	33	0.94
0.564102564102564	2	33	0.94
0.659090909090909	2	33	0.94
0.645161290322581	2	33	0.94
0.413793103448276	2	33	0.94
0.466666666666667	2	33	0.94
0.5	2	33	0.94
0.525	2	33	0.94
0.531914893617021	2	33	0.94
0.534883720930233	2	33	0.94
0.419354838709677	2	33	0.94
0.261904761904762	2	33	0.94
0.605263157894737	2	33	0.94
0.409090909090909	2	33	0.94
0.428571428571429	2	33	0.94
0.592592592592593	2	33	0.94
0.352941176470588	2	33	0.94
0.480769230769231	2	33	0.94
0.511627906976744	2	33	0.94
0.631578947368421	2	33	0.94
0.25	2	33	0.94
0.448275862068966	2	33	0.94
0.163934426229508	2	33	0.94
0.558823529411765	2	33	0.94
0.472222222222222	2	33	0.94
0.5	2	33	0.94
0.428571428571429	2	33	0.94
0.53125	2	33	0.94
0.394736842105263	2	33	0.94
0.421052631578947	2	33	0.94
0.4	2	33	0.94
0.540540540540541	2	33	0.94
0.606060606060606	2	33	0.94
0.511111111111111	2	33	0.94
0.527777777777778	2	33	0.94
0.153846153846154	2	33	0.94
0.3125	2	33	0.94
0.456521739130435	2	33	0.94
0.333333333333333	2	33	0.94
0.421052631578947	2	33	0.94
0.45	2	33	0.94
0.545454545454545	2	33	0.94
0.307692307692308	2	33	0.94
0.461538461538462	2	33	0.94
0.516129032258065	2	33	0.94
0.318181818181818	2	33	0.94
0.433333333333333	2	33	0.94
0.576923076923077	2	33	0.94
0.5	2	33	0.94
0.5	2	33	0.94
0.483870967741935	2	33	0.94
0.305555555555556	2	33	0.94
0.434782608695652	2	33	0.94
0.181818181818182	2	33	0.94
0.586206896551724	2	33	0.94
0.444444444444444	2	33	0.94
0.368421052631579	2	33	0.94
0.411764705882353	2	33	0.94
0.466666666666667	2	33	0.94
0.485714285714286	2	33	0.94
0.473684210526316	2	33	0.94
0.424242424242424	2	33	0.94
0.448275862068966	2	33	0.94
0.451612903225806	2	33	0.94
0.390243902439024	2	33	0.94
0.439024390243902	2	33	0.94
0.35	2	33	0.94
0.35	2	33	0.94
0.394736842105263	2	33	0.94
0.424242424242424	2	33	0.94
0.454545454545455	2	33	0.94
0.757575757575758	2	33	0.94
0.3	2	33	0.94
0.464285714285714	2	33	0.94
0.564102564102564	2	33	0.94
0.608695652173913	2	33	0.94
0.4375	2	33	0.94
0.377777777777778	2	33	0.94
0.452380952380952	2	33	0.94
0.375	2	33	0.94
0.461538461538462	2	33	0.94
0.4	2	33	0.94
0.384615384615385	2	33	0.94
0.21875	2	33	0.94
0.470588235294118	2	33	0.94
0.434782608695652	2	33	0.94
0.461538461538462	2	33	0.94
0.5	2	33	0.94
0.469387755102041	2	33	0.94
0.333333333333333	2	33	0.94
0.454545454545455	2	33	0.94
0.435897435897436	2	33	0.94
0.517241379310345	2	33	0.94
0.421052631578947	2	33	0.94
0.594594594594595	2	33	0.94
0.543478260869565	2	33	0.94
0.5	2	33	0.94
0.378378378378378	2	33	0.94
0.130434782608696	2	33	0.94
0.425	2	33	0.94
0.451612903225806	2	33	0.94
0.482758620689655	2	33	0.94
0.37037037037037	2	33	0.94
0.551724137931034	2	33	0.94
0.162162162162162	2	33	0.94
0.512820512820513	2	33	0.94
0.5	2	33	0.94
0.51219512195122	2	33	0.94
0.386363636363636	2	33	0.94
0.411764705882353	2	33	0.94
0.416666666666667	2	33	0.94
0.393939393939394	2	33	0.94
0.428571428571429	2	33	0.94
0.421052631578947	2	33	0.94
0.458333333333333	2	33	0.94
0.5	2	33	0.94
0.45	2	33	0.94
0.5	2	33	0.94
0.511627906976744	2	33	0.94
0.390243902439024	2	33	0.94
0.470588235294118	2	33	0.94
0.40625	2	33	0.94
0.441860465116279	2	33	0.94
0.432432432432432	2	33	0.94
0.378378378378378	2	33	0.94
0.358974358974359	2	33	0.94
0.452380952380952	2	33	0.94
0.346153846153846	2	33	0.94
0.485714285714286	2	33	0.94
0.457142857142857	2	33	0.94
0.548387096774194	2	33	0.94
0.4	2	33	0.94
0.4	2	33	0.94
0.448275862068966	2	33	0.94
0.290322580645161	2	33	0.94
0.387096774193548	2	33	0.94
0.542857142857143	2	33	0.94
0.5	2	33	0.94
0.393939393939394	2	33	0.94
0.387096774193548	2	33	0.94
0.454545454545455	2	33	0.94
0.375	2	33	0.94
0.517241379310345	2	33	0.94
0.340425531914894	2	33	0.94
0.545454545454545	2	33	0.94
0.522727272727273	2	33	0.94
0.447368421052632	2	33	0.94
0.25	2	33	0.94
0.432432432432432	2	33	0.94
0.3	2	33	0.94
0.411764705882353	2	33	0.94
0.409090909090909	2	33	0.94
0.485714285714286	2	33	0.94
0.53125	2	33	0.94
0.325581395348837	2	33	0.94
0.5	2	33	0.94
0.346938775510204	2	33	0.94
0.894736842105263	2	33	0.94
0.583333333333333	2	33	0.94
0.354838709677419	2	33	0.94
0.405405405405405	2	33	0.94
0.613636363636364	2	33	0.94
0.282608695652174	2	33	0.94
0.555555555555556	2	33	0.94
0.526315789473684	2	33	0.94
0.470588235294118	2	33	0.94
0.522727272727273	2	33	0.94
0.535714285714286	2	33	0.94
0.575757575757576	2	33	0.94
0.35	2	33	0.94
0.5	2	33	0.94
0.555555555555556	2	33	0.94
0.354838709677419	2	33	0.94
0.388888888888889	2	33	0.94
0.404761904761905	2	33	0.94
0.325	2	33	0.94
0.608695652173913	2	33	0.94
0.390243902439024	2	33	0.94
0.36	2	33	0.94
0.555555555555556	2	33	0.94
0.612903225806452	2	33	0.94
0.636363636363636	2	33	0.94
0.536585365853659	2	33	0.94
0.333333333333333	2	33	0.94
0.391304347826087	2	33	0.94
0.393939393939394	2	33	0.94
0.435897435897436	2	33	0.94
0.4375	2	33	0.94
0.357142857142857	2	33	0.94
0.413793103448276	2	33	0.94
0.365853658536585	2	33	0.94
0.371428571428571	2	33	0.94
0.416666666666667	2	33	0.94
0.333333333333333	2	33	0.94
0.482758620689655	2	33	0.94
0.391304347826087	2	33	0.94
0.346153846153846	2	33	0.94
0.379310344827586	2	33	0.94
0.439024390243902	2	33	0.94
0.32258064516129	2	33	0.94
0.34375	2	33	0.94
0.447368421052632	2	33	0.94
0.5	2	33	0.94
0.583333333333333	2	33	0.94
0.428571428571429	2	33	0.94
0.435897435897436	2	33	0.94
0.447368421052632	2	33	0.94
0.375	2	33	0.94
0.45	2	33	0.94
0.666666666666667	2	33	0.94
0.583333333333333	2	33	0.94
0.4	2	33	0.94
0.4375	2	33	0.94
0.333333333333333	2	33	0.94
0.46875	2	33	0.94
0.393939393939394	2	33	0.94
0.55	2	33	0.94
0.375	2	33	0.94
0.363636363636364	2	33	0.94
0.28	2	33	0.94
0.27027027027027	2	33	0.94
0.529411764705882	2	33	0.94
0.333333333333333	2	33	0.94
0.527777777777778	2	33	0.94
0.444444444444444	2	33	0.94
0.511111111111111	2	33	0.94
0.565217391304348	2	33	0.94
0.473684210526316	2	33	0.94
0.444444444444444	2	33	0.94
0.586206896551724	2	33	0.94
0.466666666666667	2	33	0.94
0.255813953488372	2	33	0.94
0.428571428571429	2	33	0.94
0.185185185185185	2	33	0.94
0.5	2	33	0.94
0.388888888888889	2	33	0.94
0.264705882352941	2	33	0.94
0.428571428571429	2	33	0.94
0.454545454545455	2	33	0.94
0.5	2	33	0.94
0.189189189189189	2	33	0.94
0.575757575757576	2	33	0.94
0.433333333333333	2	33	0.94
0.516129032258065	2	33	0.94
0.478260869565217	2	33	0.94
0.291666666666667	2	33	0.94
0.27027027027027	2	33	0.94
0.371428571428571	2	33	0.94
0.4375	2	33	0.94
0.470588235294118	2	33	0.94
0.511111111111111	2	33	0.94
0.44	2	33	0.94
0.148148148148148	2	33	0.94
0.461538461538462	2	33	0.94
0.620689655172414	2	33	0.94
0.4	2	33	0.94
0.428571428571429	2	33	0.94
0.347826086956522	2	33	0.94
0.545454545454545	2	33	0.94
0.487179487179487	2	33	0.94
0.552631578947368	2	33	0.94
0.1875	2	33	0.94
0.444444444444444	2	33	0.94
0.527777777777778	2	33	0.94
0.476190476190476	2	33	0.94
0.325581395348837	2	33	0.94
0.488372093023256	2	33	0.94
0.515151515151515	2	33	0.94
0.28	2	33	0.94
0.454545454545455	2	33	0.94
0.40625	2	33	0.94
0.444444444444444	2	33	0.94
0.580645161290323	2	33	0.94
0.464285714285714	2	33	0.94
0.5	2	33	0.94
0.545454545454545	2	33	0.94
0.363636363636364	2	33	0.94
0.344827586206897	2	33	0.94
0.5	2	33	0.94
0.447368421052632	2	33	0.94
0.392156862745098	2	33	0.94
0.571428571428571	2	33	0.94
0.592592592592593	2	33	0.94
0.457142857142857	2	33	0.94
0.448275862068966	2	33	0.94
0.368421052631579	2	33	0.94
0.181818181818182	2	33	0.94
0.3125	2	33	0.94
0.375	2	33	0.94
0.428571428571429	2	33	0.94
0.347826086956522	2	33	0.94
0.392857142857143	2	33	0.94
0.666666666666667	2	33	0.94
0.55	2	33	0.94
0.48780487804878	2	33	0.94
0.414634146341463	2	33	0.94
0.340425531914894	2	33	0.94
0.529411764705882	2	33	0.94
0.652173913043478	2	33	0.94
0.392857142857143	2	33	0.94
0.512820512820513	2	33	0.94
0.548387096774194	2	33	0.94
0.551724137931034	2	33	0.94
0.512820512820513	2	33	0.94
0.464285714285714	2	33	0.94
0.444444444444444	2	33	0.94
0.457142857142857	2	33	0.94
0.4375	2	33	0.94
0.179487179487179	2	33	0.94
0.310344827586207	2	33	0.94
0.428571428571429	2	33	0.94
0.463414634146341	2	33	0.94
0.538461538461538	2	33	0.94
0.555555555555556	2	33	0.94
0.32258064516129	2	33	0.94
0.41025641025641	2	33	0.94
0.388888888888889	2	33	0.94
0.571428571428571	2	33	0.94
0.434782608695652	2	33	0.94
0.416666666666667	2	33	0.94
0.519230769230769	2	33	0.94
0.522727272727273	2	33	0.94
0.475	2	33	0.94
0.405405405405405	2	33	0.94
0.576923076923077	2	33	0.94
0.55	2	33	0.94
0.346153846153846	2	33	0.94
0.515151515151515	2	33	0.94
0.523809523809524	2	33	0.94
0.48	2	33	0.94
0.314285714285714	2	33	0.94
0.46875	2	33	0.94
0.461538461538462	2	33	0.94
0.529411764705882	2	33	0.94
0.423076923076923	2	33	0.94
0.45	2	33	0.94
0.3125	2	33	0.94
0.290322580645161	2	33	0.94
0.518518518518518	2	33	0.94
0.454545454545455	2	33	0.94
0.458333333333333	2	33	0.94
0.135135135135135	2	33	0.94
0.486486486486487	2	33	0.94
0.363636363636364	2	33	0.94
0.5	2	33	0.94
0.48780487804878	2	33	0.94
0.441860465116279	2	33	0.94
0.581395348837209	2	33	0.94
0.5	2	33	0.94
0.133333333333333	2	33	0.94
0.518518518518518	2	33	0.94
0.411764705882353	2	33	0.94
0.315789473684211	2	33	0.94
0.333333333333333	2	33	0.94
0.424242424242424	2	33	0.94
0.432432432432432	2	33	0.94
0.515151515151515	2	33	0.94
0.466666666666667	2	33	0.94
0.419354838709677	2	33	0.94
0.4	2	33	0.94
0.512820512820513	2	33	0.94
0.363636363636364	2	33	0.94
0.461538461538462	2	33	0.94
0.463414634146341	2	33	0.94
0.517241379310345	2	33	0.94
0.444444444444444	2	33	0.94
0.416666666666667	2	33	0.94
0.448275862068966	2	33	0.94
0.444444444444444	2	33	0.94
0.414634146341463	2	33	0.94
0.605263157894737	2	33	0.94
0.463414634146341	2	33	0.94
0.574468085106383	2	33	0.94
0.428571428571429	2	33	0.94
0.4375	2	33	0.94
0.441860465116279	2	33	0.94
0.27027027027027	2	33	0.94
0.611111111111111	2	33	0.94
0.134615384615385	2	33	0.94
0.483870967741935	2	33	0.94
0.435897435897436	2	33	0.94
0.439024390243902	2	33	0.94
0.413793103448276	2	33	0.94
0.484848484848485	2	33	0.94
0.3125	2	33	0.94
0.58974358974359	2	33	0.94
0.4	2	33	0.94
0.41025641025641	2	33	0.94
0.342857142857143	2	33	0.94
0.441860465116279	2	33	0.94
0.545454545454545	2	33	0.94
0.680851063829787	2	33	0.94
0.51219512195122	2	33	0.94
0.5	2	33	0.94
0.580645161290323	2	33	0.94
0.46875	2	33	0.94
0.53125	2	33	0.94
0.4	2	33	0.94
0.225806451612903	2	33	0.94
0.333333333333333	2	33	0.94
0.5	2	33	0.94
0.619047619047619	2	33	0.94
0.444444444444444	2	33	0.94
0.703703703703704	2	33	0.94
0.5	2	33	0.94
0.418604651162791	2	33	0.94
0.52	2	33	0.94
0.44	2	33	0.94
0.35	2	33	0.94
0.466666666666667	2	33	0.94
0.418604651162791	2	33	0.94
0.296296296296296	2	33	0.94
0.416666666666667	2	33	0.94
0.36	2	33	0.94
0.642857142857143	2	33	0.94
0.428571428571429	2	33	0.94
0.379310344827586	2	33	0.94
0.458333333333333	2	33	0.94
0.527777777777778	2	33	0.94
0.64	2	33	0.94
0.459459459459459	2	33	0.94
0.515151515151515	2	33	0.94
0.40625	2	33	0.94
0.451612903225806	2	33	0.94
0.411764705882353	2	33	0.94
0.5	2	33	0.94
0.333333333333333	2	33	0.94
0.354838709677419	2	33	0.94
0.424242424242424	2	33	0.94
0.551724137931034	2	33	0.94
0.533333333333333	2	33	0.94
0.481481481481481	2	33	0.94
0.428571428571429	2	33	0.94
0.666666666666667	2	33	0.94
0.533333333333333	2	33	0.94
0.3	2	33	0.94
0.294117647058824	2	33	0.94
0.518518518518518	2	33	0.94
0.32258064516129	2	33	0.94
0.291666666666667	2	33	0.94
0.515151515151515	2	33	0.94
0.456521739130435	2	33	0.94
0.535714285714286	2	33	0.94
0.470588235294118	2	33	0.94
0.486486486486487	2	33	0.94
0.46875	2	33	0.94
0.5	2	33	0.94
0.423076923076923	2	33	0.94
0.19047619047619	2	33	0.94
0.428571428571429	2	33	0.94
0.551724137931034	2	33	0.94
0.526315789473684	2	33	0.94
0.529411764705882	2	33	0.94
0.382978723404255	2	33	0.94
0.392857142857143	2	33	0.94
0.333333333333333	2	33	0.94
0.5	2	33	0.94
0.5	2	33	0.94
0.5	2	33	0.94
0.5	2	33	0.94
0.485714285714286	2	33	0.94
0.625	2	33	0.94
0.472222222222222	2	33	0.94
0.333333333333333	2	33	0.94
0.46875	2	33	0.94
0.541666666666667	2	33	0.94
0.5	2	33	0.94
0.611111111111111	2	33	0.94
0.307692307692308	2	33	0.94
0.380952380952381	2	33	0.94
0.619047619047619	2	33	0.94
0.523809523809524	2	33	0.94
0.541666666666667	2	33	0.94
0.421052631578947	2	33	0.94
0.75	2	33	0.94
0.448275862068966	2	33	0.94
0.378378378378378	2	33	0.94
0.5	2	33	0.94
0.32258064516129	2	33	0.94
0.432432432432432	2	33	0.94
0.466666666666667	2	33	0.94
0.678571428571429	2	33	0.94
0.377777777777778	2	33	0.94
0.466666666666667	2	33	0.94
0.458333333333333	2	33	0.94
0.578947368421053	2	33	0.94
0.355555555555556	2	33	0.94
0.382352941176471	2	33	0.94
0.447368421052632	2	33	0.94
0.473684210526316	2	33	0.94
0.387096774193548	2	33	0.94
0.531914893617021	2	33	0.94
0.1875	2	33	0.94
0.386363636363636	2	33	0.94
0.441860465116279	2	33	0.94
0.415094339622642	2	33	0.94
0.464285714285714	2	33	0.94
0.55	2	33	0.94
0.37037037037037	2	33	0.94
0.4375	2	33	0.94
0.529411764705882	2	33	0.94
0.485714285714286	2	33	0.94
0.46875	2	33	0.94
0.52	2	33	0.94
0.162162162162162	2	33	0.94
0.4	2	33	0.94
0.727272727272727	2	33	0.94
0.3	2	33	0.94
0.34375	2	33	0.94
0.304347826086957	2	33	0.94
0.485714285714286	2	33	0.94
0.478260869565217	2	33	0.94
0.523809523809524	2	33	0.94
0.375	2	33	0.94
0.553191489361702	2	33	0.94
0.51063829787234	2	33	0.94
0.428571428571429	2	33	0.94
0.407407407407407	2	33	0.94
0.448275862068966	2	33	0.94
0.193548387096774	2	33	0.94
0.391304347826087	2	33	0.94
0.3125	2	33	0.94
0.636363636363636	2	33	0.94
0.466666666666667	2	33	0.94
0.461538461538462	2	33	0.94
0.3	3	53	0.94
0.351851851851852	3	53	0.94
0.245901639344262	3	53	0.94
0.290909090909091	3	53	0.94
0.425531914893617	3	53	0.94
0.27906976744186	3	53	0.94
0.111111111111111	3	53	0.94
0.321428571428571	3	53	0.94
0.4	3	53	0.94
0.566037735849057	3	53	0.94
0.094488188976378	3	53	0.94
0.254901960784314	3	53	0.94
0.661538461538462	3	53	0.94
0.316666666666667	3	53	0.94
0.226415094339623	3	53	0.94
0.293103448275862	3	53	0.94
0.290909090909091	3	53	0.94
0.314814814814815	3	53	0.94
0.333333333333333	3	53	0.94
0.622641509433962	3	53	0.94
0.28125	3	53	0.94
0.661016949152542	3	53	0.94
0.303571428571429	3	53	0.94
0.290909090909091	3	53	0.94
0.545454545454545	3	53	0.94
0.4	3	53	0.94
0.345454545454545	3	53	0.94
0.196078431372549	3	53	0.94
0.276595744680851	3	53	0.94
0.240740740740741	3	53	0.94
0.2	3	53	0.94
0.265625	3	53	0.94
0.425925925925926	3	53	0.94
0.254545454545455	3	53	0.94
0.578125	3	53	0.94
0.209302325581395	3	53	0.94
0.210526315789474	3	53	0.94
0.315789473684211	3	53	0.94
0.220588235294118	3	53	0.94
0.257575757575758	3	53	0.94
0.214285714285714	3	53	0.94
0.377777777777778	3	53	0.94
0.740740740740741	3	53	0.94
0.339622641509434	3	53	0.94
0.625	3	53	0.94
0.602739726027397	3	53	0.94
0.257575757575758	3	53	0.94
0.341463414634146	3	53	0.94
0.2	3	53	0.94
0.547169811320755	3	53	0.94
0.193548387096774	3	53	0.94
0.325581395348837	3	53	0.94
0.625	3	53	0.94
0.36231884057971	3	53	0.94
0.645161290322581	3	53	0.94
0.224489795918367	3	53	0.94
0.588235294117647	3	53	0.94
0.136363636363636	3	53	0.94
0.25	3	53	0.94
0.14	3	53	0.94
0.292682926829268	3	53	0.94
0.207547169811321	3	53	0.94
0.44	3	53	0.94
0.645833333333333	3	53	0.94
0.34	3	53	0.94
0.509090909090909	3	53	0.94
0.225806451612903	3	53	0.94
0.25	3	53	0.94
0.175	3	53	0.94
0.175	3	53	0.94
0.109090909090909	3	53	0.94
0.385964912280702	3	53	0.94
0.267857142857143	3	53	0.94
0.318181818181818	3	53	0.94
0.568627450980392	3	53	0.94
0.266666666666667	3	53	0.94
0.596153846153846	3	53	0.94
0.25	3	53	0.94
0.723404255319149	3	53	0.94
0.327586206896552	3	53	0.94
0.672413793103448	3	53	0.94
0.225806451612903	3	53	0.94
0.433962264150943	3	53	0.94
0.293103448275862	3	53	0.94
0.708333333333333	3	53	0.94
0.327272727272727	3	53	0.94
0.276923076923077	3	53	0.94
0.338461538461538	3	53	0.94
0.223880597014925	3	53	0.94
0.261904761904762	3	53	0.94
0.705882352941177	3	53	0.94
0.294117647058824	3	53	0.94
0.379310344827586	3	53	0.94
0.317460317460317	3	53	0.94
0.461538461538462	3	53	0.94
0.359375	3	53	0.94
0.315789473684211	3	53	0.94
0.315789473684211	3	53	0.94
0.333333333333333	3	53	0.94
0.153846153846154	3	53	0.94
0.177777777777778	3	53	0.94
0.359375	3	53	0.94
0.241379310344828	3	53	0.94
0.214285714285714	3	53	0.94
0.571428571428571	3	53	0.94
0.622222222222222	3	53	0.94
0.305555555555556	3	53	0.94
0.238805970149254	3	53	0.94
0.666666666666667	3	53	0.94
0.375	3	53	0.94
0.241379310344828	3	53	0.94
0.653846153846154	3	53	0.94
0.333333333333333	3	53	0.94
0.127659574468085	3	53	0.94
0.26984126984127	3	53	0.94
0.7	3	53	0.94
0.222222222222222	3	53	0.94
0.283333333333333	3	53	0.94
0.723404255319149	3	53	0.94
0.392156862745098	3	53	0.94
0.382978723404255	3	53	0.94
0.307692307692308	3	53	0.94
0.23728813559322	3	53	0.94
