VAF	CN	avg.depth	purity
0.333333333333333	3	27	1
0.321428571428571	3	27	1
0.421052631578947	3	27	1
0.368421052631579	3	27	1
0.193548387096774	3	27	1
0.379310344827586	3	27	1
0.454545454545455	3	27	1
0.642857142857143	3	27	1
0.423076923076923	3	27	1
0.333333333333333	3	27	1
0.233333333333333	3	27	1
0.434782608695652	3	27	1
0.421052631578947	3	27	1
0.222222222222222	3	27	1
0.285714285714286	3	27	1
0.225806451612903	3	27	1
0.44	3	27	1
0.411764705882353	3	27	1
0.25	3	27	1
0.307692307692308	3	27	1
0.533333333333333	3	27	1
0.333333333333333	3	27	1
0.342105263157895	3	27	1
0.321428571428571	3	27	1
0.375	3	27	1
0.32	3	27	1
0.5625	3	27	1
0.357142857142857	3	27	1
0.407407407407407	3	27	1
0.458333333333333	3	27	1
0.304347826086957	3	27	1
0.24390243902439	3	27	1
0.653846153846154	3	27	1
0.347826086956522	3	27	1
0.333333333333333	3	27	1
0.263157894736842	3	27	1
0.25	3	27	1
0.3	3	27	1
0.32	3	27	1
0.416666666666667	3	27	1
0.310344827586207	3	27	1
0.4375	3	27	1
0.391304347826087	3	27	1
0.379310344827586	3	27	1
0.37037037037037	3	27	1
0.263157894736842	3	27	1
0.375	3	27	1
0.4375	3	27	1
0.314285714285714	3	27	1
0.294117647058824	3	27	1
0.113636363636364	3	27	1
0.388888888888889	3	27	1
0.333333333333333	3	27	1
0.391304347826087	3	27	1
0.48	3	27	1
0.4	3	27	1
0.5	3	27	1
0.35	3	27	1
0.307692307692308	3	27	1
0.384615384615385	3	27	1
0.466666666666667	3	27	1
0.4	3	27	1
0.44	3	27	1
0.307692307692308	3	27	1
0.357142857142857	3	27	1
0.277777777777778	3	27	1
0.272727272727273	3	27	1
0.272727272727273	3	27	1
0.352941176470588	3	27	1
0.148148148148148	3	27	1
0.307692307692308	3	27	1
0.269230769230769	3	27	1
0.236842105263158	3	27	1
0.647058823529412	3	27	1
0.48	3	27	1
0.346153846153846	3	27	1
0.615384615384615	3	27	1
0.636363636363636	3	27	1
0.333333333333333	3	27	1
0.571428571428571	3	27	1
0.302325581395349	3	27	1
0.40625	3	27	1
0.35	3	27	1
0.515151515151515	3	27	1
0.285714285714286	3	27	1
0.482758620689655	3	27	1
0.15	3	27	1
0.270833333333333	3	27	1
0.428571428571429	3	27	1
0.294117647058824	3	27	1
0.290322580645161	3	27	1
0.382352941176471	3	27	1
0.375	3	27	1
0.25	3	27	1
0.5	3	27	1
0.32	3	27	1
0.307692307692308	3	27	1
0.235294117647059	3	27	1
0.375	3	27	1
0.3	3	27	1
0.4	3	27	1
0.193548387096774	3	27	1
0.289473684210526	3	27	1
0.5	3	27	1
0.28	3	27	1
0.347826086956522	3	27	1
0.421052631578947	3	27	1
0.24	3	27	1
0.291666666666667	3	27	1
0.28125	3	27	1
0.346153846153846	3	27	1
0.323529411764706	3	27	1
0.588235294117647	3	27	1
0.214285714285714	3	27	1
0.368421052631579	3	27	1
0.315789473684211	3	27	1
0.473684210526316	3	27	1
0.282051282051282	3	27	1
0.481481481481481	3	27	1
0.484848484848485	3	27	1
0.333333333333333	3	27	1
0.466666666666667	3	27	1
0.243243243243243	3	27	1
0.466666666666667	3	27	1
0.212121212121212	3	27	1
0.25	3	27	1
0.461538461538462	3	27	1
0.260869565217391	3	27	1
0.315789473684211	3	27	1
0.272727272727273	3	27	1
0.421052631578947	3	27	1
0.428571428571429	3	27	1
0.384615384615385	3	27	1
0.5	3	27	1
0.142857142857143	3	27	1
0.285714285714286	3	27	1
0.375	3	27	1
0.414634146341463	3	27	1
0.256410256410256	3	27	1
0.310344827586207	3	27	1
0.35	3	27	1
0.217391304347826	3	27	1
0.6	3	27	1
0.260869565217391	3	27	1
0.378378378378378	3	27	1
0.24	3	27	1
0.24	3	27	1
0.32	3	27	1
0.34375	3	27	1
0.290322580645161	3	27	1
0.333333333333333	3	27	1
0.333333333333333	3	27	1
0.416666666666667	3	27	1
0.275	3	27	1
0.391304347826087	3	27	1
0.424242424242424	3	27	1
0.451612903225806	3	27	1
0.363636363636364	3	27	1
0.416666666666667	3	27	1
0.333333333333333	3	27	1
0.25	3	27	1
0.391304347826087	3	27	1
0.259259259259259	3	27	1
0.266666666666667	3	27	1
0.272727272727273	3	27	1
0.413793103448276	3	27	1
0.375	3	27	1
0.266666666666667	3	27	1
0.209302325581395	3	27	1
0.166666666666667	3	27	1
0.444444444444444	3	27	1
0.238095238095238	3	27	1
0.289473684210526	3	27	1
0.407407407407407	3	27	1
0.214285714285714	3	27	1
0.515151515151515	3	27	1
0.275862068965517	3	27	1
0.609756097560976	3	27	1
0.387096774193548	3	27	1
0.647058823529412	3	27	1
0.24	3	27	1
0.241379310344828	3	27	1
0.351351351351351	3	27	1
0.533333333333333	3	27	1
0.34375	3	27	1
0.304347826086957	3	27	1
0.227272727272727	3	27	1
0.666666666666667	3	27	1
0.388888888888889	3	27	1
0.580645161290323	3	27	1
0.230769230769231	3	27	1
0.351351351351351	3	27	1
0.548387096774194	3	27	1
0.5	3	27	1
0.25	3	27	1
0.310344827586207	3	27	1
0.28	3	27	1
0.19047619047619	3	27	1
0.266666666666667	3	27	1
0.4	3	27	1
0.451612903225806	3	27	1
0.428571428571429	3	27	1
0.3125	3	27	1
0.466666666666667	3	27	1
0.3125	3	27	1
0.4	3	27	1
0.25	3	27	1
0.194444444444444	3	27	1
0.368421052631579	3	27	1
0.25	3	27	1
0.266666666666667	3	27	1
0.45	3	27	1
0.321428571428571	3	27	1
0.447368421052632	3	27	1
0.416666666666667	3	27	1
0.242424242424242	3	27	1
0.363636363636364	3	27	1
0.428571428571429	3	27	1
0.230769230769231	3	27	1
0.545454545454545	4	36	1
0.545454545454545	4	36	1
0.105263157894737	4	36	1
0.1875	4	36	1
0.333333333333333	4	36	1
0.411764705882353	4	36	1
0.28	4	36	1
0.315789473684211	4	36	1
0.161290322580645	4	36	1
0.368421052631579	4	36	1
0.214285714285714	4	36	1
0.166666666666667	4	36	1
0.444444444444444	4	36	1
0.166666666666667	4	36	1
0.166666666666667	4	36	1
0.441176470588235	4	36	1
0.209302325581395	4	36	1
0.238095238095238	4	36	1
0.1875	4	36	1
0.405405405405405	4	36	1
0.166666666666667	4	36	1
0.195121951219512	4	36	1
0.212121212121212	4	36	1
0.256410256410256	4	36	1
0.236842105263158	4	36	1
0.222222222222222	4	36	1
0.323529411764706	4	36	1
0.157894736842105	4	36	1
0.303030303030303	4	36	1
0.292682926829268	4	36	1
0.234042553191489	4	36	1
0.612903225806452	4	36	1
0.32258064516129	4	36	1
0.242424242424242	4	36	1
0.222222222222222	4	36	1
0.230769230769231	4	36	1
0.363636363636364	4	36	1
0.5	4	36	1
0.227272727272727	4	36	1
0.40625	4	36	1
0.325	4	36	1
0.310344827586207	4	36	1
0.321428571428571	4	36	1
0.512820512820513	4	36	1
0.25	4	36	1
0.577777777777778	4	36	1
0.257142857142857	4	36	1
0.136363636363636	4	36	1
0.285714285714286	4	36	1
0.235294117647059	4	36	1
0.236842105263158	4	36	1
0.55	4	36	1
0.175	4	36	1
0.28	4	36	1
0.242424242424242	4	36	1
0.34375	4	36	1
0.2	4	36	1
0.25	4	36	1
0.258064516129032	4	36	1
0.302325581395349	4	36	1
0.205882352941176	4	36	1
0.222222222222222	4	36	1
0.276595744680851	4	36	1
0.344827586206897	4	36	1
0.318181818181818	4	36	1
0.578947368421053	4	36	1
0.269230769230769	4	36	1
0.228571428571429	4	36	1
0.166666666666667	4	36	1
0.259259259259259	4	36	1
0.25	4	36	1
0.282608695652174	4	36	1
0.21875	4	36	1
0.24	4	36	1
0.193548387096774	4	36	1
0.219512195121951	4	36	1
0.234042553191489	4	36	1
0.238095238095238	4	36	1
0.235294117647059	4	36	1
0.302325581395349	4	36	1
0.162162162162162	4	36	1
0.302325581395349	4	36	1
0.153846153846154	4	36	1
0.3125	4	36	1
0.214285714285714	4	36	1
0.511111111111111	4	36	1
0.32258064516129	4	36	1
0.357142857142857	4	36	1
0.244897959183673	4	36	1
0.2	4	36	1
0.225	4	36	1
0.318181818181818	4	36	1
0.32	4	36	1
0.24	4	36	1
0.230769230769231	4	36	1
0.282051282051282	4	36	1
0.263157894736842	4	36	1
0.21875	4	36	1
0.297872340425532	4	36	1
0.461538461538462	4	36	1
0.228571428571429	4	36	1
0.268292682926829	4	36	1
0.333333333333333	4	36	1
0.171428571428571	4	36	1
0.32258064516129	4	36	1
0.263157894736842	4	36	1
0.545454545454545	4	36	1
1	4	36	1
0.857142857142857	4	36	1
0.189189189189189	4	36	1
0.238095238095238	4	36	1
0.21875	4	36	1
0.333333333333333	4	36	1
0.157894736842105	4	36	1
0.422222222222222	4	36	1
0.290322580645161	4	36	1
0.166666666666667	4	36	1
0.181818181818182	4	36	1
0.28125	4	36	1
0.212121212121212	4	36	1
0.3	4	36	1
0.25	4	36	1
0.296296296296296	4	36	1
0.375	4	36	1
0.261904761904762	4	36	1
0.288888888888889	4	36	1
0.227272727272727	4	36	1
0.263157894736842	4	36	1
0.448275862068966	4	36	1
0.189189189189189	4	36	1
0.310344827586207	4	36	1
0.222222222222222	4	36	1
0.32	4	36	1
0.25	4	36	1
0.206896551724138	4	36	1
0.288461538461538	4	36	1
0.5	4	36	1
0.230769230769231	4	36	1
0.444444444444444	4	36	1
0.193548387096774	4	36	1
0.162162162162162	4	36	1
0.333333333333333	4	36	1
0.14	4	36	1
0.137254901960784	4	36	1
0.473684210526316	4	36	1
0.177777777777778	4	36	1
0.25	4	36	1
0.189189189189189	4	36	1
0.233333333333333	4	36	1
0.212121212121212	4	36	1
0.256410256410256	4	36	1
0.333333333333333	4	36	1
0.210526315789474	4	36	1
0.371428571428571	4	36	1
0.348837209302326	4	36	1
0.153846153846154	4	36	1
0.411764705882353	4	36	1
0.244897959183673	4	36	1
0.541666666666667	4	36	1
0.217391304347826	4	36	1
0.2	4	36	1
0.179487179487179	4	36	1
0.472222222222222	4	36	1
0.457142857142857	4	36	1
0.295454545454545	4	36	1
0.208333333333333	4	36	1
0.304347826086957	4	36	1
0.314285714285714	4	36	1
0.236842105263158	4	36	1
0.416666666666667	4	36	1
0.225806451612903	4	36	1
0.307692307692308	4	36	1
0.21875	4	36	1
0.186046511627907	4	36	1
0.166666666666667	4	36	1
0.313725490196078	4	36	1
0.488888888888889	4	36	1
0.2	4	36	1
0.225	4	36	1
0.225	4	36	1
0.176470588235294	4	36	1
0.227272727272727	4	36	1
0.289473684210526	4	36	1
0.25	4	36	1
0.257142857142857	4	36	1
0.269230769230769	4	36	1
0.208333333333333	4	36	1
0.119047619047619	4	36	1
0.351351351351351	4	36	1
0.243243243243243	4	36	1
0.222222222222222	4	36	1
0.55	4	36	1
0.2	4	36	1
0.153846153846154	4	36	1
0.152173913043478	4	36	1
0.2	4	36	1
0.275	4	36	1
0.25	4	36	1
0.25	4	36	1
0.205882352941176	4	36	1
0.32258064516129	4	36	1
0.28125	4	36	1
0.409090909090909	4	36	1
0.315789473684211	4	36	1
0.27027027027027	4	36	1
0.170731707317073	4	36	1
0.19047619047619	4	36	1
0.268292682926829	4	36	1
0.444444444444444	4	36	1
0.258064516129032	4	36	1
0.384615384615385	4	36	1
0.307692307692308	4	36	1
0.24	4	36	1
0.641025641025641	4	36	1
0.458333333333333	4	36	1
0.321428571428571	4	36	1
0.135135135135135	4	36	1
0.25	4	36	1
0.25	4	36	1
0.205882352941176	4	36	1
0.25	4	36	1
0.166666666666667	4	36	1
0.214285714285714	4	36	1
0.128205128205128	4	36	1
0.176470588235294	4	36	1
0.162162162162162	4	36	1
0.307692307692308	4	36	1
0.111111111111111	4	36	1
0.166666666666667	4	36	1
0.40625	4	36	1
0.433333333333333	4	36	1
0.212121212121212	4	36	1
0.469387755102041	4	36	1
0.363636363636364	4	36	1
0.238095238095238	4	36	1
0.2	4	36	1
0.27906976744186	4	36	1
0.416666666666667	4	36	1
0.204545454545455	4	36	1
0.4375	4	36	1
0.294117647058824	4	36	1
0.235294117647059	4	36	1
0.230769230769231	4	36	1
0.295454545454545	4	36	1
0.255813953488372	4	36	1
0.163636363636364	4	36	1
0.195121951219512	4	36	1
0.193548387096774	4	36	1
0.363636363636364	4	36	1
0.242424242424242	4	36	1
0.193548387096774	4	36	1
0.230769230769231	4	36	1
0.173913043478261	4	36	1
0.146341463414634	4	36	1
0.288888888888889	4	36	1
0.257142857142857	4	36	1
0.184210526315789	4	36	1
0.153846153846154	4	36	1
0.244897959183673	4	36	1
0.153846153846154	4	36	1
0.263157894736842	4	36	1
0.317073170731707	4	36	1
0.244897959183673	4	36	1
0.179487179487179	4	36	1
0.264705882352941	4	36	1
0.145833333333333	4	36	1
0.571428571428571	4	36	1
0.181818181818182	4	36	1
0.295454545454545	4	36	1
0.184210526315789	4	36	1
0.227272727272727	4	36	1
0.25	4	36	1
0.255813953488372	4	36	1
0.269230769230769	4	36	1
0.157894736842105	4	36	1
0.256410256410256	4	36	1
0.409090909090909	4	36	1
0.216216216216216	4	36	1
0.25	4	36	1
0.27906976744186	4	36	1
0.24390243902439	4	36	1
0.227272727272727	4	36	1
0.285714285714286	4	36	1
0.230769230769231	4	36	1
0.242424242424242	4	36	1
0.15	4	36	1
0.25	4	36	1
0.333333333333333	4	36	1
0.423076923076923	4	36	1
0.21875	4	36	1
0.25	4	36	1
0.35	4	36	1
0.133333333333333	4	36	1
0.258064516129032	4	36	1
0.2	4	36	1
0.235294117647059	4	36	1
0.186046511627907	4	36	1
0.478260869565217	4	36	1
0.481481481481481	4	36	1
0.265625	4	36	1
0.382352941176471	4	36	1
0.46	4	36	1
0.239130434782609	4	36	1
0.212121212121212	4	36	1
0.314814814814815	4	36	1
0.333333333333333	4	36	1
0.32258064516129	4	36	1
0.146341463414634	4	36	1
0.13953488372093	4	36	1
0.136363636363636	4	36	1
0.347826086956522	4	36	1
0.228571428571429	4	36	1
0.344827586206897	4	36	1
0.264705882352941	4	36	1
0.288461538461538	4	36	1
0.25	4	36	1
0.512820512820513	4	36	1
0.5	4	36	1
0.5	4	36	1
0.242424242424242	4	36	1
0.181818181818182	4	36	1
0.222222222222222	4	36	1
0.159090909090909	4	36	1
0.275862068965517	4	36	1
0.238095238095238	4	36	1
0.289473684210526	4	36	1
0.214285714285714	4	36	1
0.147058823529412	4	36	1
0.25	4	36	1
0.578947368421053	4	36	1
0.166666666666667	4	36	1
0.236842105263158	4	36	1
0.302325581395349	4	36	1
0.272727272727273	4	36	1
0.25	4	36	1
0.454545454545455	4	36	1
0.1875	4	36	1
0.233333333333333	4	36	1
0.138888888888889	4	36	1
0.176470588235294	4	36	1
0.307692307692308	4	36	1
0.2	4	36	1
0.162790697674419	4	36	1
0.205128205128205	4	36	1
0.142857142857143	4	36	1
0.193548387096774	4	36	1
0.162162162162162	4	36	1
0.272727272727273	4	36	1
0.106382978723404	4	36	1
0.242424242424242	4	36	1
0.32	4	36	1
0.3	4	36	1
0.261904761904762	4	36	1
0.204545454545455	4	36	1
0.333333333333333	4	36	1
0.192307692307692	4	36	1
0.470588235294118	4	36	1
0.294117647058824	4	36	1
0.303030303030303	4	36	1
0.25531914893617	4	36	1
0.208333333333333	4	36	1
0.184210526315789	4	36	1
0.25	4	36	1
0.25	4	36	1
0.263157894736842	4	36	1
0.203125	4	36	1
0.160714285714286	4	36	1
0.166666666666667	4	36	1
0.230769230769231	4	36	1
0.228571428571429	4	36	1
0.145833333333333	4	36	1
0.166666666666667	4	36	1
0.210526315789474	4	36	1
0.222222222222222	4	36	1
0.291666666666667	4	36	1
0.260869565217391	4	36	1
0.244897959183673	4	36	1
0.4	4	36	1
0.214285714285714	4	36	1
0.303030303030303	4	36	1
0.258064516129032	4	36	1
0.25	4	36	1
0.276595744680851	4	36	1
0.259259259259259	4	36	1
0.307692307692308	4	36	1
0.27906976744186	4	36	1
0.264150943396226	4	36	1
0.26530612244898	4	36	1
0.132075471698113	4	36	1
0.444444444444444	4	36	1
0.240740740740741	4	36	1
0.230769230769231	4	36	1
0.477272727272727	4	36	1
0.65625	4	36	1
0.13953488372093	4	36	1
0.358974358974359	4	36	1
0.272727272727273	4	36	1
0.238095238095238	4	36	1
0.238095238095238	4	36	1
0.2	4	36	1
0.217391304347826	4	36	1
0.266666666666667	4	36	1
0.208333333333333	4	36	1
0.155555555555556	4	36	1
0.518518518518518	4	36	1
0.235294117647059	4	36	1
0.40625	4	36	1
0.25	4	36	1
0.226415094339623	4	36	1
0.3125	4	36	1
0.166666666666667	4	36	1
0.208333333333333	4	36	1
0.136363636363636	4	36	1
0.357142857142857	4	36	1
0.228571428571429	4	36	1
0.342857142857143	4	36	1
0.128205128205128	4	36	1
0.136363636363636	4	36	1
0.142857142857143	4	36	1
0.256410256410256	4	36	1
0.242424242424242	4	36	1
0.24390243902439	4	36	1
0.222222222222222	4	36	1
0.219512195121951	4	36	1
0.166666666666667	4	36	1
0.2	4	36	1
0.490196078431373	4	36	1
0.25	4	36	1
0.208333333333333	4	36	1
0.243243243243243	4	36	1
0.24	4	36	1
0.236363636363636	4	36	1
0.25	4	36	1
0.162162162162162	4	36	1
0.226415094339623	4	36	1
0.225806451612903	4	36	1
0.272727272727273	4	36	1
0.206896551724138	4	36	1
0.375	4	36	1
0.15625	4	36	1
0.2	4	36	1
0.545454545454545	4	36	1
0.24	4	36	1
0.316666666666667	4	36	1
0.195652173913043	4	36	1
0.177777777777778	4	36	1
0.3	4	36	1
0.355555555555556	4	36	1
0.232558139534884	4	36	1
0.210526315789474	4	36	1
0.268292682926829	4	36	1
0.26530612244898	4	36	1
0.28	4	36	1
0.285714285714286	4	36	1
0.212121212121212	4	36	1
0.25	4	36	1
0.25	4	36	1
0.32258064516129	4	36	1
0.333333333333333	4	36	1
0.153846153846154	4	36	1
0.25	4	36	1
0.216216216216216	4	36	1
0.314285714285714	4	36	1
0.277777777777778	4	36	1
0.291666666666667	4	36	1
0.24390243902439	4	36	1
0.361702127659574	4	36	1
0.269230769230769	4	36	1
0.209302325581395	4	36	1
0.153846153846154	4	36	1
0.159090909090909	4	36	1
0.4	4	36	1
0.296296296296296	4	36	1
0.15	4	36	1
0.285714285714286	4	36	1
0.285714285714286	4	36	1
0.666666666666667	4	36	1
0.227272727272727	4	36	1
0.75	4	36	1
0.75	4	36	1
0.263157894736842	4	36	1
0.454545454545455	4	36	1
0.282608695652174	4	36	1
0.179487179487179	4	36	1
0.245283018867925	4	36	1
0.30952380952381	4	36	1
0.256410256410256	4	36	1
0.178571428571429	4	36	1
0.431372549019608	4	36	1
0.2	4	36	1
0.481481481481481	4	36	1
0.324324324324324	4	36	1
0.263157894736842	4	36	1
0.379310344827586	4	36	1
0.540540540540541	4	36	1
0.179487179487179	4	36	1
0.2	4	36	1
0.461538461538462	4	36	1
0.266666666666667	4	36	1
0.393939393939394	4	36	1
0.171428571428571	4	36	1
0.228571428571429	4	36	1
0.235294117647059	4	36	1
0.594594594594595	4	36	1
0.58	4	36	1
0.228571428571429	4	36	1
0.177777777777778	4	36	1
0.25	4	36	1
0.211538461538462	4	36	1
0.233333333333333	4	36	1
0.5	4	36	1
0.25531914893617	4	36	1
0.4	4	36	1
0.263157894736842	4	36	1
0.25	4	36	1
0.283018867924528	4	36	1
0.414634146341463	4	36	1
0.25531914893617	4	36	1
0.527777777777778	4	36	1
0.242424242424242	4	36	1
0.277777777777778	4	36	1
0.189189189189189	4	36	1
0.285714285714286	4	36	1
0.222222222222222	4	36	1
0.3	4	36	1
0.4	4	36	1
0.517241379310345	4	36	1
0.266666666666667	4	36	1
0.333333333333333	4	36	1
0.227272727272727	4	36	1
0.222222222222222	4	36	1
0.586206896551724	4	36	1
0.305555555555556	4	36	1
0.315789473684211	4	36	1
0.181818181818182	4	36	1
0.163265306122449	4	36	1
0.210526315789474	4	36	1
0.35	4	36	1
0.333333333333333	4	36	1
0.333333333333333	4	36	1
0.230769230769231	4	36	1
0.184210526315789	4	36	1
0.263157894736842	4	36	1
0.25	4	36	1
0.233333333333333	4	36	1
0.274509803921569	4	36	1
0.454545454545455	4	36	1
0.189189189189189	4	36	1
0.442307692307692	4	36	1
0.25	4	36	1
0.214285714285714	4	36	1
0.631578947368421	4	36	1
0.613636363636364	4	36	1
0.5	4	36	1
0.552631578947368	4	36	1
0.388888888888889	4	36	1
0.266666666666667	4	36	1
0.292682926829268	4	36	1
0.3	4	36	1
0.244444444444444	4	36	1
0.512820512820513	4	36	1
0.24	4	36	1
0.192307692307692	4	36	1
0.142857142857143	4	36	1
0.232558139534884	4	36	1
0.256410256410256	4	36	1
0.346153846153846	4	36	1
0.222222222222222	4	36	1
0.303030303030303	4	36	1
0.111111111111111	4	36	1
0.392156862745098	4	36	1
0.26	4	36	1
0.193548387096774	4	36	1
0.160714285714286	4	36	1
0.34375	4	36	1
0.176470588235294	4	36	1
0.347826086956522	4	36	1
0.24	4	36	1
0.241379310344828	4	36	1
0.25	4	36	1
0.241379310344828	4	36	1
0.27906976744186	4	36	1
0.175	4	36	1
0.282051282051282	4	36	1
0.234042553191489	4	36	1
0.266666666666667	4	36	1
0.142857142857143	4	36	1
0.461538461538462	4	36	1
0.230769230769231	4	36	1
0.15625	4	36	1
0.204081632653061	4	36	1
0.2	4	36	1
0.3125	4	36	1
0.242424242424242	4	36	1
0.21875	4	36	1
0.2	4	36	1
0.297297297297297	4	36	1
0.238095238095238	4	36	1
0.375	4	36	1
0.352941176470588	4	36	1
0.189655172413793	4	36	1
0.166666666666667	4	36	1
0.571428571428571	4	36	1
0.214285714285714	4	36	1
0.193548387096774	4	36	1
0.24390243902439	4	36	1
0.363636363636364	4	36	1
0.150943396226415	4	36	1
0.205128205128205	4	36	1
0.222222222222222	4	36	1
0.258064516129032	4	36	1
0.225806451612903	4	36	1
0.484848484848485	4	36	1
0.304347826086957	4	36	1
0.153846153846154	4	36	1
0.35	4	36	1
0.138888888888889	4	36	1
0.3125	4	36	1
0.214285714285714	4	36	1
0.162790697674419	4	36	1
0.320754716981132	4	36	1
0.13953488372093	4	36	1
0.276595744680851	4	36	1
0.189189189189189	4	36	1
0.27906976744186	4	36	1
0.156862745098039	4	36	1
0.461538461538462	4	36	1
0.210526315789474	4	36	1
0.145833333333333	4	36	1
0.229166666666667	4	36	1
0.266666666666667	4	36	1
0.219512195121951	4	36	1
0.272727272727273	4	36	1
0.388888888888889	4	36	1
0.260869565217391	4	36	1
0.333333333333333	4	36	1
0.243243243243243	4	36	1
0.48780487804878	4	36	1
0.157894736842105	4	36	1
0.257142857142857	4	36	1
0.254901960784314	4	36	1
0.333333333333333	4	36	1
0.243243243243243	4	36	1
0.361111111111111	4	36	1
0.303030303030303	4	36	1
0.195652173913043	4	36	1
0.176470588235294	4	36	1
0.184210526315789	4	36	1
0.294117647058824	4	36	1
0.333333333333333	4	36	1
0.166666666666667	4	36	1
0.24	4	36	1
0.1875	4	36	1
0.282051282051282	4	36	1
0.175	4	36	1
0.241935483870968	4	36	1
0.25	4	36	1
0.225806451612903	4	36	1
0.166666666666667	4	36	1
0.180327868852459	4	36	1
0.372093023255814	4	36	1
0.147058823529412	4	36	1
0.3125	4	36	1
0.266666666666667	4	36	1
0.159090909090909	4	36	1
0.32258064516129	4	36	1
0.173076923076923	4	36	1
0.225	4	36	1
0.272727272727273	4	36	1
0.179487179487179	4	36	1
0.515151515151515	4	36	1
0.285714285714286	4	36	1
0.155555555555556	4	36	1
0.21875	4	36	1
0.21875	4	36	1
0.25	4	36	1
0.176470588235294	4	36	1
0.166666666666667	4	36	1
0.357142857142857	4	36	1
0.304347826086957	4	36	1
0.5	4	36	1
0.3	4	36	1
0.166666666666667	4	36	1
0.444444444444444	4	36	1
0.222222222222222	4	36	1
0.230769230769231	4	36	1
0.242424242424242	4	36	1
0.230769230769231	4	36	1
0.5	4	36	1
0.307692307692308	4	36	1
0.326530612244898	4	36	1
0.229166666666667	4	36	1
0.212765957446809	4	36	1
0.347826086956522	4	36	1
0.135135135135135	4	36	1
0.294117647058824	4	36	1
0.32	4	36	1
0.357142857142857	4	36	1
0.363636363636364	4	36	1
0.3125	4	36	1
0.13953488372093	4	36	1
0.210526315789474	4	36	1
0.1875	4	36	1
0.289473684210526	4	36	1
0.238095238095238	4	36	1
0.346153846153846	4	36	1
0.380952380952381	4	36	1
0.25	4	36	1
0.242424242424242	4	36	1
0.135135135135135	4	36	1
0.24	4	36	1
0.146341463414634	4	36	1
0.128205128205128	4	36	1
0.229508196721311	4	36	1
0.130434782608696	4	36	1
0.175	4	36	1
0.153846153846154	4	36	1
0.535714285714286	4	36	1
0.62962962962963	4	36	1
0.236842105263158	4	36	1
0.21875	4	36	1
0.218181818181818	4	36	1
0.285714285714286	4	36	1
0.347826086956522	4	36	1
0.34375	4	36	1
0.5	4	36	1
0.382352941176471	4	36	1
0.214285714285714	4	36	1
0.282051282051282	4	36	1
0.2	4	36	1
0.111111111111111	4	36	1
0.296296296296296	4	36	1
0.255813953488372	4	36	1
0.261904761904762	4	36	1
0.25	4	36	1
0.263157894736842	4	36	1
0.222222222222222	4	36	1
0.5	4	36	1
0.241379310344828	4	36	1
0.25	4	36	1
0.3	4	36	1
0.295454545454545	4	36	1
0.44	4	36	1
0.19047619047619	4	36	1
0.285714285714286	4	36	1
0.176470588235294	4	36	1
0.235294117647059	4	36	1
0.625	4	36	1
0.358974358974359	4	36	1
0.261904761904762	4	36	1
0.285714285714286	4	36	1
0.19047619047619	4	36	1
0.466666666666667	4	36	1
0.275	4	36	1
0.25	4	36	1
0.3	4	36	1
0.210526315789474	4	36	1
0.460526315789474	4	36	1
0.466666666666667	4	36	1
0.391304347826087	4	36	1
0.258064516129032	4	36	1
0.303030303030303	4	36	1
0.205128205128205	4	36	1
0.59375	4	36	1
0.194444444444444	4	36	1
0.206896551724138	4	36	1
0.478260869565217	4	36	1
0.117647058823529	4	36	1
0.333333333333333	4	36	1
0.45	4	36	1
0.291666666666667	4	36	1
0.35	4	36	1
0.476190476190476	4	36	1
0.259259259259259	4	36	1
0.259259259259259	4	36	1
0.509803921568627	4	36	1
0.260869565217391	4	36	1
0.181818181818182	4	36	1
0.216216216216216	4	36	1
0.333333333333333	4	36	1
0.5	4	36	1
0.296296296296296	4	36	1
0.276595744680851	4	36	1
0.235294117647059	4	36	1
0.214285714285714	4	36	1
0.307692307692308	4	36	1
0.25	4	36	1
0.21875	4	36	1
0.285714285714286	4	36	1
0.25	4	36	1
0.21875	4	36	1
0.527777777777778	4	36	1
0.368421052631579	4	36	1
0.169811320754717	4	36	1
0.163636363636364	4	36	1
0.5	4	36	1
0.321428571428571	4	36	1
0.24390243902439	4	36	1
0.392857142857143	4	36	1
0.147058823529412	4	36	1
0.225806451612903	4	36	1
0.722222222222222	4	36	1
0.24	4	36	1
0.206896551724138	4	36	1
0.157894736842105	4	36	1
0.117647058823529	4	36	1
0.206896551724138	4	36	1
0.178571428571429	4	36	1
0.6	4	36	1
0.352941176470588	4	36	1
0.262295081967213	4	36	1
0.310344827586207	4	36	1
0.241379310344828	4	36	1
0.32	4	36	1
0.205128205128205	4	36	1
0.24390243902439	4	36	1
0.25	4	36	1
0.642857142857143	4	36	1
0.1875	4	36	1
0.1875	4	36	1
0.147058823529412	4	36	1
