VAF	CN	avg.depth	purity
0.555555555555556	2	16	1
0.333333333333333	2	16	1
0.538461538461538	2	16	1
0.35	2	16	1
0.6	2	16	1
0.5	2	16	1
0.5	2	16	1
0.384615384615385	2	16	1
0.7	2	16	1
0.517241379310345	2	16	1
0.625	2	16	1
0.45	2	16	1
0.526315789473684	2	16	1
0.323529411764706	3	23	1
0.181818181818182	3	23	1
0.333333333333333	3	23	1
0.423076923076923	3	23	1
0.307692307692308	3	23	1
0.37037037037037	3	23	1
0.4	3	23	1
0.727272727272727	3	23	1
0.173913043478261	3	23	1
0.225806451612903	3	23	1
0.529411764705882	3	23	1
0.529411764705882	3	23	1
0.176470588235294	3	23	1
0.5	3	23	1
0.12	3	23	1
0.208333333333333	3	23	1
0.12	3	23	1
0.25	3	23	1
0.333333333333333	3	23	1
0.529411764705882	3	23	1
0.148936170212766	4	33	1
0.296296296296296	4	33	1
0.5	4	33	1
0.195652173913043	4	33	1
0.307692307692308	4	33	1
0.268292682926829	4	33	1
0.347826086956522	4	33	1
0.2	4	33	1
0.193548387096774	4	33	1
0.333333333333333	4	33	1
0.264705882352941	4	33	1
0.129032258064516	4	33	1
0.09375	4	33	1
0.4	4	33	1
0.186046511627907	4	33	1
0.133333333333333	4	33	1
0.361702127659574	4	33	1
0.181818181818182	4	33	1
0.1875	4	33	1
0.277777777777778	4	33	1
0.228571428571429	4	33	1
0.205882352941176	4	33	1
0.282051282051282	4	33	1
0.162162162162162	4	33	1
0.222222222222222	4	33	1
0.363636363636364	4	33	1
0.189189189189189	4	33	1
0.115384615384615	4	33	1
0.277777777777778	4	33	1
0.235294117647059	4	33	1
0.208333333333333	4	33	1
0.254901960784314	4	33	1
0.35	4	33	1
0.21875	4	33	1
0.242424242424242	4	33	1
0.25	4	33	1
0.4	4	33	1
0.1875	4	33	1
0.192307692307692	4	33	1
0.3	4	33	1
0.12	4	33	1
0.181818181818182	4	33	1
0.210526315789474	4	33	1
0.277777777777778	4	33	1
0.162162162162162	4	33	1
0.303030303030303	4	33	1
0.171428571428571	4	33	1
0.269230769230769	4	33	1
0.258064516129032	4	33	1
0.206896551724138	4	33	1
0.148148148148148	4	33	1
0.35	4	33	1
0.176470588235294	4	33	1
0.304347826086957	4	33	1
0.4	4	33	1
0.15625	4	33	1
0.225	4	33	1
0.206896551724138	4	33	1
0.121212121212121	4	33	1
0.137931034482759	4	33	1
0.354838709677419	4	33	1
0.428571428571429	4	33	1
0.666666666666667	4	33	1
0.727272727272727	4	33	1
0.236842105263158	4	33	1
0.30952380952381	4	33	1
0.227272727272727	4	33	1
0.103448275862069	4	33	1
0.259259259259259	4	33	1
0.275862068965517	4	33	1
0.324324324324324	4	33	1
0.34375	4	33	1
0.233333333333333	4	33	1
0.317073170731707	4	33	1
0.15625	4	33	1
0.241379310344828	4	33	1
0.3	4	33	1
0.1	4	33	1
0.285714285714286	4	33	1
0.225806451612903	4	33	1
0.321428571428571	4	33	1
0.297872340425532	4	33	1
0.333333333333333	4	33	1
0.266666666666667	4	33	1
0.135135135135135	4	33	1
0.228571428571429	4	33	1
0.275862068965517	4	33	1
0.416666666666667	4	33	1
0.15625	4	33	1
0.193548387096774	4	33	1
0.194444444444444	4	33	1
0.2	4	33	1
0.1875	4	33	1
0.25	4	33	1
0.113636363636364	4	33	1
0.212121212121212	4	33	1
0.296296296296296	4	33	1
0.35	4	33	1
0.121212121212121	4	33	1
0.214285714285714	4	33	1
0.323529411764706	4	33	1
0.171428571428571	4	33	1
0.25	4	33	1
0.34375	4	33	1
0.2	4	33	1
0.15	4	33	1
0.217391304347826	4	33	1
0.25	4	33	1
0.379310344827586	4	33	1
0.424242424242424	4	33	1
0.148148148148148	4	33	1
0.28125	4	33	1
0.636363636363636	4	33	1
0.636363636363636	4	33	1
0.147058823529412	4	33	1
0.225	4	33	1
0.25	4	33	1
0.15625	4	33	1
0.307692307692308	4	33	1
0.129032258064516	4	33	1
0.205882352941176	4	33	1
0.209302325581395	4	33	1
0.181818181818182	4	33	1
0.272727272727273	4	33	1
0.325	4	33	1
0.285714285714286	4	33	1
0.422222222222222	4	33	1
0.2	4	33	1
0.242424242424242	4	33	1
0.2	4	33	1
0.222222222222222	4	33	1
0.210526315789474	4	33	1
0.25	4	33	1
0.2	4	33	1
0.225	4	33	1
0.541666666666667	4	33	1
0.318181818181818	4	33	1
0.2	4	33	1
0.194444444444444	4	33	1
0.266666666666667	4	33	1
0.432432432432432	4	33	1
0.189189189189189	4	33	1
0.344827586206897	4	33	1
0.3	4	33	1
0.28	4	33	1
0.275862068965517	4	33	1
0.142857142857143	4	33	1
0.222222222222222	4	33	1
0.181818181818182	4	33	1
0.147058823529412	4	33	1
0.210526315789474	4	33	1
0.285714285714286	4	33	1
0.266666666666667	4	33	1
0.615384615384615	4	33	1
0.32258064516129	4	33	1
0.266666666666667	4	33	1
0.170212765957447	4	33	1
0.30952380952381	4	33	1
0.205882352941176	4	33	1
0.222222222222222	4	33	1
0.25	4	33	1
0.137931034482759	4	33	1
0.275862068965517	4	33	1
0.257142857142857	4	33	1
0.222222222222222	4	33	1
0.28	4	33	1
0.216216216216216	4	33	1
0.243243243243243	4	33	1
0.448275862068966	4	33	1
0.258064516129032	4	33	1
0.357142857142857	4	33	1
0.28125	4	33	1
0.125	4	33	1
0.41025641025641	4	33	1
0.366666666666667	4	33	1
0.155555555555556	4	33	1
0.271186440677966	4	33	1
0.171428571428571	4	33	1
0.214285714285714	4	33	1
0.205882352941176	4	33	1
0.170731707317073	4	33	1
0.244897959183673	4	33	1
0.342105263157895	4	33	1
0.147058823529412	4	33	1
0.32	4	33	1
0.238095238095238	4	33	1
0.125	4	33	1
0.318181818181818	4	33	1
0.216216216216216	4	33	1
0.193548387096774	4	33	1
0.171428571428571	4	33	1
0.25	4	33	1
0.243243243243243	4	33	1
0.148148148148148	4	33	1
0.228571428571429	4	33	1
0.290322580645161	4	33	1
0.241379310344828	4	33	1
0.24390243902439	4	33	1
0.28	4	33	1
0.142857142857143	4	33	1
0.333333333333333	4	33	1
0.235294117647059	4	33	1
0.133333333333333	4	33	1
0.25	4	33	1
0.342857142857143	4	33	1
0.142857142857143	4	33	1
0.178571428571429	4	33	1
0.243243243243243	4	33	1
0.210526315789474	4	33	1
0.146341463414634	4	33	1
0.209302325581395	4	33	1
0.3	4	33	1
0.166666666666667	4	33	1
0.176470588235294	4	33	1
0.194444444444444	4	33	1
0.244897959183673	4	33	1
0.157894736842105	4	33	1
0.34375	4	33	1
0.195121951219512	4	33	1
0.375	4	33	1
0.2	4	33	1
0.189189189189189	4	33	1
0.333333333333333	4	33	1
0.303030303030303	4	33	1
0.195652173913043	4	33	1
0.185185185185185	4	33	1
0.148936170212766	4	33	1
0.170212765957447	4	33	1
0.153846153846154	4	33	1
0.277777777777778	4	33	1
0.2	4	33	1
0.19047619047619	4	33	1
0.321428571428571	4	33	1
0.153846153846154	4	33	1
0.128205128205128	4	33	1
0.205882352941176	4	33	1
0.321428571428571	4	33	1
0.26530612244898	4	33	1
0.228571428571429	4	33	1
0.274509803921569	4	33	1
0.2	4	33	1
0.285714285714286	4	33	1
0.224489795918367	4	33	1
0.210526315789474	4	33	1
0.266666666666667	4	33	1
0.333333333333333	4	33	1
0.1875	4	33	1
0.243243243243243	4	33	1
0.27906976744186	4	33	1
0.162162162162162	4	33	1
0.333333333333333	4	33	1
0.361111111111111	4	33	1
0.344827586206897	4	33	1
0.210526315789474	4	33	1
0.205882352941176	4	33	1
0.368421052631579	4	33	1
0.363636363636364	4	33	1
0.25	4	33	1
0.425	4	33	1
0.296296296296296	4	33	1
0.222222222222222	4	33	1
0.235294117647059	4	33	1
0.175	4	33	1
0.137931034482759	4	33	1
0.30952380952381	4	33	1
0.210526315789474	4	33	1
0.236842105263158	4	33	1
0.28125	4	33	1
0.192307692307692	4	33	1
0.21875	4	33	1
0.27906976744186	4	33	1
0.230769230769231	4	33	1
0.32258064516129	4	33	1
0.172413793103448	4	33	1
0.25	4	33	1
0.333333333333333	4	33	1
0.233333333333333	4	33	1
0.172413793103448	4	33	1
0.275862068965517	4	33	1
0.0983606557377049	4	33	1
0.272727272727273	4	33	1
0.235294117647059	4	33	1
0.1875	4	33	1
0.19047619047619	4	33	1
0.193548387096774	4	33	1
0.189189189189189	4	33	1
0.257142857142857	4	33	1
0.344827586206897	4	33	1
0.189189189189189	4	33	1
0.478260869565217	4	33	1
0.170731707317073	4	33	1
0.205128205128205	4	33	1
0.243243243243243	4	33	1
0.303030303030303	4	33	1
0.151515151515152	4	33	1
0.3	4	33	1
0.3125	4	33	1
0.195121951219512	4	33	1
0.4	4	33	1
0.153846153846154	4	33	1
0.260869565217391	4	33	1
0.259259259259259	4	33	1
0.178571428571429	4	33	1
0.176470588235294	4	33	1
0.35	4	33	1
0.25	4	33	1
0.185185185185185	4	33	1
0.289473684210526	4	33	1
0.296296296296296	4	33	1
0.210526315789474	4	33	1
0.352941176470588	4	33	1
0.111111111111111	4	33	1
0.2	4	33	1
0.142857142857143	4	33	1
0.296296296296296	4	33	1
0.310344827586207	4	33	1
0.21875	4	33	1
0.185185185185185	4	33	1
0.24	4	33	1
0.230769230769231	4	33	1
0.181818181818182	4	33	1
0.181818181818182	4	33	1
0.0714285714285714	4	33	1
0.305555555555556	4	33	1
0.405405405405405	4	33	1
0.333333333333333	4	33	1
0.2	4	33	1
0.285714285714286	4	33	1
0.19047619047619	4	33	1
0.161290322580645	4	33	1
0.205882352941176	4	33	1
0.326086956521739	4	33	1
0.625	4	33	1
0.259259259259259	4	33	1
0.266666666666667	4	33	1
0.35	4	33	1
0.272727272727273	4	33	1
0.222222222222222	4	33	1
0.151515151515152	4	33	1
0.421052631578947	4	33	1
0.294117647058824	4	33	1
0.254901960784314	4	33	1
0.269230769230769	4	33	1
0.361111111111111	4	33	1
0.421052631578947	4	33	1
0.357142857142857	4	33	1
0.341463414634146	4	33	1
0.166666666666667	4	33	1
0.15	4	33	1
0.13953488372093	4	33	1
0.255813953488372	4	33	1
0.325	4	33	1
0.184210526315789	4	33	1
0.217391304347826	4	33	1
0.181818181818182	4	33	1
0.40625	4	33	1
0.333333333333333	4	33	1
0.16	4	33	1
0.205882352941176	4	33	1
0.272727272727273	4	33	1
0.24	4	33	1
0.157894736842105	4	33	1
0.275	4	33	1
0.354838709677419	4	33	1
0.206896551724138	4	33	1
0.28	4	33	1
0.205882352941176	4	33	1
0.236842105263158	4	33	1
0.244444444444444	4	33	1
0.222222222222222	4	33	1
0.318181818181818	4	33	1
0.266666666666667	4	33	1
0.25	4	33	1
0.166666666666667	4	33	1
0.214285714285714	4	33	1
0.179487179487179	4	33	1
0.235294117647059	4	33	1
0.157894736842105	4	33	1
0.222222222222222	4	33	1
0.254901960784314	4	33	1
0.333333333333333	4	33	1
0.230769230769231	4	33	1
0.351851851851852	4	33	1
0.235294117647059	4	33	1
0.285714285714286	4	33	1
0.289473684210526	4	33	1
0.230769230769231	4	33	1
0.25	4	33	1
0.268292682926829	4	33	1
0.292682926829268	4	33	1
0.176470588235294	4	33	1
0.194444444444444	4	33	1
0.21875	4	33	1
0.205882352941176	4	33	1
0.290322580645161	4	33	1
0.25	4	33	1
0.214285714285714	4	33	1
0.6	4	33	1
0.32258064516129	4	33	1
0.24	4	33	1
0.261904761904762	4	33	1
0.333333333333333	4	33	1
0.25	4	33	1
0.258064516129032	4	33	1
0.478260869565217	4	33	1
0.32	4	33	1
0.266666666666667	4	33	1
0.210526315789474	4	33	1
0.3125	4	33	1
0.230769230769231	4	33	1
0.5	4	33	1
0.3	4	33	1
0.366666666666667	4	33	1
0.340909090909091	4	33	1
0.2	4	33	1
0.285714285714286	4	33	1
0.230769230769231	4	33	1
0.170731707317073	4	33	1
0.386363636363636	4	33	1
0.2	4	33	1
0.275	4	33	1
0.222222222222222	4	33	1
0.178571428571429	4	33	1
0.291666666666667	4	33	1
0.166666666666667	4	33	1
0.209302325581395	4	33	1
0.153846153846154	4	33	1
0.09375	4	33	1
0.333333333333333	4	33	1
0.194444444444444	4	33	1
0.1	4	33	1
0.285714285714286	4	33	1
0.342105263157895	4	33	1
0.4	4	33	1
0.441860465116279	4	33	1
0.216216216216216	4	33	1
0.25	4	33	1
0.0967741935483871	4	33	1
0.27027027027027	4	33	1
0.27027027027027	4	33	1
0.166666666666667	4	33	1
0.315789473684211	4	33	1
0.363636363636364	4	33	1
0.171428571428571	4	33	1
0.208333333333333	4	33	1
0.181818181818182	4	33	1
0.289473684210526	4	33	1
0.285714285714286	4	33	1
0.266666666666667	4	33	1
0.342857142857143	4	33	1
0.228571428571429	4	33	1
0.264705882352941	4	33	1
0.258064516129032	4	33	1
0.25	4	33	1
0.264705882352941	4	33	1
0.321428571428571	4	33	1
0.192307692307692	4	33	1
0.384615384615385	4	33	1
0.225	4	33	1
0.307692307692308	4	33	1
0.321428571428571	4	33	1
0.130434782608696	4	33	1
0.258064516129032	4	33	1
0.227272727272727	4	33	1
0.304347826086957	4	33	1
0.21875	4	33	1
0.15	4	33	1
0.193548387096774	4	33	1
0.269230769230769	4	33	1
0.205128205128205	4	33	1
0.233333333333333	4	33	1
0.25	4	33	1
0.4375	4	33	1
0.28	4	33	1
0.375	4	33	1
0.171428571428571	4	33	1
0.166666666666667	4	33	1
0.142857142857143	4	33	1
0.205882352941176	4	33	1
0.242424242424242	4	33	1
0.119047619047619	4	33	1
0.269230769230769	4	33	1
0.162162162162162	4	33	1
0.176470588235294	4	33	1
0.206896551724138	4	33	1
0.205128205128205	4	33	1
0.333333333333333	4	33	1
0.184210526315789	4	33	1
0.12	4	33	1
0.12	4	33	1
0.222222222222222	4	33	1
0.205882352941176	4	33	1
0.289473684210526	4	33	1
0.303030303030303	4	33	1
0.27027027027027	4	33	1
0.478260869565217	4	33	1
0.416666666666667	4	33	1
0.0909090909090909	4	33	1
0.428571428571429	4	33	1
0.285714285714286	4	33	1
0.148936170212766	4	33	1
0.477272727272727	4	33	1
0.3	4	33	1
0.354838709677419	4	33	1
0.241379310344828	4	33	1
0.432432432432432	4	33	1
0.206896551724138	4	33	1
0.346153846153846	4	33	1
0.241379310344828	4	33	1
0.291666666666667	4	33	1
0.217391304347826	4	33	1
0.212121212121212	4	33	1
0.121212121212121	4	33	1
0.321428571428571	4	33	1
0.102040816326531	4	33	1
0.181818181818182	4	33	1
0.333333333333333	4	33	1
0.25	4	33	1
0.34375	4	33	1
0.1875	4	33	1
0.314285714285714	4	33	1
0.380952380952381	4	33	1
0.482758620689655	4	33	1
0.285714285714286	4	33	1
0.361111111111111	4	33	1
0.28125	4	33	1
0.21875	4	33	1
0.375	4	33	1
0.12	4	33	1
0.263157894736842	4	33	1
0.222222222222222	4	33	1
0.148936170212766	4	33	1
0.310344827586207	4	33	1
0.304347826086957	4	33	1
0.171428571428571	4	33	1
0.303030303030303	4	33	1
0.5625	4	33	1
0.235294117647059	4	33	1
0.454545454545455	4	33	1
0.391304347826087	4	33	1
0.310344827586207	4	33	1
0.204545454545455	4	33	1
0.162162162162162	4	33	1
0.259259259259259	4	33	1
0.12	4	33	1
0.393939393939394	4	33	1
0.181818181818182	4	33	1
0.209302325581395	4	33	1
0.25	4	33	1
0.2	4	33	1
0.275862068965517	4	33	1
0.228571428571429	4	33	1
0.228571428571429	4	33	1
0.115384615384615	4	33	1
0.185185185185185	4	33	1
0.5	4	33	1
0.297297297297297	4	33	1
0.305555555555556	4	33	1
0.454545454545455	4	33	1
0.12	4	33	1
0.282051282051282	4	33	1
0.233333333333333	4	33	1
0.0769230769230769	4	33	1
0.277777777777778	4	33	1
0.181818181818182	4	33	1
0.192307692307692	4	33	1
0.6	4	33	1
0.214285714285714	4	33	1
0.142857142857143	4	33	1
0.27027027027027	4	33	1
0.289473684210526	4	33	1
0.24	4	33	1
0.125	4	33	1
0.272727272727273	4	33	1
0.241379310344828	4	33	1
0.171428571428571	4	33	1
0.227272727272727	4	33	1
0.259259259259259	4	33	1
0.289473684210526	4	33	1
0.212121212121212	4	33	1
0.166666666666667	4	33	1
0.192307692307692	4	33	1
0.2	4	33	1
0.270833333333333	4	33	1
0.283018867924528	4	33	1
0.272727272727273	4	33	1
0.261904761904762	4	33	1
0.21875	4	33	1
0.482758620689655	4	33	1
0.219512195121951	4	33	1
0.333333333333333	4	33	1
0.193548387096774	4	33	1
0.25	4	33	1
0.4	4	33	1
0.444444444444444	4	33	1
0.129032258064516	4	33	1
0.3	4	33	1
0.12	4	33	1
0.305555555555556	4	33	1
0.230769230769231	4	33	1
0.24	4	33	1
0.24	4	33	1
0.166666666666667	4	33	1
0.303030303030303	4	33	1
0.233333333333333	4	33	1
0.205128205128205	4	33	1
0.303030303030303	4	33	1
0.333333333333333	4	33	1
0.264705882352941	4	33	1
0.285714285714286	4	33	1
0.173913043478261	4	33	1
0.260869565217391	4	33	1
0.24	4	33	1
0.111111111111111	4	33	1
0.108108108108108	4	33	1
0.1875	4	33	1
0.380952380952381	4	33	1
0.266666666666667	4	33	1
0.352941176470588	4	33	1
0.115384615384615	4	33	1
0.307692307692308	4	33	1
0.264705882352941	4	33	1
0.166666666666667	4	33	1
0.275	4	33	1
0.344827586206897	4	33	1
0.205128205128205	4	33	1
0.344827586206897	4	33	1
0.259259259259259	4	33	1
0.269230769230769	4	33	1
0.24	4	33	1
0.179487179487179	4	33	1
0.266666666666667	4	33	1
0.548387096774194	4	33	1
0.363636363636364	4	33	1
0.305555555555556	4	33	1
0.317073170731707	4	33	1
0.297297297297297	4	33	1
0.351351351351351	4	33	1
0.21875	4	33	1
0.225	4	33	1
0.25531914893617	4	33	1
0.21875	4	33	1
0.194444444444444	4	33	1
0.303030303030303	4	33	1
0.236842105263158	4	33	1
0.270833333333333	4	33	1
0.225806451612903	4	33	1
0.259259259259259	4	33	1
0.189189189189189	4	33	1
0.315789473684211	4	33	1
0.25	4	33	1
0.186046511627907	4	33	1
0.153846153846154	4	33	1
0.0882352941176471	4	33	1
0.347826086956522	4	33	1
0.3	4	33	1
0.256410256410256	4	33	1
0.261904761904762	4	33	1
0.2	4	33	1
0.3	4	33	1
0.138888888888889	4	33	1
0.1875	4	33	1
0.25	4	33	1
0.310344827586207	4	33	1
0.578947368421053	4	33	1
0.1	4	33	1
0.25	4	33	1
0.175	4	33	1
0.222222222222222	4	33	1
0.268292682926829	4	33	1
0.111111111111111	4	33	1
0.257142857142857	4	33	1
0.21875	4	33	1
0.142857142857143	4	33	1
0.3	4	33	1
0.181818181818182	4	33	1
0.2	4	33	1
0.242424242424242	4	33	1
0.4	4	33	1
0.205882352941176	4	33	1
0.257142857142857	4	33	1
0.19047619047619	4	33	1
0.352941176470588	4	33	1
0.209302325581395	4	33	1
0.25531914893617	4	33	1
0.424242424242424	4	33	1
0.238095238095238	4	33	1
0.214285714285714	4	33	1
0.285714285714286	4	33	1
0.208333333333333	4	33	1
0.277777777777778	4	33	1
0.241379310344828	4	33	1
0.146341463414634	4	33	1
0.291666666666667	4	33	1
0.153846153846154	4	33	1
0.304347826086957	4	33	1
0.171428571428571	4	33	1
0.225806451612903	4	33	1
0.294117647058824	4	33	1
0.176470588235294	4	33	1
0.212121212121212	4	33	1
0.352941176470588	4	33	1
0.325	4	33	1
0.24390243902439	4	33	1
0.238095238095238	4	33	1
0.186046511627907	4	33	1
0.4375	4	33	1
0.269230769230769	4	33	1
0.269230769230769	4	33	1
0.296296296296296	4	33	1
0.142857142857143	4	33	1
0.363636363636364	4	33	1
0.184210526315789	4	33	1
0.12	4	33	1
0.222222222222222	4	33	1
0.241379310344828	4	33	1
0.269230769230769	4	33	1
0.185185185185185	4	33	1
0.466666666666667	4	33	1
0.290322580645161	4	33	1
0.257142857142857	4	33	1
0.0909090909090909	4	33	1
0.290322580645161	4	33	1
0.526315789473684	4	33	1
0.291666666666667	4	33	1
0.107142857142857	4	33	1
0.171428571428571	4	33	1
0.216216216216216	4	33	1
0.230769230769231	4	33	1
0.346153846153846	4	33	1
0.3	4	33	1
0.36	4	33	1
0.258064516129032	4	33	1
0.259259259259259	4	33	1
0.260869565217391	4	33	1
0.368421052631579	4	33	1
0.310344827586207	4	33	1
0.275862068965517	4	33	1
0.205128205128205	4	33	1
0.25	4	33	1
0.333333333333333	4	33	1
0.214285714285714	4	33	1
0.275862068965517	4	33	1
0.232558139534884	4	33	1
0.235294117647059	4	33	1
0.333333333333333	4	33	1
0.34375	4	33	1
0.285714285714286	4	33	1
0.285714285714286	4	33	1
0.2	4	33	1
0.375	4	33	1
0.428571428571429	4	33	1
0.236842105263158	4	33	1
0.333333333333333	4	33	1
0.333333333333333	4	33	1
0.461538461538462	4	33	1
0.303030303030303	4	33	1
0.285714285714286	4	33	1
0.242424242424242	4	33	1
0.428571428571429	4	33	1
0.357142857142857	4	33	1
