VAF	CN	avg.depth	purity
0.157894736842105	1	17	0.96
0.214285714285714	1	17	0.96
0.956521739130435	1	17	0.96
0.428571428571429	1	17	0.96
0.846153846153846	1	17	0.96
0.166666666666667	1	17	0.96
0.896551724137931	1	17	0.96
0.461538461538462	1	17	0.96
0.179487179487179	2	37	0.96
0.0967741935483871	2	37	0.96
0.538461538461538	2	37	0.96
0.452380952380952	2	37	0.96
0.351851851851852	2	37	0.96
0.352941176470588	2	37	0.96
0.5	2	37	0.96
0.475409836065574	2	37	0.96
0.159090909090909	2	37	0.96
0.515151515151515	2	37	0.96
0.484848484848485	2	37	0.96
0.4	2	37	0.96
0.476190476190476	2	37	0.96
0.555555555555556	2	37	0.96
0.274509803921569	2	37	0.96
0.617647058823529	2	37	0.96
0.113207547169811	2	37	0.96
0.134615384615385	2	37	0.96
0.288888888888889	2	37	0.96
0.431818181818182	2	37	0.96
0.306122448979592	2	37	0.96
0.275862068965517	2	37	0.96
0.432432432432432	2	37	0.96
0.210526315789474	2	37	0.96
0.222222222222222	2	37	0.96
0.25	2	37	0.96
0.4	2	37	0.96
0.25	2	37	0.96
0.363636363636364	2	37	0.96
0.3	2	37	0.96
0.476190476190476	2	37	0.96
1	2	37	0.96
0.407407407407407	2	37	0.96
0.159090909090909	2	37	0.96
0.184210526315789	2	37	0.96
0.179487179487179	2	37	0.96
0.5	2	37	0.96
0.419354838709677	2	37	0.96
0.115384615384615	2	37	0.96
0.171428571428571	2	37	0.96
0.485714285714286	2	37	0.96
0.0961538461538462	2	37	0.96
0.363636363636364	2	37	0.96
0.206896551724138	2	37	0.96
0.473684210526316	2	37	0.96
0.380952380952381	2	37	0.96
0.325581395348837	2	37	0.96
0.384615384615385	2	37	0.96
0.361111111111111	2	37	0.96
0.255813953488372	2	37	0.96
0.555555555555556	2	37	0.96
0.526315789473684	2	37	0.96
0.472727272727273	2	37	0.96
0.24390243902439	2	37	0.96
0.428571428571429	2	37	0.96
0.5	2	37	0.96
0.206896551724138	2	37	0.96
0.555555555555556	2	37	0.96
0.508771929824561	2	37	0.96
0.25	2	37	0.96
0.315789473684211	2	37	0.96
0.560975609756098	2	37	0.96
0.55	2	37	0.96
0.260869565217391	2	37	0.96
0.444444444444444	2	37	0.96
0.411764705882353	2	37	0.96
0.4	2	37	0.96
0.384615384615385	2	37	0.96
0.566037735849057	2	37	0.96
0.163265306122449	2	37	0.96
0.333333333333333	2	37	0.96
0.157894736842105	2	37	0.96
0.333333333333333	2	37	0.96
0.4	2	37	0.96
0.291666666666667	2	37	0.96
0.15	2	37	0.96
0.414634146341463	2	37	0.96
0.315789473684211	2	37	0.96
0.316666666666667	2	37	0.96
0.368421052631579	2	37	0.96
0.5	2	37	0.96
0.517241379310345	2	37	0.96
0.391304347826087	2	37	0.96
0.291666666666667	2	37	0.96
0.206896551724138	2	37	0.96
0.166666666666667	2	37	0.96
0.315789473684211	2	37	0.96
0.666666666666667	2	37	0.96
0.523809523809524	2	37	0.96
0.442307692307692	2	37	0.96
0.5	2	37	0.96
0.445945945945946	2	37	0.96
0.476190476190476	2	37	0.96
0.222222222222222	2	37	0.96
0.115384615384615	2	37	0.96
0.454545454545455	2	37	0.96
0.361111111111111	2	37	0.96
0.13953488372093	2	37	0.96
0.444444444444444	2	37	0.96
0.305555555555556	2	37	0.96
0.1875	2	37	0.96
0.487179487179487	2	37	0.96
0.354838709677419	2	37	0.96
0.592592592592593	2	37	0.96
0.475	2	37	0.96
0.615384615384615	2	37	0.96
0.517241379310345	2	37	0.96
0.466666666666667	2	37	0.96
0.369565217391304	2	37	0.96
0.595238095238095	2	37	0.96
0.115942028985507	2	37	0.96
0.113207547169811	2	37	0.96
0.153846153846154	2	37	0.96
0.222222222222222	2	37	0.96
0.391304347826087	2	37	0.96
0.34375	2	37	0.96
0.285714285714286	2	37	0.96
0.125	2	37	0.96
0.5	2	37	0.96
0.4	2	37	0.96
0.378378378378378	2	37	0.96
0.428571428571429	2	37	0.96
0.260869565217391	2	37	0.96
0.379310344827586	2	37	0.96
0.474576271186441	2	37	0.96
0.282608695652174	2	37	0.96
0.416666666666667	2	37	0.96
0.483870967741935	2	37	0.96
0.535714285714286	2	37	0.96
0.307692307692308	2	37	0.96
0.0967741935483871	2	37	0.96
0.306122448979592	2	37	0.96
0.625	2	37	0.96
0.125	2	37	0.96
0.433962264150943	2	37	0.96
0.45	2	37	0.96
0.533333333333333	2	37	0.96
0.16	2	37	0.96
0.318181818181818	2	37	0.96
0.121212121212121	2	37	0.96
0.428571428571429	2	37	0.96
0.4	2	37	0.96
0.304347826086957	2	37	0.96
0.485714285714286	2	37	0.96
0.2	2	37	0.96
0.214285714285714	2	37	0.96
0.21875	2	37	0.96
0.181818181818182	2	37	0.96
0.37037037037037	2	37	0.96
0.272727272727273	2	37	0.96
0.347826086956522	2	37	0.96
0.333333333333333	2	37	0.96
0.5	2	37	0.96
0.107142857142857	2	37	0.96
0.153846153846154	2	37	0.96
0.44	2	37	0.96
0.171428571428571	2	37	0.96
0.5	2	37	0.96
0.230769230769231	2	37	0.96
0.5	2	37	0.96
0.523809523809524	2	37	0.96
0.522727272727273	2	37	0.96
0.478260869565217	2	37	0.96
0.0909090909090909	2	37	0.96
0.13953488372093	2	37	0.96
0.32	2	37	0.96
0.517241379310345	2	37	0.96
0.146341463414634	2	37	0.96
0.325	2	37	0.96
0.415094339622642	2	37	0.96
0.166666666666667	2	37	0.96
0.428571428571429	2	37	0.96
0.466666666666667	2	37	0.96
0.369565217391304	2	37	0.96
0.181818181818182	2	37	0.96
0.566666666666667	2	37	0.96
0.375	2	37	0.96
0.395833333333333	2	37	0.96
0.448275862068966	2	37	0.96
0.439024390243902	2	37	0.96
0.349397590361446	2	37	0.96
0.514285714285714	2	37	0.96
0.621621621621622	2	37	0.96
0.162790697674419	2	37	0.96
0.342857142857143	2	37	0.96
0.307692307692308	2	37	0.96
0.389830508474576	2	37	0.96
0.488888888888889	2	37	0.96
0.333333333333333	2	37	0.96
0.26530612244898	2	37	0.96
0.466666666666667	2	37	0.96
0.304347826086957	2	37	0.96
0.413793103448276	2	37	0.96
0.321428571428571	2	37	0.96
0.64	2	37	0.96
0.476190476190476	2	37	0.96
0.5	2	37	0.96
0.363636363636364	2	37	0.96
0.294117647058824	2	37	0.96
0.1875	2	37	0.96
0.1875	2	37	0.96
0.533333333333333	2	37	0.96
0.16	2	37	0.96
0.16	2	37	0.96
0.857142857142857	2	37	0.96
0.416666666666667	2	37	0.96
0.117647058823529	2	37	0.96
0.12	2	37	0.96
0.117647058823529	2	37	0.96
0.590909090909091	2	37	0.96
0.104166666666667	2	37	0.96
0.102040816326531	2	37	0.96
0.115384615384615	2	37	0.96
0.103448275862069	2	37	0.96
0.105263157894737	2	37	0.96
0.483870967741935	2	37	0.96
0.142857142857143	2	37	0.96
0.206896551724138	2	37	0.96
0.604166666666667	2	37	0.96
0.481481481481481	2	37	0.96
0.409090909090909	2	37	0.96
0.235294117647059	2	37	0.96
0.318181818181818	2	37	0.96
0.214285714285714	2	37	0.96
0.416666666666667	2	37	0.96
0.404761904761905	2	37	0.96
0.636363636363636	2	37	0.96
0.421052631578947	2	37	0.96
0.153846153846154	2	37	0.96
0.186440677966102	2	37	0.96
0.55	2	37	0.96
0.52	2	37	0.96
0.107142857142857	2	37	0.96
0.5	2	37	0.96
0.4	2	37	0.96
0.472222222222222	2	37	0.96
0.342857142857143	2	37	0.96
0.206896551724138	2	37	0.96
0.108108108108108	2	37	0.96
0.5	2	37	0.96
0.380952380952381	2	37	0.96
0.125	2	37	0.96
0.342857142857143	2	37	0.96
0.285714285714286	2	37	0.96
0.136363636363636	2	37	0.96
0.101694915254237	2	37	0.96
0.15	2	37	0.96
0.369565217391304	2	37	0.96
0.25	2	37	0.96
0.5	2	37	0.96
0.451612903225806	2	37	0.96
0.385964912280702	2	37	0.96
0.666666666666667	2	37	0.96
0.328125	2	37	0.96
0.414634146341463	2	37	0.96
0.75	2	37	0.96
0.476190476190476	2	37	0.96
0.5	2	37	0.96
0.227272727272727	2	37	0.96
0.159090909090909	2	37	0.96
0.294117647058824	2	37	0.96
0.146341463414634	2	37	0.96
0.631578947368421	2	37	0.96
0.625	2	37	0.96
0.470588235294118	2	37	0.96
0.172413793103448	2	37	0.96
0.173913043478261	2	37	0.96
0.542857142857143	2	37	0.96
0.368421052631579	2	37	0.96
0.142857142857143	2	37	0.96
0.638888888888889	2	37	0.96
0.342105263157895	2	37	0.96
0.565217391304348	2	37	0.96
0.407407407407407	2	37	0.96
0.310344827586207	2	37	0.96
0.46551724137931	2	37	0.96
0.210526315789474	2	37	0.96
0.16	2	37	0.96
0.153846153846154	2	37	0.96
0.346153846153846	2	37	0.96
0.186046511627907	2	37	0.96
0.475	2	37	0.96
0.608695652173913	2	37	0.96
0.289473684210526	2	37	0.96
0.173913043478261	2	37	0.96
0.269230769230769	2	37	0.96
0.363636363636364	2	37	0.96
0.15	2	37	0.96
0.348837209302326	2	37	0.96
0.714285714285714	2	37	0.96
0.38	2	37	0.96
0.4	2	37	0.96
0.363636363636364	2	37	0.96
0.421052631578947	2	37	0.96
0.446428571428571	2	37	0.96
0.316666666666667	2	37	0.96
0.333333333333333	2	37	0.96
0.5	2	37	0.96
0.184210526315789	2	37	0.96
0.377049180327869	2	37	0.96
0.4375	2	37	0.96
0.153846153846154	2	37	0.96
0.411764705882353	2	37	0.96
0.145833333333333	2	37	0.96
0.371794871794872	2	37	0.96
0.428571428571429	2	37	0.96
0.363636363636364	2	37	0.96
0.45	2	37	0.96
0.461538461538462	2	37	0.96
0.454545454545455	2	37	0.96
0.260869565217391	2	37	0.96
0.454545454545455	2	37	0.96
0.326530612244898	2	37	0.96
0.09375	2	37	0.96
0.492957746478873	2	37	0.96
0.666666666666667	2	37	0.96
0.372093023255814	2	37	0.96
0.25	2	37	0.96
0.275	2	37	0.96
0.210526315789474	2	37	0.96
0.145833333333333	2	37	0.96
0.193548387096774	2	37	0.96
0.0909090909090909	2	37	0.96
0.727272727272727	2	37	0.96
0.380952380952381	2	37	0.96
0.487179487179487	2	37	0.96
0.431034482758621	2	37	0.96
0.24	2	37	0.96
0.516129032258065	2	37	0.96
0.179487179487179	2	37	0.96
0.130434782608696	2	37	0.96
0.153846153846154	2	37	0.96
0.238095238095238	2	37	0.96
0.333333333333333	2	37	0.96
0.0657894736842105	2	37	0.96
0.412698412698413	2	37	0.96
0.125	2	37	0.96
0.5	2	37	0.96
0.518518518518518	2	37	0.96
0.301587301587302	2	37	0.96
0.558823529411765	2	37	0.96
0.603174603174603	2	37	0.96
0.442307692307692	2	37	0.96
0.325	2	37	0.96
0.333333333333333	2	37	0.96
0.506493506493506	2	37	0.96
0.27906976744186	2	37	0.96
0.5	2	37	0.96
0.114285714285714	2	37	0.96
0.45	2	37	0.96
0.54	2	37	0.96
0.34	2	37	0.96
0.5	2	37	0.96
0.535714285714286	2	37	0.96
0.5625	2	37	0.96
0.41025641025641	2	37	0.96
0.333333333333333	2	37	0.96
0.535714285714286	2	37	0.96
0.297297297297297	2	37	0.96
0.103448275862069	2	37	0.96
0.272727272727273	2	37	0.96
0.461538461538462	2	37	0.96
0.130434782608696	2	37	0.96
0.518518518518518	2	37	0.96
0.25	2	37	0.96
0.5625	2	37	0.96
0.166666666666667	2	37	0.96
0.25	2	37	0.96
0.416666666666667	2	37	0.96
0.508771929824561	2	37	0.96
0.595238095238095	2	37	0.96
0.191780821917808	2	37	0.96
0.517241379310345	2	37	0.96
0.46875	2	37	0.96
0.451612903225806	2	37	0.96
0.225806451612903	2	37	0.96
0.370967741935484	2	37	0.96
0.159090909090909	2	37	0.96
0.170731707317073	2	37	0.96
0.217391304347826	2	37	0.96
0.121212121212121	2	37	0.96
0.133333333333333	2	37	0.96
0.157894736842105	2	37	0.96
0.45	2	37	0.96
0.4	2	37	0.96
0.413793103448276	2	37	0.96
0.652173913043478	2	37	0.96
0.4	2	37	0.96
0.476190476190476	2	37	0.96
0.464285714285714	2	37	0.96
0.434782608695652	2	37	0.96
0.5	2	37	0.96
0.526315789473684	2	37	0.96
0.263157894736842	2	37	0.96
0.355555555555556	2	37	0.96
0.121621621621622	2	37	0.96
0.355555555555556	2	37	0.96
0.333333333333333	2	37	0.96
0.0833333333333333	2	37	0.96
0.418604651162791	2	37	0.96
0.461538461538462	2	37	0.96
0.3	2	37	0.96
0.488372093023256	2	37	0.96
0.441176470588235	2	37	0.96
0.355555555555556	2	37	0.96
0.210526315789474	2	37	0.96
0.486486486486487	2	37	0.96
0.38	2	37	0.96
0.444444444444444	2	37	0.96
0.419354838709677	2	37	0.96
0.490196078431373	2	37	0.96
0.381578947368421	2	37	0.96
0.595744680851064	2	37	0.96
0.176470588235294	2	37	0.96
0.35	2	37	0.96
0.352941176470588	2	37	0.96
0.507462686567164	2	37	0.96
0.4375	2	37	0.96
0.325581395348837	2	37	0.96
0.40625	2	37	0.96
0.4375	2	37	0.96
0.5	2	37	0.96
0.545454545454545	2	37	0.96
0.193548387096774	2	37	0.96
0.254545454545455	2	37	0.96
0.363636363636364	2	37	0.96
0.214285714285714	2	37	0.96
0.333333333333333	2	37	0.96
0.552631578947368	2	37	0.96
0.4	2	37	0.96
0.307692307692308	2	37	0.96
0.355555555555556	2	37	0.96
0.32258064516129	2	37	0.96
0.148148148148148	2	37	0.96
0.142857142857143	2	37	0.96
0.24	2	37	0.96
0.357142857142857	2	37	0.96
0.5	2	37	0.96
0.285714285714286	2	37	0.96
0.333333333333333	2	37	0.96
0.484848484848485	2	37	0.96
0.317073170731707	2	37	0.96
0.369565217391304	2	37	0.96
0.224489795918367	2	37	0.96
0.393939393939394	2	37	0.96
0.3	2	37	0.96
0.526315789473684	2	37	0.96
0.393939393939394	2	37	0.96
0.4375	2	37	0.96
0.114754098360656	2	37	0.96
0.28	2	37	0.96
0.483870967741935	2	37	0.96
0.285714285714286	2	37	0.96
0.421875	2	37	0.96
0.181818181818182	2	37	0.96
0.272727272727273	2	37	0.96
0.347826086956522	2	37	0.96
0.19047619047619	2	37	0.96
0.0882352941176471	2	37	0.96
0.4375	2	37	0.96
0.115384615384615	2	37	0.96
0.243243243243243	2	37	0.96
0.379310344827586	2	37	0.96
0.272727272727273	2	37	0.96
0.4	2	37	0.96
0.578947368421053	2	37	0.96
0.529411764705882	2	37	0.96
0.447368421052632	2	37	0.96
0.3	2	37	0.96
0.444444444444444	2	37	0.96
0.55	2	37	0.96
0.354166666666667	2	37	0.96
0.576923076923077	2	37	0.96
0.482758620689655	2	37	0.96
0.288888888888889	2	37	0.96
0.420289855072464	2	37	0.96
0.222222222222222	2	37	0.96
0.105263157894737	2	37	0.96
0.191489361702128	2	37	0.96
0.531645569620253	3	54	0.96
0.225	3	54	0.96
0.173076923076923	3	54	0.96
0.214285714285714	3	54	0.96
0.25	3	54	0.96
0.318181818181818	3	54	0.96
0.2	3	54	0.96
0.0886075949367089	3	54	0.96
0.0851063829787234	3	54	0.96
0.127272727272727	3	54	0.96
0.4375	3	54	0.96
0.40625	3	54	0.96
0.4	3	54	0.96
0.404255319148936	3	54	0.96
0.219512195121951	3	54	0.96
0.205882352941176	3	54	0.96
0.716666666666667	3	54	0.96
0.0983606557377049	3	54	0.96
0.653846153846154	3	54	0.96
0.0864197530864197	3	54	0.96
0.153846153846154	3	54	0.96
0.256410256410256	3	54	0.96
0.153846153846154	3	54	0.96
0.158730158730159	3	54	0.96
0.101694915254237	3	54	0.96
0.166666666666667	3	54	0.96
0.138461538461538	3	54	0.96
0.314285714285714	3	54	0.96
0.288135593220339	3	54	0.96
