VAF	CN	avg.depth	purity
0.216216216216216	2	22	1
0.210526315789474	2	22	1
0.947368421052632	2	22	1
0.125	2	22	1
0.333333333333333	2	22	1
0.466666666666667	2	22	1
0.411764705882353	2	22	1
0.163636363636364	4	32	1
0.627906976744186	4	32	1
0.428571428571429	4	32	1
0.411764705882353	4	32	1
0.324324324324324	4	32	1
0.28	4	32	1
0.652173913043478	4	32	1
0.142857142857143	4	32	1
0.5	4	32	1
0.19047619047619	4	32	1
0.384615384615385	4	32	1
0.1875	4	32	1
0.333333333333333	4	32	1
0.32	4	32	1
0.714285714285714	4	32	1
0.222222222222222	4	32	1
0.277777777777778	4	32	1
0.277777777777778	4	32	1
0.277777777777778	4	32	1
0.25	4	32	1
0.461538461538462	4	32	1
0.315789473684211	4	32	1
0.2	4	32	1
0.447368421052632	4	32	1
0.5	4	32	1
0.739130434782609	4	32	1
0.666666666666667	4	32	1
0.583333333333333	4	32	1
0.375	4	32	1
0.608695652173913	4	32	1
0.48	4	32	1
0.5	4	32	1
0.179487179487179	4	32	1
0.304347826086957	4	32	1
0.171428571428571	4	32	1
0.466666666666667	4	32	1
0.585365853658537	4	32	1
0.441176470588235	4	32	1
0.466666666666667	4	32	1
0.310344827586207	4	32	1
0.272727272727273	4	32	1
0.733333333333333	4	32	1
0.375	4	32	1
0.388888888888889	4	32	1
0.307692307692308	4	32	1
0.5	4	32	1
0.105263157894737	4	32	1
0.122448979591837	4	32	1
0.442622950819672	4	32	1
0.109090909090909	4	32	1
0.521739130434783	4	32	1
0.5	4	32	1
0.285714285714286	4	32	1
0.236842105263158	4	32	1
0.304347826086957	4	32	1
0.311475409836066	4	32	1
0.214285714285714	4	32	1
0.142857142857143	4	32	1
0.428571428571429	4	32	1
0.339622641509434	4	32	1
0.75	4	32	1
0.6	4	32	1
0.526315789473684	4	32	1
0.259259259259259	4	32	1
0.25	4	32	1
0.162162162162162	4	32	1
0.136363636363636	4	32	1
0.605263157894737	4	32	1
0.1	4	32	1
0.153846153846154	4	32	1
0.461538461538462	4	32	1
0.12	4	32	1
0.472222222222222	4	32	1
0.408163265306122	4	32	1
0.266666666666667	4	32	1
0.21875	4	32	1
0.416666666666667	4	32	1
0.375	4	32	1
0.2	4	32	1
0.285714285714286	4	32	1
0.557692307692308	4	32	1
0.245901639344262	4	32	1
1	4	32	1
0.285714285714286	4	32	1
0.297297297297297	4	32	1
0.142857142857143	4	32	1
0.666666666666667	4	32	1
0.666666666666667	4	32	1
0.130434782608696	4	32	1
0.5	4	32	1
0.347826086956522	4	32	1
0.256410256410256	4	32	1
0.652173913043478	4	32	1
0.6	4	32	1
0.166666666666667	4	32	1
0.411764705882353	4	32	1
0.439024390243902	4	32	1
0.609756097560976	4	32	1
0.458333333333333	4	32	1
0.333333333333333	4	32	1
0.338983050847458	4	32	1
0.4375	4	32	1
0.666666666666667	4	32	1
0.230769230769231	4	32	1
0.625	4	32	1
0.277777777777778	4	32	1
0.246153846153846	4	32	1
0.130434782608696	4	32	1
0.181818181818182	4	32	1
0.470588235294118	4	32	1
0.21875	4	32	1
0.171428571428571	4	32	1
0.303030303030303	4	32	1
0.5625	4	32	1
0.490909090909091	4	32	1
0.378378378378378	4	32	1
0.916666666666667	4	32	1
0.416666666666667	4	32	1
0.292682926829268	4	32	1
0.0892857142857143	4	32	1
0.134615384615385	4	32	1
0.315789473684211	4	32	1
0.583333333333333	4	32	1
0.28	4	32	1
0.272727272727273	4	32	1
0.294117647058824	4	32	1
0.136363636363636	4	32	1
0.241379310344828	4	32	1
0.357142857142857	4	32	1
0.176470588235294	4	32	1
