VAF	CN	avg.depth	purity
0.230769230769231	2	19	0.92
0.4	2	19	0.92
0.214285714285714	2	19	0.92
0.3	2	19	0.92
0.294117647058824	2	19	0.92
0.318181818181818	2	19	0.92
0.5625	2	19	0.92
0.153846153846154	2	19	0.92
0.272727272727273	2	19	0.92
0.4	2	19	0.92
0.296296296296296	2	19	0.92
0.333333333333333	2	19	0.92
0.181818181818182	2	19	0.92
0.333333333333333	2	19	0.92
0.5	2	19	0.92
0.363636363636364	2	19	0.92
0.260869565217391	3	29	0.92
0.259259259259259	3	29	0.92
0.2	3	29	0.92
0.3	3	29	0.92
0.115384615384615	3	29	0.92
0.222222222222222	3	29	0.92
0.303030303030303	3	29	0.92
0.347826086956522	3	29	0.92
0.151515151515152	3	29	0.92
0.206896551724138	3	29	0.92
0.212121212121212	3	29	0.92
0.285714285714286	3	29	0.92
0.15625	3	29	0.92
0.125	3	29	0.92
0.241379310344828	3	29	0.92
0.458333333333333	3	29	0.92
0.233333333333333	3	29	0.92
0.225806451612903	3	29	0.92
0.121212121212121	3	29	0.92
0.133333333333333	3	29	0.92
0.176470588235294	3	29	0.92
0.375	3	29	0.92
0.257142857142857	3	29	0.92
0.142857142857143	3	29	0.92
0.19047619047619	3	29	0.92
0.19047619047619	3	29	0.92
0.206896551724138	3	29	0.92
0.208333333333333	3	29	0.92
0.171428571428571	3	29	0.92
0.28125	3	29	0.92
0.315789473684211	3	29	0.92
0.2	3	29	0.92
0.206896551724138	3	29	0.92
0.133333333333333	3	29	0.92
0.212121212121212	3	29	0.92
0.16	3	29	0.92
0.2	3	29	0.92
0.214285714285714	3	29	0.92
0.178571428571429	3	29	0.92
0.181818181818182	3	29	0.92
0.148148148148148	3	29	0.92
0.178571428571429	3	29	0.92
0.185185185185185	3	29	0.92
0.297297297297297	3	29	0.92
0.208333333333333	3	29	0.92
0.241379310344828	3	29	0.92
0.269230769230769	3	29	0.92
0.172413793103448	3	29	0.92
0.204545454545455	3	29	0.92
0.272727272727273	3	29	0.92
0.142857142857143	3	29	0.92
0.294117647058824	3	29	0.92
0.30952380952381	3	29	0.92
0.21875	3	29	0.92
0.454545454545455	3	29	0.92
0.242424242424242	3	29	0.92
0.16	3	29	0.92
0.19047619047619	3	29	0.92
0.15625	3	29	0.92
0.172413793103448	3	29	0.92
0.272727272727273	3	29	0.92
0.205128205128205	3	29	0.92
0.142857142857143	3	29	0.92
0.212121212121212	3	29	0.92
0.257142857142857	3	29	0.92
0.263157894736842	3	29	0.92
0.206896551724138	3	29	0.92
0.259259259259259	3	29	0.92
0.19047619047619	3	29	0.92
0.114285714285714	3	29	0.92
0.166666666666667	3	29	0.92
0.28	3	29	0.92
0.266666666666667	3	29	0.92
0.272727272727273	3	29	0.92
0.2	3	29	0.92
0.25	3	29	0.92
0.16	3	29	0.92
0.172413793103448	3	29	0.92
0.25	3	29	0.92
0.159090909090909	3	29	0.92
0.208333333333333	3	29	0.92
0.578947368421053	3	29	0.92
0.259259259259259	3	29	0.92
0.193548387096774	3	29	0.92
0.363636363636364	3	29	0.92
0.222222222222222	3	29	0.92
0.260869565217391	3	29	0.92
0.5	3	29	0.92
0.147058823529412	3	29	0.92
0.173913043478261	3	29	0.92
0.323529411764706	3	29	0.92
0.206896551724138	3	29	0.92
0.290322580645161	3	29	0.92
0.476190476190476	3	29	0.92
0.15625	3	29	0.92
0.24	3	29	0.92
0.176470588235294	3	29	0.92
0.153846153846154	3	29	0.92
0.272727272727273	3	29	0.92
0.12	3	29	0.92
0.19047619047619	3	29	0.92
0.1875	3	29	0.92
0.2	3	29	0.92
0.242424242424242	3	29	0.92
0.28125	3	29	0.92
0.181818181818182	3	29	0.92
0.205882352941176	3	29	0.92
0.225806451612903	3	29	0.92
0.4	3	29	0.92
0.3125	3	29	0.92
0.214285714285714	3	29	0.92
0.296296296296296	3	29	0.92
0.25	3	29	0.92
0.16	3	29	0.92
0.285714285714286	3	29	0.92
0.170731707317073	3	29	0.92
0.151515151515152	3	29	0.92
0.35	3	29	0.92
0.64	3	29	0.92
0.296296296296296	3	29	0.92
0.241379310344828	3	29	0.92
0.25	3	29	0.92
0.2	3	29	0.92
0.15	3	29	0.92
0.214285714285714	3	29	0.92
0.4	3	29	0.92
0.181818181818182	3	29	0.92
0.285714285714286	3	29	0.92
0.457142857142857	3	29	0.92
0.375	3	29	0.92
0.157894736842105	3	29	0.92
0.666666666666667	3	29	0.92
0.2	3	29	0.92
0.153846153846154	3	29	0.92
0.259259259259259	3	29	0.92
0.259259259259259	3	29	0.92
0.1875	3	29	0.92
0.25	3	29	0.92
0.294117647058824	3	29	0.92
0.631578947368421	3	29	0.92
0.277777777777778	3	29	0.92
0.161290322580645	3	29	0.92
0.148148148148148	3	29	0.92
0.125	3	29	0.92
0.375	3	29	0.92
0.129032258064516	3	29	0.92
0.166666666666667	3	29	0.92
0.193548387096774	3	29	0.92
0.142857142857143	3	29	0.92
0.333333333333333	3	29	0.92
0.241379310344828	3	29	0.92
0.290322580645161	3	29	0.92
0.1875	3	29	0.92
0.137931034482759	3	29	0.92
0.153846153846154	3	29	0.92
0.230769230769231	3	29	0.92
0.137931034482759	3	29	0.92
0.217391304347826	3	29	0.92
0.391304347826087	3	29	0.92
0.181818181818182	3	29	0.92
0.379310344827586	3	29	0.92
0.222222222222222	3	29	0.92
0.214285714285714	3	29	0.92
0.217391304347826	3	29	0.92
0.12	3	29	0.92
0.3	3	29	0.92
0.214285714285714	3	29	0.92
0.117647058823529	3	29	0.92
0.230769230769231	3	29	0.92
0.285714285714286	3	29	0.92
0.216216216216216	3	29	0.92
0.263157894736842	3	29	0.92
0.266666666666667	3	29	0.92
0.172413793103448	3	29	0.92
0.222222222222222	3	29	0.92
0.193548387096774	3	29	0.92
0.25	3	29	0.92
0.212121212121212	3	29	0.92
0.323529411764706	3	29	0.92
0.305555555555556	3	29	0.92
0.25	3	29	0.92
0.2	3	29	0.92
0.192307692307692	3	29	0.92
0.232558139534884	3	29	0.92
0.125	3	29	0.92
0.413793103448276	3	29	0.92
0.32	3	29	0.92
0.636363636363636	3	29	0.92
0.166666666666667	3	29	0.92
0.153846153846154	3	29	0.92
0.2	3	29	0.92
0.25	3	29	0.92
0.137931034482759	3	29	0.92
0.25	3	29	0.92
0.241379310344828	3	29	0.92
0.161290322580645	3	29	0.92
0.375	3	29	0.92
0.135135135135135	3	29	0.92
0.136363636363636	3	29	0.92
0.135135135135135	3	29	0.92
0.195121951219512	3	29	0.92
0.176470588235294	3	29	0.92
0.25	3	29	0.92
0.259259259259259	3	29	0.92
0.461538461538462	3	29	0.92
0.176470588235294	3	29	0.92
0.407407407407407	3	29	0.92
0.212121212121212	3	29	0.92
0.32	3	29	0.92
0.411764705882353	3	29	0.92
0.566666666666667	3	29	0.92
0.15	3	29	0.92
0.2	3	29	0.92
0.195121951219512	3	29	0.92
0.206896551724138	3	29	0.92
0.236842105263158	3	29	0.92
0.266666666666667	3	29	0.92
0.285714285714286	3	29	0.92
0.153846153846154	4	37	0.92
0.551724137931034	4	37	0.92
0.157894736842105	4	37	0.92
0.106382978723404	4	37	0.92
0.121212121212121	4	37	0.92
0.428571428571429	4	37	0.92
0.194444444444444	4	37	0.92
0.153846153846154	4	37	0.92
0.102040816326531	4	37	0.92
0.2	4	37	0.92
0.162162162162162	4	37	0.92
0.138888888888889	4	37	0.92
0.15	4	37	0.92
0.206896551724138	4	37	0.92
0.15	4	37	0.92
0.142857142857143	4	37	0.92
0.372549019607843	4	37	0.92
0.171428571428571	4	37	0.92
0.14	4	37	0.92
0.222222222222222	4	37	0.92
0.176470588235294	4	37	0.92
0.133333333333333	4	37	0.92
0.172413793103448	4	37	0.92
0.1875	4	37	0.92
0.162162162162162	4	37	0.92
0.454545454545455	4	37	0.92
0.214285714285714	4	37	0.92
0.133333333333333	4	37	0.92
0.210526315789474	4	37	0.92
0.272727272727273	4	37	0.92
0.106382978723404	4	37	0.92
0.363636363636364	4	37	0.92
0.148936170212766	4	37	0.92
0.136363636363636	4	37	0.92
0.4	4	37	0.92
0.219512195121951	4	37	0.92
0.125	4	37	0.92
0.157894736842105	4	37	0.92
0.104166666666667	4	37	0.92
0.2	4	37	0.92
0.566666666666667	4	37	0.92
0.104166666666667	4	37	0.92
0.122448979591837	4	37	0.92
0.137931034482759	4	37	0.92
0.125	4	37	0.92
0.133333333333333	4	37	0.92
0.184210526315789	4	37	0.92
0.147058823529412	4	37	0.92
0.19047619047619	4	37	0.92
0.230769230769231	4	37	0.92
0.181818181818182	4	37	0.92
0.333333333333333	4	37	0.92
0.119047619047619	4	37	0.92
0.214285714285714	4	37	0.92
0.24	4	37	0.92
0.193548387096774	4	37	0.92
0.1875	4	37	0.92
0.444444444444444	4	37	0.92
0.130434782608696	4	37	0.92
0.352941176470588	4	37	0.92
0.131578947368421	4	37	0.92
0.153846153846154	4	37	0.92
0.228571428571429	4	37	0.92
0.196078431372549	4	37	0.92
0.212121212121212	4	37	0.92
0.195652173913043	4	37	0.92
0.2	4	37	0.92
0.142857142857143	4	37	0.92
0.225806451612903	4	37	0.92
0.257142857142857	4	37	0.92
0.0980392156862745	4	37	0.92
0.175	4	37	0.92
0.4	4	37	0.92
0.130434782608696	4	37	0.92
0.103448275862069	4	37	0.92
0.1875	4	37	0.92
0.153846153846154	4	37	0.92
0.333333333333333	4	37	0.92
0.4	4	37	0.92
0.148936170212766	4	37	0.92
0.222222222222222	4	37	0.92
0.130434782608696	4	37	0.92
0.166666666666667	4	37	0.92
0.234042553191489	4	37	0.92
0.428571428571429	4	37	0.92
0.155555555555556	4	37	0.92
0.261904761904762	4	37	0.92
0.15	4	37	0.92
0.129032258064516	4	37	0.92
0.236842105263158	4	37	0.92
0.315789473684211	4	37	0.92
0.222222222222222	4	37	0.92
0.225	4	37	0.92
0.142857142857143	4	37	0.92
0.210526315789474	4	37	0.92
0.145833333333333	4	37	0.92
0.217391304347826	4	37	0.92
0.15	4	37	0.92
0.194444444444444	4	37	0.92
0.14	4	37	0.92
0.189189189189189	4	37	0.92
0.146341463414634	4	37	0.92
0.142857142857143	4	37	0.92
0.1875	4	37	0.92
0.259259259259259	4	37	0.92
0.106382978723404	4	37	0.92
0.176470588235294	4	37	0.92
0.25	4	37	0.92
0.2	4	37	0.92
0.32258064516129	4	37	0.92
0.513513513513513	4	37	0.92
0.104166666666667	4	37	0.92
0.12962962962963	4	37	0.92
0.133333333333333	4	37	0.92
0.171428571428571	4	37	0.92
0.318181818181818	4	37	0.92
0.146341463414634	4	37	0.92
0.105263157894737	4	37	0.92
0.135135135135135	4	37	0.92
0.16	4	37	0.92
0.162790697674419	4	37	0.92
0.117647058823529	4	37	0.92
0.285714285714286	4	37	0.92
0.166666666666667	4	37	0.92
0.222222222222222	4	37	0.92
0.517241379310345	4	37	0.92
0.266666666666667	4	37	0.92
0.148148148148148	4	37	0.92
0.212121212121212	4	37	0.92
0.363636363636364	4	37	0.92
0.113636363636364	4	37	0.92
0.222222222222222	4	37	0.92
0.195121951219512	4	37	0.92
0.484848484848485	4	37	0.92
0.127659574468085	4	37	0.92
0.2	4	37	0.92
0.184210526315789	4	37	0.92
0.131578947368421	4	37	0.92
0.142857142857143	4	37	0.92
0.189189189189189	4	37	0.92
0.140625	4	37	0.92
0.166666666666667	4	37	0.92
0.126984126984127	4	37	0.92
0.181818181818182	4	37	0.92
0.181818181818182	4	37	0.92
0.133333333333333	4	37	0.92
0.172413793103448	4	37	0.92
0.148148148148148	4	37	0.92
0.133333333333333	4	37	0.92
0.125	4	37	0.92
0.121951219512195	4	37	0.92
0.216216216216216	4	37	0.92
0.130434782608696	4	37	0.92
0.125	4	37	0.92
0.176470588235294	4	37	0.92
0.108108108108108	4	37	0.92
0.142857142857143	4	37	0.92
0.116279069767442	4	37	0.92
0.195121951219512	4	37	0.92
0.111111111111111	4	37	0.92
0.153846153846154	4	37	0.92
0.289473684210526	4	37	0.92
0.170212765957447	4	37	0.92
0.15	4	37	0.92
0.285714285714286	4	37	0.92
0.166666666666667	4	37	0.92
0.102040816326531	4	37	0.92
0.136363636363636	4	37	0.92
0.171428571428571	4	37	0.92
0.214285714285714	4	37	0.92
0.217391304347826	4	37	0.92
0.194444444444444	4	37	0.92
0.289473684210526	4	37	0.92
0.125	4	37	0.92
0.25	4	37	0.92
0.1	4	37	0.92
0.454545454545455	4	37	0.92
0.105263157894737	4	37	0.92
0.159090909090909	4	37	0.92
0.151515151515152	4	37	0.92
0.189189189189189	4	37	0.92
0.368421052631579	4	37	0.92
0.125	4	37	0.92
0.181818181818182	4	37	0.92
0.306451612903226	4	37	0.92
0.170731707317073	4	37	0.92
0.24390243902439	4	37	0.92
0.13953488372093	4	37	0.92
0.125	4	37	0.92
0.153846153846154	4	37	0.92
0.133333333333333	4	37	0.92
0.152173913043478	4	37	0.92
0.222222222222222	4	37	0.92
0.117647058823529	4	37	0.92
0.222222222222222	4	37	0.92
0.333333333333333	4	37	0.92
0.176470588235294	4	37	0.92
0.431372549019608	4	37	0.92
0.131578947368421	4	37	0.92
0.102564102564103	4	37	0.92
0.310344827586207	4	37	0.92
0.146341463414634	4	37	0.92
0.137931034482759	4	37	0.92
0.133333333333333	4	37	0.92
0.119047619047619	4	37	0.92
0.166666666666667	4	37	0.92
0.147058823529412	4	37	0.92
0.12962962962963	4	37	0.92
0.121212121212121	4	37	0.92
0.137931034482759	4	37	0.92
0.16	4	37	0.92
0.132075471698113	4	37	0.92
0.2	4	37	0.92
0.2	4	37	0.92
0.428571428571429	4	37	0.92
0.122448979591837	4	37	0.92
0.209302325581395	4	37	0.92
0.214285714285714	4	37	0.92
0.222222222222222	4	37	0.92
0.194444444444444	4	37	0.92
0.181818181818182	4	37	0.92
0.28	4	37	0.92
0.209302325581395	4	37	0.92
0.157894736842105	4	37	0.92
0.15	4	37	0.92
0.173913043478261	4	37	0.92
0.219512195121951	4	37	0.92
0.275862068965517	4	37	0.92
0.127659574468085	4	37	0.92
0.214285714285714	4	37	0.92
0.130434782608696	4	37	0.92
0.315789473684211	4	37	0.92
0.12962962962963	4	37	0.92
0.263157894736842	4	37	0.92
0.236842105263158	4	37	0.92
0.155555555555556	4	37	0.92
0.179487179487179	4	37	0.92
0.157894736842105	4	37	0.92
0.272727272727273	4	37	0.92
0.392857142857143	4	37	0.92
0.236842105263158	4	37	0.92
0.166666666666667	4	37	0.92
0.119047619047619	4	37	0.92
0.171428571428571	4	37	0.92
0.342857142857143	4	37	0.92
0.21875	4	37	0.92
0.59375	4	37	0.92
0.137931034482759	4	37	0.92
0.157894736842105	4	37	0.92
0.115384615384615	4	37	0.92
0.142857142857143	4	37	0.92
0.363636363636364	4	37	0.92
0.258064516129032	4	37	0.92
0.153846153846154	4	37	0.92
0.2	4	37	0.92
0.275862068965517	4	37	0.92
0.304347826086957	4	37	0.92
0.142857142857143	4	37	0.92
0.35	4	37	0.92
0.3	4	37	0.92
0.3	4	37	0.92
0.290322580645161	4	37	0.92
0.259259259259259	4	37	0.92
0.16	4	37	0.92
0.236842105263158	4	37	0.92
0.363636363636364	4	37	0.92
0.184210526315789	4	37	0.92
0.19047619047619	4	37	0.92
0.2	4	37	0.92
0.2	4	37	0.92
0.238095238095238	4	37	0.92
0.333333333333333	4	37	0.92
0.2	4	37	0.92
0.28	4	37	0.92
0.326530612244898	4	37	0.92
0.166666666666667	4	37	0.92
0.115384615384615	4	37	0.92
0.275862068965517	4	37	0.92
0.148936170212766	4	37	0.92
0.160714285714286	4	37	0.92
0.184210526315789	4	37	0.92
0.179487179487179	4	37	0.92
0.171428571428571	4	37	0.92
0.138888888888889	4	37	0.92
