VAF	CN	avg.depth	purity
0.142857142857143	1	19	1
1	1	19	1
1	1	19	1
0.157894736842105	1	19	1
0.962962962962963	1	19	1
1	1	19	1
0.972222222222222	1	19	1
0.172413793103448	1	19	1
0.173913043478261	1	19	1
0.642857142857143	1	19	1
0.705882352941177	1	19	1
0.666666666666667	1	19	1
0.923076923076923	1	19	1
0.888888888888889	1	19	1
0.8125	1	19	1
0.941176470588235	1	19	1
1	1	19	1
0.666666666666667	1	19	1
1	1	19	1
0.346153846153846	1	19	1
1	1	19	1
0.846153846153846	1	19	1
0.6	1	19	1
0.666666666666667	1	19	1
1	1	19	1
1	1	19	1
1	1	19	1
1	1	19	1
0.933333333333333	1	19	1
0.961538461538462	1	19	1
0.15	1	19	1
0.826086956521739	1	19	1
0.95	1	19	1
0.95	1	19	1
1	1	19	1
1	1	19	1
0.916666666666667	1	19	1
1	1	19	1
0.739130434782609	1	19	1
0.157894736842105	1	19	1
0.157894736842105	1	19	1
0.888888888888889	1	19	1
1	1	19	1
0.142857142857143	2	33	1
0.170731707317073	2	33	1
0.222222222222222	2	33	1
0.5625	2	33	1
0.129032258064516	2	33	1
0.404761904761905	2	33	1
0.564102564102564	2	33	1
0.422222222222222	2	33	1
0.486486486486487	2	33	1
0.521739130434783	2	33	1
0.483870967741935	2	33	1
0.4	2	33	1
0.574468085106383	2	33	1
0.157894736842105	2	33	1
0.411764705882353	2	33	1
0.41025641025641	2	33	1
0.425	2	33	1
0.285714285714286	2	33	1
0.32	2	33	1
0.5	2	33	1
0.578947368421053	2	33	1
0.617647058823529	2	33	1
0.428571428571429	2	33	1
0.368421052631579	2	33	1
0.511627906976744	2	33	1
0.586206896551724	2	33	1
0.48780487804878	2	33	1
0.595238095238095	2	33	1
0.45	2	33	1
0.392857142857143	2	33	1
0.176470588235294	2	33	1
0.466666666666667	2	33	1
0.6	2	33	1
0.318181818181818	2	33	1
0.523809523809524	2	33	1
0.379310344827586	2	33	1
0.46875	2	33	1
0.428571428571429	2	33	1
0.107142857142857	2	33	1
0.4375	2	33	1
0.193548387096774	2	33	1
0.371428571428571	2	33	1
0.363636363636364	2	33	1
0.387096774193548	2	33	1
0.454545454545455	2	33	1
0.6	2	33	1
0.676470588235294	2	33	1
0.48780487804878	2	33	1
0.48	2	33	1
0.244897959183673	2	33	1
0.545454545454545	2	33	1
0.48780487804878	2	33	1
0.5	2	33	1
0.16	2	33	1
0.277777777777778	2	33	1
0.416666666666667	2	33	1
0.394736842105263	2	33	1
0.459459459459459	2	33	1
0.5	2	33	1
0.583333333333333	2	33	1
0.461538461538462	2	33	1
0.413793103448276	2	33	1
0.473684210526316	2	33	1
0.413793103448276	2	33	1
0.35	2	33	1
0.368421052631579	2	33	1
0.481481481481481	2	33	1
0.1875	2	33	1
0.678571428571429	2	33	1
0.523809523809524	2	33	1
0.5	2	33	1
0.419354838709677	2	33	1
0.39622641509434	2	33	1
0.5	2	33	1
0.464285714285714	2	33	1
0.512820512820513	2	33	1
0.166666666666667	2	33	1
0.517241379310345	2	33	1
0.517241379310345	2	33	1
0.5	2	33	1
0.571428571428571	2	33	1
0.555555555555556	2	33	1
0.68	2	33	1
0.366666666666667	2	33	1
0.142857142857143	2	33	1
0.428571428571429	2	33	1
0.461538461538462	2	33	1
0.4	2	33	1
0.423076923076923	2	33	1
0.352941176470588	2	33	1
0.545454545454545	2	33	1
0.155555555555556	2	33	1
0.620689655172414	2	33	1
0.382352941176471	2	33	1
0.451612903225806	2	33	1
0.548387096774194	2	33	1
0.333333333333333	2	33	1
0.45	2	33	1
0.6	2	33	1
0.315789473684211	2	33	1
0.326530612244898	2	33	1
0.482758620689655	2	33	1
0.513513513513513	2	33	1
0.484848484848485	2	33	1
0.48780487804878	2	33	1
0.484848484848485	2	33	1
0.366666666666667	2	33	1
0.384615384615385	2	33	1
0.46875	2	33	1
0.192307692307692	2	33	1
0.5625	2	33	1
0.365853658536585	2	33	1
0.269230769230769	2	33	1
0.230769230769231	2	33	1
0.407407407407407	2	33	1
0.666666666666667	2	33	1
0.526315789473684	2	33	1
0.428571428571429	2	33	1
0.40625	2	33	1
0.40625	2	33	1
0.428571428571429	2	33	1
0.3	2	33	1
0.585365853658537	2	33	1
0.387096774193548	2	33	1
0.407407407407407	2	33	1
0.470588235294118	2	33	1
0.363636363636364	2	33	1
0.583333333333333	2	33	1
0.192307692307692	2	33	1
0.41025641025641	2	33	1
0.475	2	33	1
0.5	2	33	1
0.307692307692308	2	33	1
0.473684210526316	2	33	1
0.625	2	33	1
0.428571428571429	2	33	1
0.454545454545455	2	33	1
0.115384615384615	2	33	1
0.4	2	33	1
0.514285714285714	2	33	1
0.526315789473684	2	33	1
0.555555555555556	2	33	1
0.342105263157895	2	33	1
0.484848484848485	2	33	1
0.102040816326531	2	33	1
0.297297297297297	2	33	1
0.46875	2	33	1
0.483870967741935	2	33	1
0.366666666666667	2	33	1
0.513513513513513	2	33	1
0.548387096774194	2	33	1
0.5	2	33	1
0.272727272727273	2	33	1
0.155555555555556	2	33	1
0.46875	2	33	1
0.594594594594595	2	33	1
0.333333333333333	2	33	1
0.27027027027027	2	33	1
0.447368421052632	2	33	1
0.444444444444444	2	33	1
0.475	2	33	1
0.444444444444444	2	33	1
0.481481481481481	2	33	1
0.44	2	33	1
0.517241379310345	2	33	1
0.36	2	33	1
0.44	2	33	1
0.567567567567568	2	33	1
0.137931034482759	2	33	1
0.15	2	33	1
0.487179487179487	2	33	1
0.354166666666667	2	33	1
0.28	2	33	1
0.433333333333333	2	33	1
0.378378378378378	2	33	1
0.604651162790698	2	33	1
0.564102564102564	2	33	1
0.153846153846154	2	33	1
0.366666666666667	2	33	1
0.37037037037037	2	33	1
0.25	2	33	1
0.21875	2	33	1
0.291666666666667	2	33	1
0.41025641025641	2	33	1
0.321428571428571	2	33	1
0.483870967741935	2	33	1
0.489795918367347	2	33	1
0.290322580645161	2	33	1
0.4375	2	33	1
0.666666666666667	2	33	1
0.2	2	33	1
0.454545454545455	2	33	1
0.421052631578947	2	33	1
0.214285714285714	2	33	1
0.352941176470588	2	33	1
0.371428571428571	2	33	1
0.441860465116279	2	33	1
0.404761904761905	2	33	1
0.258064516129032	2	33	1
0.439024390243902	2	33	1
0.5	2	33	1
0.40625	2	33	1
0.15	2	33	1
0.121951219512195	2	33	1
0.379310344827586	2	33	1
0.457142857142857	2	33	1
0.382352941176471	2	33	1
0.52	2	33	1
0.452380952380952	2	33	1
0.833333333333333	2	33	1
0.64	2	33	1
0.478260869565217	2	33	1
0.5	2	33	1
0.189189189189189	2	33	1
0.46875	2	33	1
0.409090909090909	2	33	1
0.555555555555556	2	33	1
0.184210526315789	2	33	1
0.568627450980392	2	33	1
0.555555555555556	2	33	1
0.535714285714286	2	33	1
0.4	2	33	1
0.424242424242424	2	33	1
0.346153846153846	2	33	1
0.522727272727273	2	33	1
0.481481481481481	2	33	1
0.16	2	33	1
0.523809523809524	2	33	1
0.518518518518518	2	33	1
0.407407407407407	2	33	1
0.481481481481481	2	33	1
0.478260869565217	2	33	1
0.414634146341463	2	33	1
0.272727272727273	2	33	1
0.5625	2	33	1
0.37037037037037	2	33	1
0.34	2	33	1
0.115384615384615	2	33	1
0.272727272727273	2	33	1
0.441176470588235	2	33	1
0.461538461538462	2	33	1
0.25	2	33	1
0.366666666666667	2	33	1
0.222222222222222	2	33	1
0.461538461538462	2	33	1
0.535714285714286	2	33	1
0.355555555555556	2	33	1
0.433333333333333	2	33	1
0.512820512820513	2	33	1
0.416666666666667	2	33	1
0.379310344827586	2	33	1
0.386363636363636	2	33	1
0.604651162790698	2	33	1
0.4	2	33	1
0.263157894736842	2	33	1
0.28	2	33	1
0.352941176470588	2	33	1
0.214285714285714	2	33	1
0.263157894736842	2	33	1
0.230769230769231	2	33	1
0.521739130434783	2	33	1
0.44	2	33	1
0.666666666666667	2	33	1
0.4375	2	33	1
0.386363636363636	2	33	1
0.368421052631579	2	33	1
0.465116279069767	2	33	1
0.59375	2	33	1
0.517857142857143	2	33	1
0.294117647058824	2	33	1
0.473684210526316	2	33	1
0.348837209302326	2	33	1
0.538461538461538	2	33	1
0.4	2	33	1
0.592592592592593	2	33	1
0.133333333333333	2	33	1
0.552631578947368	2	33	1
0.533333333333333	2	33	1
0.181818181818182	2	33	1
0.242424242424242	2	33	1
0.513513513513513	2	33	1
0.681818181818182	2	33	1
0.608695652173913	2	33	1
0.56	2	33	1
0.483870967741935	2	33	1
0.314285714285714	2	33	1
0.652173913043478	2	33	1
0.454545454545455	2	33	1
0.478260869565217	2	33	1
0.266666666666667	2	33	1
0.53125	2	33	1
0.375	2	33	1
0.447368421052632	2	33	1
0.472222222222222	2	33	1
0.407407407407407	2	33	1
0.4	2	33	1
0.458333333333333	2	33	1
0.346153846153846	2	33	1
0.4	2	33	1
0.333333333333333	2	33	1
0.5	2	33	1
0.516129032258065	2	33	1
0.58695652173913	2	33	1
0.351851851851852	2	33	1
0.44	2	33	1
0.225806451612903	2	33	1
0.4	2	33	1
0.214285714285714	2	33	1
0.510204081632653	2	33	1
0.470588235294118	2	33	1
0.170212765957447	2	33	1
0.352941176470588	2	33	1
0.4	2	33	1
0.56	2	33	1
0.387096774193548	2	33	1
0.21875	2	33	1
0.142857142857143	2	33	1
0.538461538461538	2	33	1
0.476190476190476	2	33	1
0.535714285714286	2	33	1
0.458333333333333	2	33	1
0.441176470588235	2	33	1
0.485714285714286	2	33	1
0.305555555555556	2	33	1
0.481481481481481	2	33	1
0.633333333333333	2	33	1
0.433333333333333	2	33	1
0.419354838709677	2	33	1
0.351351351351351	2	33	1
0.153846153846154	2	33	1
0.35	2	33	1
0.235294117647059	2	33	1
0.28	2	33	1
0.172413793103448	2	33	1
0.555555555555556	2	33	1
0.375	2	33	1
0.176470588235294	2	33	1
0.441860465116279	2	33	1
0.342105263157895	2	33	1
0.488372093023256	2	33	1
0.48	2	33	1
0.537037037037037	2	33	1
0.5	2	33	1
0.2	2	33	1
0.580645161290323	2	33	1
0.4	2	33	1
0.4	2	33	1
0.342857142857143	2	33	1
0.4	2	33	1
0.51219512195122	2	33	1
0.5	2	33	1
0.452380952380952	2	33	1
0.382352941176471	2	33	1
0.4	2	33	1
0.310344827586207	2	33	1
0.363636363636364	2	33	1
0.441176470588235	2	33	1
0.433333333333333	2	33	1
0.481481481481481	2	33	1
0.529411764705882	2	33	1
0.636363636363636	2	33	1
0.520833333333333	2	33	1
0.447368421052632	2	33	1
0.45	2	33	1
0.112903225806452	2	33	1
0.291666666666667	2	33	1
0.227272727272727	2	33	1
0.227272727272727	2	33	1
0.217391304347826	2	33	1
0.217391304347826	2	33	1
0.448275862068966	2	33	1
0.509433962264151	2	33	1
0.5	2	33	1
0.470588235294118	2	33	1
0.441176470588235	2	33	1
0.53125	2	33	1
0.392857142857143	2	33	1
0.4	2	33	1
0.103448275862069	2	33	1
0.470588235294118	2	33	1
0.419354838709677	2	33	1
0.545454545454545	2	33	1
0.125	2	33	1
0.444444444444444	2	33	1
0.304347826086957	2	33	1
0.454545454545455	2	33	1
0.675675675675676	2	33	1
0.483870967741935	2	33	1
0.448275862068966	2	33	1
0.51063829787234	2	33	1
0.404761904761905	2	33	1
0.432432432432432	2	33	1
0.473684210526316	2	33	1
0.594594594594595	2	33	1
0.448275862068966	2	33	1
0.379310344827586	2	33	1
0.3	2	33	1
0.607142857142857	2	33	1
0.58974358974359	2	33	1
0.382352941176471	2	33	1
0.627906976744186	2	33	1
0.193548387096774	2	33	1
0.580645161290323	2	33	1
0.428571428571429	2	33	1
0.28	2	33	1
0.333333333333333	2	33	1
0.5	2	33	1
0.517241379310345	2	33	1
0.240740740740741	2	33	1
0.135135135135135	2	33	1
0.224489795918367	2	33	1
0.387096774193548	2	33	1
0.36	2	33	1
0.642857142857143	2	33	1
0.625	2	33	1
0.382352941176471	2	33	1
0.458333333333333	2	33	1
0.5	2	33	1
0.153846153846154	2	33	1
0.486486486486487	2	33	1
0.527777777777778	2	33	1
0.363636363636364	2	33	1
0.441176470588235	2	33	1
0.380952380952381	2	33	1
0.424242424242424	2	33	1
0.1875	2	33	1
0.625	2	33	1
0.414634146341463	2	33	1
0.457142857142857	2	33	1
0.0967741935483871	2	33	1
0.48780487804878	2	33	1
0.344827586206897	2	33	1
0.214285714285714	2	33	1
0.1875	2	33	1
0.222222222222222	2	33	1
0.459459459459459	2	33	1
0.459459459459459	2	33	1
0.394736842105263	2	33	1
0.5	2	33	1
0.5	2	33	1
0.44	2	33	1
0.368421052631579	2	33	1
0.4	2	33	1
0.472222222222222	2	33	1
0.48	2	33	1
0.521739130434783	2	33	1
0.542857142857143	2	33	1
0.416666666666667	2	33	1
0.595238095238095	2	33	1
0.375	2	33	1
0.441176470588235	2	33	1
0.56	2	33	1
0.45	2	33	1
0.428571428571429	2	33	1
0.535714285714286	2	33	1
0.19047619047619	2	33	1
0.333333333333333	2	33	1
0.441176470588235	2	33	1
0.435897435897436	2	33	1
0.304347826086957	2	33	1
0.277777777777778	2	33	1
0.555555555555556	2	33	1
0.428571428571429	2	33	1
0.423076923076923	2	33	1
0.205882352941176	2	33	1
0.315789473684211	2	33	1
0.526315789473684	2	33	1
0.515151515151515	2	33	1
0.566666666666667	2	33	1
0.51219512195122	2	33	1
0.433333333333333	2	33	1
0.6	2	33	1
0.266666666666667	2	33	1
0.25	2	33	1
0.117647058823529	2	33	1
0.358974358974359	2	33	1
0.434782608695652	2	33	1
0.448275862068966	2	33	1
0.678571428571429	2	33	1
0.25	2	33	1
0.487179487179487	2	33	1
0.551724137931034	2	33	1
0.476190476190476	2	33	1
0.433333333333333	2	33	1
0.517241379310345	2	33	1
0.6	2	33	1
0.5	2	33	1
0.533333333333333	2	33	1
0.594594594594595	2	33	1
0.451612903225806	2	33	1
0.4	2	33	1
0.157894736842105	2	33	1
0.408163265306122	2	33	1
0.439024390243902	2	33	1
0.263157894736842	2	33	1
0.448275862068966	2	33	1
0.428571428571429	2	33	1
0.473684210526316	2	33	1
0.481481481481481	2	33	1
0.473684210526316	2	33	1
0.333333333333333	2	33	1
0.378378378378378	2	33	1
0.434782608695652	2	33	1
0.4	2	33	1
0.1	2	33	1
0.369565217391304	2	33	1
0.1875	2	33	1
0.4	2	33	1
0.538461538461538	2	33	1
0.5	2	33	1
0.444444444444444	2	33	1
0.214285714285714	2	33	1
0.4375	2	33	1
0.157894736842105	2	33	1
0.409090909090909	2	33	1
0.555555555555556	2	33	1
0.604651162790698	2	33	1
0.395348837209302	2	33	1
0.515151515151515	2	33	1
0.351351351351351	2	33	1
0.388888888888889	2	33	1
0.32258064516129	2	33	1
0.548387096774194	2	33	1
0.5	2	33	1
0.214285714285714	2	33	1
0.222222222222222	2	33	1
0.222222222222222	2	33	1
0.411764705882353	2	33	1
0.564102564102564	2	33	1
0.171428571428571	2	33	1
0.163265306122449	2	33	1
0.463414634146341	2	33	1
0.121951219512195	2	33	1
0.418604651162791	2	33	1
0.5	2	33	1
0.478260869565217	2	33	1
0.545454545454545	2	33	1
0.428571428571429	2	33	1
0.384615384615385	2	33	1
0.470588235294118	2	33	1
0.428571428571429	2	33	1
0.357142857142857	2	33	1
0.4375	2	33	1
0.512820512820513	2	33	1
0.15	2	33	1
0.2	2	33	1
0.452380952380952	2	33	1
0.536585365853659	2	33	1
0.5	2	33	1
0.111111111111111	2	33	1
0.6	2	33	1
0.517241379310345	2	33	1
0.157894736842105	2	33	1
0.464285714285714	2	33	1
0.666666666666667	2	33	1
0.59375	2	33	1
0.529411764705882	2	33	1
0.157894736842105	2	33	1
0.166666666666667	2	33	1
0.4	2	33	1
0.59375	2	33	1
0.229166666666667	2	33	1
0.433333333333333	2	33	1
0.510204081632653	2	33	1
0.523809523809524	2	33	1
0.258064516129032	2	33	1
0.434782608695652	2	33	1
0.488888888888889	2	33	1
0.410714285714286	2	33	1
0.545454545454545	2	33	1
0.594594594594595	2	33	1
0.4	2	33	1
0.475	2	33	1
0.35	2	33	1
0.387755102040816	2	33	1
0.361111111111111	2	33	1
0.620689655172414	2	33	1
0.296296296296296	2	33	1
0.478260869565217	2	33	1
0.142857142857143	2	33	1
0.5	2	33	1
0.448275862068966	2	33	1
0.48780487804878	2	33	1
0.487179487179487	2	33	1
0.260869565217391	2	33	1
0.454545454545455	2	33	1
0.371428571428571	2	33	1
0.454545454545455	2	33	1
0.6	2	33	1
0.518518518518518	2	33	1
0.583333333333333	2	33	1
0.35	2	33	1
0.5	2	33	1
0.354838709677419	2	33	1
0.228571428571429	2	33	1
0.348837209302326	2	33	1
0.576923076923077	2	33	1
0.404255319148936	2	33	1
0.387755102040816	2	33	1
0.466666666666667	2	33	1
0.482758620689655	2	33	1
0.514285714285714	2	33	1
0.709677419354839	2	33	1
0.44	2	33	1
0.764705882352941	2	33	1
0.115384615384615	2	33	1
0.433333333333333	2	33	1
0.382352941176471	2	33	1
0.487179487179487	2	33	1
0.564102564102564	2	33	1
0.310344827586207	2	33	1
0.155555555555556	2	33	1
0.36	2	33	1
0.446808510638298	2	33	1
0.392857142857143	2	33	1
0.58695652173913	2	33	1
0.323529411764706	2	33	1
0.205128205128205	2	33	1
0.37037037037037	2	33	1
0.366666666666667	2	33	1
0.527777777777778	2	33	1
0.531914893617021	2	33	1
0.53125	2	33	1
0.428571428571429	2	33	1
0.421052631578947	2	33	1
0.15625	2	33	1
0.439024390243902	2	33	1
0.333333333333333	2	33	1
0.476190476190476	2	33	1
0.529411764705882	2	33	1
0.608695652173913	2	33	1
0.421052631578947	2	33	1
0.365853658536585	2	33	1
0.37037037037037	2	33	1
0.48	2	33	1
0.428571428571429	2	33	1
0.375	2	33	1
0.557692307692308	2	33	1
0.354838709677419	2	33	1
0.521739130434783	2	33	1
0.451612903225806	2	33	1
0.407407407407407	2	33	1
0.352941176470588	2	33	1
0.479166666666667	2	33	1
0.361111111111111	2	33	1
0.366666666666667	2	33	1
0.459459459459459	2	33	1
0.1875	2	33	1
0.214285714285714	2	33	1
0.291666666666667	2	33	1
0.465116279069767	2	33	1
0.439024390243902	2	33	1
0.521739130434783	2	33	1
0.3125	2	33	1
0.321428571428571	2	33	1
0.571428571428571	2	33	1
0.53125	2	33	1
0.413793103448276	2	33	1
0.368421052631579	2	33	1
0.419354838709677	2	33	1
0.4375	2	33	1
0.222222222222222	2	33	1
0.363636363636364	2	33	1
0.482758620689655	2	33	1
0.368421052631579	2	33	1
0.107142857142857	2	33	1
0.571428571428571	2	33	1
0.16	2	33	1
0.153846153846154	2	33	1
0.538461538461538	2	33	1
0.311111111111111	2	33	1
0.277777777777778	2	33	1
0.5	2	33	1
0.482758620689655	2	33	1
0.428571428571429	2	33	1
0.268292682926829	2	33	1
0.44	2	33	1
0.5	2	33	1
0.346153846153846	2	33	1
0.464285714285714	2	33	1
0.5	2	33	1
0.138888888888889	2	33	1
0.4375	2	33	1
0.289473684210526	2	33	1
0.488372093023256	2	33	1
0.625	2	33	1
0.193548387096774	2	33	1
0.485714285714286	2	33	1
0.538461538461538	2	33	1
0.323529411764706	2	33	1
0.521739130434783	2	33	1
0.586206896551724	2	33	1
0.444444444444444	2	33	1
0.555555555555556	2	33	1
0.423076923076923	2	33	1
0.153846153846154	2	33	1
0.4	2	33	1
0.413793103448276	2	33	1
0.55	2	33	1
0.6	2	33	1
0.260869565217391	2	33	1
0.458333333333333	2	33	1
0.351351351351351	2	33	1
0.333333333333333	2	33	1
0.48780487804878	2	33	1
0.441176470588235	2	33	1
0.40625	2	33	1
0.386363636363636	2	33	1
0.676470588235294	2	33	1
0.365853658536585	2	33	1
0.425	2	33	1
0.346153846153846	2	33	1
0.404761904761905	2	33	1
0.395348837209302	2	33	1
0.56	2	33	1
0.130434782608696	2	33	1
0.5	2	33	1
0.517241379310345	2	33	1
0.454545454545455	2	33	1
0.6	2	33	1
0.393939393939394	2	33	1
0.551020408163265	2	33	1
0.59375	2	33	1
0.121212121212121	2	33	1
0.538461538461538	2	33	1
0.466666666666667	2	33	1
0.419354838709677	2	33	1
0.551724137931034	2	33	1
0.428571428571429	2	33	1
0.538461538461538	2	33	1
0.333333333333333	2	33	1
0.178571428571429	2	33	1
0.222222222222222	2	33	1
0.3	2	33	1
0.586206896551724	2	33	1
0.578947368421053	2	33	1
0.192307692307692	2	33	1
0.317073170731707	2	33	1
0.4375	2	33	1
0.6	2	33	1
0.555555555555556	2	33	1
0.170731707317073	2	33	1
0.4375	2	33	1
0.363636363636364	2	33	1
0.591836734693878	2	33	1
0.5	2	33	1
0.472222222222222	2	33	1
0.428571428571429	2	33	1
0.121951219512195	2	33	1
0.46875	2	33	1
0.391304347826087	2	33	1
0.416666666666667	2	33	1
0.414634146341463	2	33	1
0.394736842105263	2	33	1
0.432432432432432	2	33	1
0.439024390243902	2	33	1
0.454545454545455	2	33	1
0.620689655172414	2	33	1
0.342105263157895	2	33	1
0.428571428571429	2	33	1
0.256410256410256	2	33	1
0.451612903225806	2	33	1
0.451612903225806	2	33	1
0.413793103448276	2	33	1
0.488372093023256	2	33	1
0.444444444444444	2	33	1
0.40625	2	33	1
0.5	2	33	1
0.125	2	33	1
0.125	2	33	1
0.461538461538462	2	33	1
0.159090909090909	2	33	1
0.529411764705882	2	33	1
0.137931034482759	2	33	1
0.722222222222222	2	33	1
0.541666666666667	2	33	1
0.32	2	33	1
0.5	2	33	1
0.577777777777778	2	33	1
0.35	2	33	1
0.395348837209302	2	33	1
0.4375	2	33	1
0.272727272727273	2	33	1
0.657142857142857	2	33	1
0.37037037037037	2	33	1
0.113207547169811	2	33	1
0.5	2	33	1
0.441176470588235	2	33	1
0.378378378378378	2	33	1
0.575	2	33	1
0.525	2	33	1
0.434782608695652	2	33	1
0.515151515151515	2	33	1
0.655172413793103	2	33	1
0.527777777777778	2	33	1
0.4	2	33	1
0.5	2	33	1
0.36	2	33	1
0.611111111111111	2	33	1
0.409090909090909	2	33	1
0.35	2	33	1
0.625	2	33	1
0.428571428571429	2	33	1
0.523809523809524	2	33	1
0.321428571428571	2	33	1
0.416666666666667	2	33	1
0.419354838709677	2	33	1
0.125	2	33	1
0.441860465116279	2	33	1
0.285714285714286	2	33	1
0.266666666666667	2	33	1
0.291666666666667	2	33	1
0.419354838709677	2	33	1
0.5	2	33	1
0.483870967741935	2	33	1
0.558823529411765	2	33	1
0.766666666666667	2	33	1
0.177777777777778	2	33	1
0.264705882352941	2	33	1
0.424242424242424	2	33	1
0.548387096774194	2	33	1
0.555555555555556	2	33	1
0.533333333333333	2	33	1
0.230769230769231	2	33	1
0.32	2	33	1
0.142857142857143	2	33	1
0.275	2	33	1
0.37037037037037	2	33	1
0.193548387096774	2	33	1
0.457142857142857	2	33	1
0.2	2	33	1
0.5	2	33	1
0.428571428571429	2	33	1
0.612903225806452	2	33	1
0.555555555555556	2	33	1
0.305555555555556	2	33	1
0.583333333333333	2	33	1
0.424242424242424	2	33	1
0.266666666666667	2	33	1
0.416666666666667	2	33	1
0.428571428571429	2	33	1
0.41025641025641	2	33	1
0.533333333333333	2	33	1
0.425	2	33	1
0.461538461538462	2	33	1
0.4	2	33	1
0.458333333333333	2	33	1
0.464285714285714	2	33	1
0.574468085106383	2	33	1
0.181818181818182	2	33	1
0.135135135135135	2	33	1
0.27906976744186	2	33	1
0.52	2	33	1
0.454545454545455	2	33	1
0.529411764705882	2	33	1
0.5	2	33	1
0.5	2	33	1
0.551020408163265	2	33	1
0.230769230769231	2	33	1
0.19047619047619	2	33	1
0.489795918367347	2	33	1
0.392857142857143	2	33	1
0.4	2	33	1
0.285714285714286	2	33	1
0.457142857142857	2	33	1
0.454545454545455	2	33	1
0.48936170212766	2	33	1
0.481481481481481	2	33	1
0.461538461538462	2	33	1
0.580645161290323	2	33	1
0.4375	2	33	1
0.625	2	33	1
0.392857142857143	2	33	1
0.566666666666667	2	33	1
0.205128205128205	2	33	1
0.447368421052632	2	33	1
0.533333333333333	2	33	1
0.459459459459459	2	33	1
0.166666666666667	2	33	1
0.419354838709677	2	33	1
0.567567567567568	2	33	1
0.32	2	33	1
0.466666666666667	2	33	1
0.361111111111111	2	33	1
0.41304347826087	2	33	1
0.439024390243902	2	33	1
0.25	2	33	1
0.558139534883721	2	33	1
0.294117647058824	2	33	1
0.607142857142857	2	33	1
0.4375	2	33	1
0.485714285714286	2	33	1
0.176470588235294	2	33	1
0.591836734693878	2	33	1
0.148148148148148	2	33	1
0.641025641025641	2	33	1
0.357142857142857	2	33	1
0.615384615384615	2	33	1
0.515151515151515	2	33	1
0.521739130434783	2	33	1
0.512820512820513	2	33	1
0.5	2	33	1
0.272727272727273	2	33	1
0.515151515151515	2	33	1
0.475	2	33	1
0.727272727272727	2	33	1
0.485714285714286	2	33	1
0.533333333333333	2	33	1
0.0909090909090909	2	33	1
0.185185185185185	2	33	1
0.451612903225806	2	33	1
0.12	2	33	1
0.434782608695652	2	33	1
0.621621621621622	2	33	1
0.478260869565217	2	33	1
0.466666666666667	2	33	1
0.35	2	33	1
0.413793103448276	2	33	1
0.48	2	33	1
0.535714285714286	2	33	1
0.416666666666667	2	33	1
0.391304347826087	2	33	1
0.638888888888889	2	33	1
0.473684210526316	2	33	1
0.161290322580645	2	33	1
0.2	2	33	1
0.205128205128205	2	33	1
0.162162162162162	2	33	1
0.176470588235294	2	33	1
0.087719298245614	3	45	1
0.222222222222222	3	45	1
0.186440677966102	3	45	1
0.372093023255814	3	45	1
0.318181818181818	3	45	1
0.291666666666667	3	45	1
0.595744680851064	3	45	1
0.125	3	45	1
0.304347826086957	3	45	1
0.387755102040816	3	45	1
0.219512195121951	3	45	1
0.375	3	45	1
0.5	3	45	1
0.184210526315789	3	45	1
0.685185185185185	3	45	1
0.225806451612903	3	45	1
0.369565217391304	3	45	1
0.323529411764706	3	45	1
0.290909090909091	3	45	1
0.244897959183673	3	45	1
0.346938775510204	3	45	1
0.269230769230769	3	45	1
0.269230769230769	3	45	1
0.266666666666667	3	45	1
0.285714285714286	3	45	1
0.195121951219512	3	45	1
0.155172413793103	3	45	1
0.222222222222222	3	45	1
0.363636363636364	3	45	1
0.369565217391304	3	45	1
0.177777777777778	3	45	1
0.323529411764706	3	45	1
0.363636363636364	3	45	1
0.423076923076923	3	45	1
0.282051282051282	3	45	1
0.403846153846154	3	45	1
0.101694915254237	3	45	1
0.362068965517241	3	45	1
0.319148936170213	3	45	1
0.282051282051282	3	45	1
0.380952380952381	3	45	1
0.285714285714286	3	45	1
0.2	3	45	1
0.204081632653061	3	45	1
0.196078431372549	3	45	1
0.32	3	45	1
0.342105263157895	3	45	1
0.357142857142857	3	45	1
0.185714285714286	3	45	1
0.107142857142857	3	45	1
0.481481481481481	3	45	1
0.419354838709677	3	45	1
0.222222222222222	3	45	1
0.416666666666667	3	45	1
0.857142857142857	3	45	1
0.36	3	45	1
0.533333333333333	3	45	1
0.210526315789474	3	45	1
0.145833333333333	3	45	1
0.304347826086957	3	45	1
0.193548387096774	3	45	1
0.125	3	45	1
0.28	3	45	1
0.206896551724138	3	45	1
0.192982456140351	3	45	1
0.293103448275862	3	45	1
0.107142857142857	3	45	1
0.285714285714286	3	45	1
0.355932203389831	3	45	1
0.230769230769231	3	45	1
0.647058823529412	3	45	1
0.625	3	45	1
0.333333333333333	3	45	1
0.291666666666667	3	45	1
0.285714285714286	3	45	1
0.310344827586207	3	45	1
0.241379310344828	3	45	1
0.222222222222222	3	45	1
0.230769230769231	3	45	1
0.56	3	45	1
0.227272727272727	3	45	1
0.339622641509434	3	45	1
0.25	3	45	1
0.293103448275862	3	45	1
0.24	3	45	1
0.232558139534884	3	45	1
0.09375	3	45	1
0.323529411764706	3	45	1
0.266666666666667	3	45	1
0.514705882352941	3	45	1
0.171428571428571	3	45	1
0.26	3	45	1
0.3	3	45	1
0.242424242424242	3	45	1
0.328125	3	45	1
0.403846153846154	3	45	1
0.4	3	45	1
0.370967741935484	3	45	1
0.307692307692308	3	45	1
0.106382978723404	3	45	1
0.196969696969697	3	45	1
0.386363636363636	3	45	1
0.32	3	45	1
0.259259259259259	3	45	1
0.333333333333333	3	45	1
0.159090909090909	3	45	1
0.423076923076923	3	45	1
0.271186440677966	3	45	1
0.342857142857143	3	45	1
0.425	3	45	1
0.137931034482759	3	45	1
0.195652173913043	3	45	1
0.128205128205128	3	45	1
0.348837209302326	3	45	1
0.612244897959184	3	45	1
0.36734693877551	3	45	1
0.405405405405405	3	45	1
0.325	3	45	1
0.254901960784314	3	45	1
0.607142857142857	3	45	1
0.724137931034483	3	45	1
0.46875	3	45	1
0.791666666666667	3	45	1
0.137254901960784	3	45	1
0.631578947368421	3	45	1
0.280701754385965	3	45	1
0.30952380952381	3	45	1
0.121951219512195	3	45	1
0.333333333333333	3	45	1
0.278688524590164	3	45	1
0.27906976744186	3	45	1
0.235294117647059	3	45	1
0.224489795918367	3	45	1
0.327868852459016	3	45	1
0.384615384615385	3	45	1
0.326086956521739	3	45	1
0.722222222222222	3	45	1
0.25	3	45	1
0.184210526315789	3	45	1
0.311111111111111	3	45	1
0.13953488372093	3	45	1
0.297872340425532	3	45	1
0.785714285714286	3	45	1
0.714285714285714	3	45	1
0.264150943396226	3	45	1
0.244897959183673	3	45	1
0.3125	3	45	1
0.105263157894737	3	45	1
0.277777777777778	3	45	1
0.157894736842105	3	45	1
0.157894736842105	3	45	1
0.227272727272727	3	45	1
0.326086956521739	3	45	1
0.375	3	45	1
0.0961538461538462	3	45	1
0.27906976744186	3	45	1
0.285714285714286	3	45	1
0.162162162162162	3	45	1
0.461538461538462	3	45	1
0.157894736842105	3	45	1
0.19047619047619	3	45	1
0.3	3	45	1
0.26530612244898	3	45	1
0.4	3	45	1
0.35	3	45	1
0.294117647058824	3	45	1
0.462962962962963	3	45	1
0.2	3	45	1
0.148936170212766	3	45	1
0.183673469387755	3	45	1
0.4375	3	45	1
0.257142857142857	3	45	1
0.309859154929577	3	45	1
0.425	3	45	1
0.26530612244898	3	45	1
0.170731707317073	3	45	1
0.163265306122449	3	45	1
0.4	3	45	1
0.354838709677419	3	45	1
0.206349206349206	3	45	1
0.138888888888889	3	45	1
0.130434782608696	3	45	1
0.355932203389831	3	45	1
0.246376811594203	3	45	1
0.307692307692308	3	45	1
0.170731707317073	3	45	1
