VAF	CN	avg.depth	purity
0.1875	2	32	0.92
0.233333333333333	2	32	0.92
0.25	2	32	0.92
0.108695652173913	2	32	0.92
0.277777777777778	2	32	0.92
0.216216216216216	2	32	0.92
0.486486486486487	2	32	0.92
0.511627906976744	2	32	0.92
0.0967741935483871	2	32	0.92
0.235294117647059	2	32	0.92
0.0967741935483871	2	32	0.92
0.194444444444444	2	32	0.92
0.166666666666667	2	32	0.92
0.119047619047619	2	32	0.92
0.1875	2	32	0.92
0.1	2	32	0.92
0.5	2	32	0.92
0.222222222222222	2	32	0.92
0.222222222222222	2	32	0.92
0.214285714285714	2	32	0.92
0.545454545454545	2	32	0.92
0.444444444444444	2	32	0.92
0.15625	2	32	0.92
0.15625	2	32	0.92
0.25	2	32	0.92
0.12	2	32	0.92
0.176470588235294	2	32	0.92
0.564102564102564	2	32	0.92
0.645161290322581	2	32	0.92
0.5	2	32	0.92
0.222222222222222	2	32	0.92
0.2	2	32	0.92
0.181818181818182	2	32	0.92
0.25	2	32	0.92
0.361111111111111	2	32	0.92
0.175	2	32	0.92
0.214285714285714	2	32	0.92
0.0967741935483871	2	32	0.92
0.476190476190476	2	32	0.92
0.378378378378378	2	32	0.92
0.391304347826087	2	32	0.92
0.166666666666667	2	32	0.92
0.292682926829268	2	32	0.92
0.169811320754717	2	32	0.92
0.5	2	32	0.92
0.225806451612903	2	32	0.92
0.157894736842105	2	32	0.92
0.157894736842105	2	32	0.92
0.540540540540541	2	32	0.92
0.324324324324324	2	32	0.92
0.380952380952381	2	32	0.92
0.25	2	32	0.92
0.363636363636364	2	32	0.92
0.307692307692308	2	32	0.92
0.566666666666667	2	32	0.92
0.307692307692308	2	32	0.92
0.727272727272727	2	32	0.92
0.333333333333333	2	32	0.92
0.0697674418604651	2	32	0.92
0.176470588235294	2	32	0.92
0.490196078431373	2	32	0.92
0.473684210526316	2	32	0.92
0.559322033898305	2	32	0.92
0.2	2	32	0.92
0.387096774193548	2	32	0.92
0.368421052631579	2	32	0.92
0.540540540540541	2	32	0.92
0.461538461538462	2	32	0.92
0.371428571428571	2	32	0.92
0.340425531914894	2	32	0.92
0.230769230769231	2	32	0.92
0.233333333333333	2	32	0.92
0.482758620689655	2	32	0.92
0.217391304347826	2	32	0.92
0.125	2	32	0.92
0.0980392156862745	2	32	0.92
0.176470588235294	2	32	0.92
0.52	2	32	0.92
0.166666666666667	2	32	0.92
0.193548387096774	2	32	0.92
0.666666666666667	2	32	0.92
0.114285714285714	2	32	0.92
0.4375	2	32	0.92
0.166666666666667	2	32	0.92
0.260869565217391	2	32	0.92
0.115384615384615	2	32	0.92
0.212765957446809	2	32	0.92
0.590909090909091	2	32	0.92
0.2	2	32	0.92
0.448979591836735	2	32	0.92
0.5	2	32	0.92
0.103448275862069	2	32	0.92
0.291666666666667	2	32	0.92
0.0909090909090909	2	32	0.92
0.666666666666667	2	32	0.92
0.166666666666667	2	32	0.92
0.075	2	32	0.92
0.150943396226415	2	32	0.92
0.145454545454545	2	32	0.92
0.132075471698113	2	32	0.92
0.225	2	32	0.92
0.1	2	32	0.92
0.181818181818182	2	32	0.92
0.1	2	32	0.92
0.0697674418604651	2	32	0.92
0.259259259259259	2	32	0.92
0.212121212121212	2	32	0.92
0.15	2	32	0.92
0.545454545454545	2	32	0.92
0.166666666666667	2	32	0.92
0.358490566037736	2	32	0.92
0.12	2	32	0.92
0.103448275862069	2	32	0.92
0.4	2	32	0.92
0.0789473684210526	2	32	0.92
0.19047619047619	2	32	0.92
0.555555555555556	2	32	0.92
0.242424242424242	2	32	0.92
0.153846153846154	2	32	0.92
0.342857142857143	2	32	0.92
0.222222222222222	2	32	0.92
0.162162162162162	2	32	0.92
0.230769230769231	2	32	0.92
0.25	2	32	0.92
0.272727272727273	2	32	0.92
0.272727272727273	2	32	0.92
0.0882352941176471	2	32	0.92
0.290322580645161	2	32	0.92
0.428571428571429	2	32	0.92
0.926829268292683	2	32	0.92
0.153846153846154	2	32	0.92
0.961538461538462	2	32	0.92
0.135135135135135	2	32	0.92
0.242424242424242	2	32	0.92
0.170731707317073	2	32	0.92
0.166666666666667	2	32	0.92
0.12	2	32	0.92
0.56	2	32	0.92
0.32	2	32	0.92
0.111111111111111	2	32	0.92
0.125	2	32	0.92
0.558823529411765	2	32	0.92
0.16	2	32	0.92
0.333333333333333	2	32	0.92
0.136363636363636	2	32	0.92
0.538461538461538	2	32	0.92
0.3125	2	32	0.92
0.447368421052632	2	32	0.92
0.3	2	32	0.92
0.636363636363636	2	32	0.92
0.138888888888889	2	32	0.92
0.375	2	32	0.92
0.275862068965517	2	32	0.92
0.241379310344828	2	32	0.92
0.466666666666667	2	32	0.92
0.4375	2	32	0.92
0.214285714285714	2	32	0.92
0.58974358974359	2	32	0.92
0.0882352941176471	2	32	0.92
0.304347826086957	2	32	0.92
0.44	2	32	0.92
0.075	2	32	0.92
0.157894736842105	2	32	0.92
0.1875	2	32	0.92
0.15	2	32	0.92
0.15	2	32	0.92
0.205882352941176	2	32	0.92
0.15	2	32	0.92
0.423076923076923	2	32	0.92
0.2	2	32	0.92
0.428571428571429	2	32	0.92
0.352941176470588	2	32	0.92
0.214285714285714	2	32	0.92
0.333333333333333	2	32	0.92
0.132075471698113	2	32	0.92
0.342105263157895	2	32	0.92
0.363636363636364	2	32	0.92
0.114285714285714	2	32	0.92
0.315789473684211	2	32	0.92
0.142857142857143	2	32	0.92
0.306122448979592	2	32	0.92
0.0882352941176471	2	32	0.92
0.475	2	32	0.92
0.111111111111111	2	32	0.92
0.142857142857143	2	32	0.92
0.4	2	32	0.92
0.09375	2	32	0.92
0.384615384615385	2	32	0.92
0.333333333333333	2	32	0.92
0.272727272727273	2	32	0.92
0.1875	2	32	0.92
0.230769230769231	2	32	0.92
0.260869565217391	2	32	0.92
0.230769230769231	2	32	0.92
0.1	2	32	0.92
0.153846153846154	2	32	0.92
0.428571428571429	2	32	0.92
0.3	2	32	0.92
0.6	2	32	0.92
0.189189189189189	2	32	0.92
0.153846153846154	2	32	0.92
0.175	2	32	0.92
0.2	2	32	0.92
