VAF	CN	avg.depth	purity
0.4	2	21	0.93
0.631578947368421	2	21	0.93
0.357142857142857	2	21	0.93
0.523809523809524	2	21	0.93
0.448275862068966	3	29	0.93
0.185185185185185	3	29	0.93
0.258064516129032	3	29	0.93
0.236842105263158	3	29	0.93
0.372093023255814	3	29	0.93
0.361111111111111	3	29	0.93
0.242424242424242	3	29	0.93
0.228571428571429	3	29	0.93
0.25	3	29	0.93
0.428571428571429	3	29	0.93
0.379310344827586	3	29	0.93
0.272727272727273	3	29	0.93
0.266666666666667	3	29	0.93
0.384615384615385	3	29	0.93
0.25	3	29	0.93
0.48	3	29	0.93
0.818181818181818	3	29	0.93
0.176470588235294	3	29	0.93
0.285714285714286	3	29	0.93
0.184210526315789	3	29	0.93
0.28	3	29	0.93
0.363636363636364	3	29	0.93
0.366666666666667	3	29	0.93
0.3125	3	29	0.93
0.375	3	29	0.93
0.193548387096774	3	29	0.93
0.333333333333333	3	29	0.93
0.269230769230769	3	29	0.93
0.357142857142857	3	29	0.93
0.416666666666667	3	29	0.93
0.428571428571429	3	29	0.93
0.291666666666667	3	29	0.93
0.243243243243243	3	29	0.93
0.108108108108108	3	29	0.93
0.290322580645161	3	29	0.93
0.214285714285714	3	29	0.93
0.27027027027027	3	29	0.93
0.3	3	29	0.93
0.242424242424242	3	29	0.93
0.35	3	29	0.93
0.296296296296296	3	29	0.93
0.392857142857143	3	29	0.93
0.197368421052632	3	29	0.93
0.333333333333333	3	29	0.93
0.416666666666667	3	29	0.93
0.259259259259259	3	29	0.93
0.263157894736842	3	29	0.93
0.318181818181818	3	29	0.93
0.321428571428571	3	29	0.93
0.205882352941176	3	29	0.93
0.205128205128205	3	29	0.93
0.35	3	29	0.93
0.266666666666667	3	29	0.93
0.294117647058824	3	29	0.93
0.425	3	29	0.93
0.257142857142857	3	29	0.93
0.290322580645161	3	29	0.93
0.3	3	29	0.93
0.263157894736842	3	29	0.93
0.419354838709677	3	29	0.93
0.3	3	29	0.93
0.4	3	29	0.93
0.178571428571429	3	29	0.93
0.25	3	29	0.93
0.368421052631579	3	29	0.93
0.378378378378378	3	29	0.93
0.333333333333333	3	29	0.93
0.27027027027027	3	29	0.93
0.277777777777778	3	29	0.93
0.347826086956522	3	29	0.93
0.304347826086957	3	29	0.93
0.457142857142857	3	29	0.93
0.296296296296296	3	29	0.93
0.35	3	29	0.93
0.421052631578947	3	29	0.93
0.268292682926829	3	29	0.93
0.259259259259259	3	29	0.93
0.24390243902439	3	29	0.93
0.272727272727273	3	29	0.93
0.217391304347826	3	29	0.93
0.259259259259259	3	29	0.93
0.296296296296296	3	29	0.93
0.4	3	29	0.93
0.206896551724138	3	29	0.93
0.257142857142857	3	29	0.93
0.315789473684211	3	29	0.93
0.222222222222222	3	29	0.93
0.296296296296296	3	29	0.93
0.260869565217391	3	29	0.93
0.41304347826087	3	29	0.93
0.36	3	29	0.93
0.285714285714286	3	29	0.93
0.392857142857143	3	29	0.93
0.307692307692308	3	29	0.93
0.1875	3	29	0.93
0.261904761904762	3	29	0.93
0.259259259259259	3	29	0.93
0.259259259259259	3	29	0.93
0.176470588235294	3	29	0.93
0.342105263157895	3	29	0.93
0.5	3	29	0.93
0.351351351351351	3	29	0.93
0.481481481481481	3	29	0.93
0.217391304347826	3	29	0.93
0.310344827586207	3	29	0.93
0.266666666666667	3	29	0.93
0.459459459459459	3	29	0.93
0.315789473684211	3	29	0.93
0.3125	3	29	0.93
0.379310344827586	3	29	0.93
0.4375	3	29	0.93
0.37037037037037	3	29	0.93
0.375	3	29	0.93
0.52	3	29	0.93
0.363636363636364	3	29	0.93
0.32258064516129	3	29	0.93
0.269230769230769	3	29	0.93
0.48	3	29	0.93
0.307692307692308	3	29	0.93
0.391304347826087	3	29	0.93
0.36	3	29	0.93
0.333333333333333	3	29	0.93
0.2	3	29	0.93
0.2	3	29	0.93
0.285714285714286	3	29	0.93
0.458333333333333	3	29	0.93
0.303030303030303	3	29	0.93
0.75	3	29	0.93
0.888888888888889	3	29	0.93
0.384615384615385	3	29	0.93
0.272727272727273	3	29	0.93
0.25	3	29	0.93
0.25	3	29	0.93
0.375	3	29	0.93
0.538461538461538	3	29	0.93
0.25	3	29	0.93
0.285714285714286	3	29	0.93
0.310344827586207	3	29	0.93
0.392857142857143	3	29	0.93
0.285714285714286	3	29	0.93
0.375	3	29	0.93
0.304347826086957	3	29	0.93
0.214285714285714	3	29	0.93
0.388888888888889	3	29	0.93
0.304347826086957	3	29	0.93
0.266666666666667	3	29	0.93
0.34375	3	29	0.93
0.125	3	29	0.93
0.423076923076923	3	29	0.93
0.346153846153846	3	29	0.93
0.25	3	29	0.93
0.375	3	29	0.93
0.258064516129032	3	29	0.93
0.384615384615385	3	29	0.93
0.24	3	29	0.93
0.318181818181818	3	29	0.93
0.25	3	29	0.93
0.264705882352941	3	29	0.93
0.2	3	29	0.93
0.242424242424242	3	29	0.93
0.318181818181818	3	29	0.93
0.162162162162162	3	29	0.93
0.411764705882353	3	29	0.93
0.425	3	29	0.93
0.285714285714286	3	29	0.93
0.384615384615385	3	29	0.93
0.230769230769231	3	29	0.93
0.342857142857143	3	29	0.93
0.205882352941176	3	29	0.93
0.25	3	29	0.93
0.46875	3	29	0.93
0.285714285714286	3	29	0.93
0.185185185185185	3	29	0.93
0.3125	3	29	0.93
0.21875	3	29	0.93
0.195121951219512	3	29	0.93
0.32258064516129	3	29	0.93
0.366666666666667	3	29	0.93
0.303030303030303	3	29	0.93
0.416666666666667	3	29	0.93
0.382352941176471	3	29	0.93
0.303030303030303	3	29	0.93
0.428571428571429	3	29	0.93
0.435897435897436	3	29	0.93
0.225	3	29	0.93
0.125	3	29	0.93
0.3	3	29	0.93
0.333333333333333	3	29	0.93
0.222222222222222	3	29	0.93
0.416666666666667	3	29	0.93
0.27027027027027	3	29	0.93
0.2	3	29	0.93
0.25	3	29	0.93
0.166666666666667	3	29	0.93
0.1875	3	29	0.93
0.275862068965517	3	29	0.93
0.466666666666667	3	29	0.93
0.40625	3	29	0.93
0.277777777777778	3	29	0.93
0.346153846153846	3	29	0.93
0.432432432432432	3	29	0.93
0.242424242424242	3	29	0.93
0.4	3	29	0.93
0.346153846153846	3	29	0.93
0.333333333333333	3	29	0.93
0.466666666666667	3	29	0.93
0.307692307692308	3	29	0.93
0.342857142857143	3	29	0.93
0.285714285714286	3	29	0.93
0.173913043478261	3	29	0.93
0.342857142857143	3	29	0.93
0.275862068965517	3	29	0.93
0.310344827586207	3	29	0.93
0.307692307692308	3	29	0.93
0.176470588235294	3	29	0.93
0.176470588235294	3	29	0.93
0.227272727272727	3	29	0.93
0.304347826086957	3	29	0.93
0.176470588235294	3	29	0.93
0.538461538461538	3	29	0.93
0.217391304347826	3	29	0.93
0.361111111111111	3	29	0.93
0.666666666666667	3	29	0.93
0.2	3	29	0.93
0.35	3	29	0.93
0.178571428571429	3	29	0.93
0.466666666666667	3	29	0.93
0.268292682926829	3	29	0.93
0.238095238095238	3	29	0.93
0.282051282051282	3	29	0.93
0.291666666666667	3	29	0.93
0.227272727272727	3	29	0.93
0.333333333333333	3	29	0.93
0.333333333333333	3	29	0.93
0.277777777777778	3	29	0.93
0.366666666666667	3	29	0.93
0.388888888888889	3	29	0.93
0.411764705882353	3	29	0.93
0.282051282051282	3	29	0.93
0.352941176470588	3	29	0.93
0.115384615384615	3	29	0.93
0.379310344827586	3	29	0.93
0.2	3	29	0.93
0.260869565217391	3	29	0.93
0.4	3	29	0.93
0.387096774193548	3	29	0.93
0.25	3	29	0.93
0.25	3	29	0.93
0.380952380952381	3	29	0.93
0.25	3	29	0.93
0.366666666666667	3	29	0.93
0.277777777777778	3	29	0.93
0.35	3	29	0.93
0.230769230769231	3	29	0.93
0.3125	3	29	0.93
0.448275862068966	3	29	0.93
0.375	3	29	0.93
0.235294117647059	3	29	0.93
0.393939393939394	3	29	0.93
0.727272727272727	3	29	0.93
0.346153846153846	3	29	0.93
0.294117647058824	3	29	0.93
0.37037037037037	3	29	0.93
0.378378378378378	3	29	0.93
0.291666666666667	3	29	0.93
0.2	3	29	0.93
0.357142857142857	3	29	0.93
0.2	3	29	0.93
0.28	3	29	0.93
0.166666666666667	3	29	0.93
0.28	3	29	0.93
0.4	3	29	0.93
0.333333333333333	3	29	0.93
0.407407407407407	3	29	0.93
0.310344827586207	3	29	0.93
0.238095238095238	3	29	0.93
0.365853658536585	3	29	0.93
0.214285714285714	3	29	0.93
0.285714285714286	3	29	0.93
0.333333333333333	3	29	0.93
0.44	3	29	0.93
0.16	3	29	0.93
0.40625	3	29	0.93
0.333333333333333	3	29	0.93
0.285714285714286	3	29	0.93
0.241379310344828	3	29	0.93
0.272727272727273	3	29	0.93
0.233333333333333	3	29	0.93
0.193548387096774	3	29	0.93
0.181818181818182	3	29	0.93
0.230769230769231	3	29	0.93
0.133333333333333	3	29	0.93
0.222222222222222	3	29	0.93
0.272727272727273	3	29	0.93
0.217391304347826	3	29	0.93
0.264705882352941	3	29	0.93
0.179487179487179	3	29	0.93
0.333333333333333	3	29	0.93
0.13953488372093	3	29	0.93
0.366666666666667	3	29	0.93
0.291666666666667	3	29	0.93
0.208333333333333	3	29	0.93
0.333333333333333	3	29	0.93
0.0975609756097561	3	29	0.93
0.25	3	29	0.93
0.230769230769231	3	29	0.93
0.27027027027027	3	29	0.93
0.346153846153846	3	29	0.93
0.194444444444444	3	29	0.93
0.12	3	29	0.93
0.4	3	29	0.93
0.310344827586207	3	29	0.93
0.318181818181818	3	29	0.93
0.333333333333333	3	29	0.93
0.285714285714286	3	29	0.93
0.176470588235294	3	29	0.93
0.242424242424242	3	29	0.93
0.321428571428571	3	29	0.93
0.4	3	29	0.93
0.607142857142857	3	29	0.93
0.206896551724138	3	29	0.93
0.233333333333333	3	29	0.93
0.241379310344828	3	29	0.93
0.371428571428571	3	29	0.93
0.3	3	29	0.93
0.4	3	29	0.93
0.228571428571429	3	29	0.93
0.222222222222222	3	29	0.93
0.424242424242424	3	29	0.93
0.181818181818182	3	29	0.93
0.181818181818182	3	29	0.93
0.222222222222222	3	29	0.93
0.142857142857143	3	29	0.93
0.235294117647059	3	29	0.93
0.2	3	29	0.93
0.275862068965517	4	38	0.93
0.129032258064516	4	38	0.93
0.235294117647059	4	38	0.93
0.263157894736842	4	38	0.93
0.235294117647059	4	38	0.93
0.263157894736842	4	38	0.93
0.1875	4	38	0.93
0.228571428571429	4	38	0.93
0.338983050847458	4	38	0.93
1	4	38	0.93
0.219512195121951	4	38	0.93
0.296296296296296	4	38	0.93
0.34375	4	38	0.93
0.264705882352941	4	38	0.93
0.179487179487179	4	38	0.93
0.131578947368421	4	38	0.93
0.269230769230769	4	38	0.93
0.242424242424242	4	38	0.93
0.25	4	38	0.93
0.307692307692308	4	38	0.93
0.222222222222222	4	38	0.93
0.222222222222222	4	38	0.93
0.2	4	38	0.93
0.1875	4	38	0.93
0.230769230769231	4	38	0.93
0.195121951219512	4	38	0.93
0.195121951219512	4	38	0.93
0.222222222222222	4	38	0.93
0.177777777777778	4	38	0.93
0.225	4	38	0.93
0.277777777777778	4	38	0.93
0.222222222222222	4	38	0.93
0.189655172413793	4	38	0.93
0.315789473684211	4	38	0.93
0.181818181818182	4	38	0.93
0.75	4	38	0.93
0.30952380952381	4	38	0.93
0.193548387096774	4	38	0.93
0.344827586206897	4	38	0.93
0.214285714285714	4	38	0.93
0.161290322580645	4	38	0.93
0.163265306122449	4	38	0.93
0.333333333333333	4	38	0.93
0.204081632653061	4	38	0.93
0.25	4	38	0.93
0.192307692307692	4	38	0.93
0.3	4	38	0.93
0.205882352941176	4	38	0.93
0.25	4	38	0.93
0.214285714285714	4	38	0.93
0.194444444444444	4	38	0.93
0.272727272727273	4	38	0.93
0.166666666666667	4	38	0.93
0.146341463414634	4	38	0.93
0.285714285714286	4	38	0.93
0.285714285714286	4	38	0.93
0.19047619047619	4	38	0.93
0.302325581395349	4	38	0.93
0.257142857142857	4	38	0.93
0.347826086956522	4	38	0.93
0.147058823529412	4	38	0.93
0.325	4	38	0.93
0.206896551724138	4	38	0.93
0.170731707317073	4	38	0.93
0.257142857142857	4	38	0.93
0.170731707317073	4	38	0.93
0.186046511627907	4	38	0.93
0.186046511627907	4	38	0.93
0.186046511627907	4	38	0.93
0.216216216216216	4	38	0.93
0.181818181818182	4	38	0.93
0.25	4	38	0.93
0.25	4	38	0.93
0.371428571428571	4	38	0.93
0.342857142857143	4	38	0.93
0.255813953488372	4	38	0.93
0.277777777777778	4	38	0.93
0.296296296296296	4	38	0.93
0.342857142857143	4	38	0.93
0.172413793103448	4	38	0.93
0.27027027027027	4	38	0.93
0.191489361702128	4	38	0.93
0.277777777777778	4	38	0.93
0.588235294117647	4	38	0.93
0.216216216216216	4	38	0.93
0.166666666666667	4	38	0.93
0.230769230769231	4	38	0.93
0.15625	4	38	0.93
0.127659574468085	4	38	0.93
0.236842105263158	4	38	0.93
0.30952380952381	4	38	0.93
0.162162162162162	4	38	0.93
0.204081632653061	4	38	0.93
0.205128205128205	4	38	0.93
0.136363636363636	4	38	0.93
0.275	4	38	0.93
0.35	4	38	0.93
0.263157894736842	4	38	0.93
0.363636363636364	4	38	0.93
0.230769230769231	4	38	0.93
0.2	4	38	0.93
0.214285714285714	4	38	0.93
0.264705882352941	4	38	0.93
0.159090909090909	4	38	0.93
0.263157894736842	4	38	0.93
0.171428571428571	4	38	0.93
0.307692307692308	4	38	0.93
0.222222222222222	4	38	0.93
0.230769230769231	4	38	0.93
0.175	4	38	0.93
0.172413793103448	4	38	0.93
0.216216216216216	4	38	0.93
0.205882352941176	4	38	0.93
0.267857142857143	4	38	0.93
0.324324324324324	4	38	0.93
0.157894736842105	4	38	0.93
0.333333333333333	4	38	0.93
0.357142857142857	4	38	0.93
0.243243243243243	4	38	0.93
0.257142857142857	4	38	0.93
0.15	4	38	0.93
0.236842105263158	4	38	0.93
0.276595744680851	4	38	0.93
0.189189189189189	4	38	0.93
0.195121951219512	4	38	0.93
0.24390243902439	4	38	0.93
0.365853658536585	4	38	0.93
0.216216216216216	4	38	0.93
0.228571428571429	4	38	0.93
0.361702127659574	4	38	0.93
0.0961538461538462	4	38	0.93
0.2	4	38	0.93
0.224489795918367	4	38	0.93
0.234042553191489	4	38	0.93
0.333333333333333	4	38	0.93
0.30952380952381	4	38	0.93
0.104166666666667	4	38	0.93
0.125	4	38	0.93
0.484848484848485	4	38	0.93
0.833333333333333	4	38	0.93
0.227272727272727	4	38	0.93
0.222222222222222	4	38	0.93
0.272727272727273	4	38	0.93
0.333333333333333	4	38	0.93
0.28125	4	38	0.93
0.205128205128205	4	38	0.93
0.173913043478261	4	38	0.93
0.545454545454545	4	38	0.93
0.26	4	38	0.93
0.210526315789474	4	38	0.93
0.296296296296296	4	38	0.93
0.245283018867925	4	38	0.93
0.186440677966102	4	38	0.93
0.232558139534884	4	38	0.93
0.222222222222222	4	38	0.93
0.257142857142857	4	38	0.93
0.324324324324324	4	38	0.93
0.218181818181818	4	38	0.93
0.186046511627907	4	38	0.93
0.176470588235294	4	38	0.93
0.25	4	38	0.93
0.241379310344828	4	38	0.93
0.186046511627907	4	38	0.93
0.181818181818182	4	38	0.93
0.3	4	38	0.93
0.285714285714286	4	38	0.93
0.194444444444444	4	38	0.93
0.204545454545455	4	38	0.93
0.212121212121212	4	38	0.93
0.166666666666667	4	38	0.93
0.206896551724138	4	38	0.93
0.317073170731707	4	38	0.93
0.214285714285714	4	38	0.93
0.217391304347826	4	38	0.93
0.258064516129032	4	38	0.93
0.260869565217391	4	38	0.93
0.428571428571429	4	38	0.93
0.22	4	38	0.93
0.258064516129032	4	38	0.93
0.125	4	38	0.93
0.214285714285714	4	38	0.93
0.361111111111111	4	38	0.93
0.206896551724138	4	38	0.93
0.19047619047619	4	38	0.93
0.244444444444444	4	38	0.93
0.24390243902439	4	38	0.93
0.208333333333333	4	38	0.93
0.272727272727273	4	38	0.93
0.151515151515152	4	38	0.93
0.210526315789474	4	38	0.93
0.210526315789474	4	38	0.93
0.216216216216216	4	38	0.93
0.19047619047619	4	38	0.93
0.172413793103448	4	38	0.93
0.166666666666667	4	38	0.93
0.19047619047619	4	38	0.93
0.205128205128205	4	38	0.93
0.303030303030303	4	38	0.93
0.358974358974359	4	38	0.93
0.274509803921569	4	38	0.93
0.351351351351351	4	38	0.93
0.162162162162162	4	38	0.93
0.395348837209302	4	38	0.93
0.25	4	38	0.93
0.242424242424242	4	38	0.93
0.219512195121951	4	38	0.93
0.2	4	38	0.93
0.162790697674419	4	38	0.93
0.181818181818182	4	38	0.93
0.210526315789474	4	38	0.93
0.107142857142857	4	38	0.93
0.232558139534884	4	38	0.93
0.203703703703704	4	38	0.93
0.179487179487179	4	38	0.93
0.318181818181818	4	38	0.93
0.333333333333333	4	38	0.93
0.310344827586207	4	38	0.93
0.2	4	38	0.93
0.21875	4	38	0.93
0.352941176470588	4	38	0.93
0.357142857142857	4	38	0.93
0.19047619047619	4	38	0.93
0.183673469387755	4	38	0.93
0.13953488372093	4	38	0.93
0.193548387096774	4	38	0.93
0.263157894736842	4	38	0.93
0.232558139534884	4	38	0.93
0.15	4	38	0.93
0.193548387096774	4	38	0.93
0.162790697674419	4	38	0.93
0.2	4	38	0.93
0.347826086956522	4	38	0.93
0.303030303030303	4	38	0.93
0.228571428571429	4	38	0.93
0.2	4	38	0.93
0.428571428571429	4	38	0.93
0.295454545454545	4	38	0.93
0.34375	4	38	0.93
0.153846153846154	4	38	0.93
0.346153846153846	4	38	0.93
0.181818181818182	4	38	0.93
0.130434782608696	4	38	0.93
0.234042553191489	4	38	0.93
0.159090909090909	4	38	0.93
0.25	4	38	0.93
0.260869565217391	4	38	0.93
0.24390243902439	4	38	0.93
0.234042553191489	4	38	0.93
0.319148936170213	4	38	0.93
0.333333333333333	4	38	0.93
0.372549019607843	4	38	0.93
0.2	4	38	0.93
0.321428571428571	4	38	0.93
0.289473684210526	4	38	0.93
0.233333333333333	4	38	0.93
0.268292682926829	4	38	0.93
0.2	4	38	0.93
0.226415094339623	4	38	0.93
0.372549019607843	4	38	0.93
0.282051282051282	4	38	0.93
0.484848484848485	4	38	0.93
0.289473684210526	4	38	0.93
0.333333333333333	4	38	0.93
0.617647058823529	4	38	0.93
0.244444444444444	4	38	0.93
0.277777777777778	4	38	0.93
0.375	4	38	0.93
0.232558139534884	4	38	0.93
0.268292682926829	4	38	0.93
0.219512195121951	4	38	0.93
0.171428571428571	4	38	0.93
0.157894736842105	4	38	0.93
0.212121212121212	4	38	0.93
0.238095238095238	4	38	0.93
0.13953488372093	4	38	0.93
0.289473684210526	4	38	0.93
0.257142857142857	4	38	0.93
0.2	4	38	0.93
0.276595744680851	4	38	0.93
0.225806451612903	4	38	0.93
0.194444444444444	4	38	0.93
0.15	4	38	0.93
0.188679245283019	4	38	0.93
0.212121212121212	4	38	0.93
0.216216216216216	4	38	0.93
0.194444444444444	4	38	0.93
0.150943396226415	4	38	0.93
0.176470588235294	4	38	0.93
0.193548387096774	4	38	0.93
0.21875	4	38	0.93
0.193548387096774	4	38	0.93
0.228571428571429	4	38	0.93
0.236842105263158	4	38	0.93
0.243243243243243	4	38	0.93
0.222222222222222	4	38	0.93
0.194444444444444	4	38	0.93
0.227272727272727	4	38	0.93
0.146341463414634	4	38	0.93
0.1875	4	38	0.93
0.222222222222222	4	38	0.93
0.157894736842105	4	38	0.93
0.196078431372549	4	38	0.93
0.216216216216216	4	38	0.93
0.315789473684211	4	38	0.93
0.227272727272727	4	38	0.93
0.272727272727273	4	38	0.93
0.297297297297297	4	38	0.93
0.205882352941176	4	38	0.93
0.425	4	38	0.93
0.266666666666667	4	38	0.93
0.379310344827586	4	38	0.93
0.15	4	38	0.93
0.166666666666667	4	38	0.93
0.317073170731707	4	38	0.93
0.2	4	38	0.93
0.2	4	38	0.93
0.148148148148148	4	38	0.93
0.371428571428571	4	38	0.93
0.2	4	38	0.93
0.321428571428571	4	38	0.93
0.243243243243243	4	38	0.93
0.111111111111111	4	38	0.93
0.285714285714286	4	38	0.93
0.181818181818182	4	38	0.93
0.302325581395349	4	38	0.93
0.277777777777778	4	38	0.93
0.323529411764706	4	38	0.93
0.305555555555556	4	38	0.93
0.25	4	38	0.93
0.395348837209302	4	38	0.93
0.260869565217391	4	38	0.93
0.25	4	38	0.93
0.25	4	38	0.93
0.348837209302326	4	38	0.93
0.25	4	38	0.93
0.288888888888889	4	38	0.93
0.323529411764706	4	38	0.93
0.272727272727273	4	38	0.93
0.137254901960784	4	38	0.93
0.153846153846154	4	38	0.93
0.2	4	38	0.93
0.238095238095238	4	38	0.93
0.222222222222222	4	38	0.93
0.127659574468085	4	38	0.93
0.285714285714286	4	38	0.93
0.259259259259259	4	38	0.93
0.4	4	38	0.93
0.225	4	38	0.93
0.226415094339623	4	38	0.93
0.261904761904762	4	38	0.93
0.209302325581395	4	38	0.93
0.25	4	38	0.93
0.219512195121951	4	38	0.93
0.256410256410256	4	38	0.93
0.28125	4	38	0.93
0.194444444444444	4	38	0.93
0.342105263157895	4	38	0.93
0.25	4	38	0.93
0.333333333333333	4	38	0.93
0.266666666666667	4	38	0.93
0.305555555555556	4	38	0.93
0.225	4	38	0.93
0.25	4	38	0.93
0.416666666666667	4	38	0.93
0.435897435897436	4	38	0.93
0.317073170731707	4	38	0.93
0.306122448979592	4	38	0.93
0.155555555555556	4	38	0.93
0.2	4	38	0.93
0.285714285714286	4	38	0.93
0.28125	4	38	0.93
0.205882352941176	4	38	0.93
0.272727272727273	4	38	0.93
0.302325581395349	4	38	0.93
0.22	4	38	0.93
0.170731707317073	4	38	0.93
0.142857142857143	4	38	0.93
0.212121212121212	4	38	0.93
0.130434782608696	4	38	0.93
0.282051282051282	4	38	0.93
0.283018867924528	4	38	0.93
0.120689655172414	4	38	0.93
0.170212765957447	4	38	0.93
0.177777777777778	4	38	0.93
0.326086956521739	4	38	0.93
0.292682926829268	4	38	0.93
0.257142857142857	4	38	0.93
0.128205128205128	4	38	0.93
0.176470588235294	4	38	0.93
0.0961538461538462	4	38	0.93
0.25	4	38	0.93
0.28	4	38	0.93
0.333333333333333	4	38	0.93
0.342857142857143	4	38	0.93
0.176470588235294	4	38	0.93
0.162790697674419	4	38	0.93
0.216216216216216	4	38	0.93
0.216216216216216	4	38	0.93
0.25	4	38	0.93
0.3125	4	38	0.93
0.325581395348837	4	38	0.93
0.111111111111111	4	38	0.93
0.307692307692308	4	38	0.93
0.166666666666667	4	38	0.93
0.388888888888889	4	38	0.93
0.368421052631579	4	38	0.93
0.204545454545455	4	38	0.93
0.272727272727273	4	38	0.93
0.212121212121212	4	38	0.93
0.384615384615385	4	38	0.93
0.177777777777778	4	38	0.93
0.178571428571429	4	38	0.93
0.263157894736842	4	38	0.93
0.403508771929825	4	38	0.93
0.181818181818182	4	38	0.93
0.153846153846154	4	38	0.93
0.195121951219512	4	38	0.93
0.15625	4	38	0.93
0.162162162162162	4	38	0.93
0.375	4	38	0.93
0.217391304347826	4	38	0.93
0.243243243243243	4	38	0.93
0.171428571428571	4	38	0.93
0.258064516129032	4	38	0.93
0.2	4	38	0.93
0.21875	4	38	0.93
0.177777777777778	4	38	0.93
0.323529411764706	4	38	0.93
0.235294117647059	4	38	0.93
0.314285714285714	4	38	0.93
0.222222222222222	4	38	0.93
0.28125	4	38	0.93
0.215686274509804	4	38	0.93
0.2	4	38	0.93
0.30952380952381	4	38	0.93
0.285714285714286	4	38	0.93
0.184210526315789	4	38	0.93
0.407407407407407	4	38	0.93
0.210526315789474	4	38	0.93
0.219512195121951	4	38	0.93
0.145833333333333	4	38	0.93
0.1875	4	38	0.93
0.270833333333333	4	38	0.93
0.25	4	38	0.93
0.314285714285714	4	38	0.93
0.342857142857143	4	38	0.93
0.239130434782609	4	38	0.93
0.351351351351351	4	38	0.93
0.425	4	38	0.93
0.127659574468085	4	38	0.93
0.209302325581395	4	38	0.93
0.297297297297297	4	38	0.93
0.1875	4	38	0.93
0.303030303030303	4	38	0.93
0.189189189189189	4	38	0.93
0.285714285714286	4	38	0.93
0.181818181818182	4	38	0.93
0.285714285714286	4	38	0.93
0.257142857142857	4	38	0.93
0.238095238095238	4	38	0.93
0.302325581395349	4	38	0.93
0.242424242424242	4	38	0.93
0.266666666666667	4	38	0.93
0.235294117647059	4	38	0.93
0.205882352941176	4	38	0.93
0.151515151515152	4	38	0.93
0.148936170212766	4	38	0.93
0.235294117647059	4	38	0.93
0.159090909090909	4	38	0.93
0.207547169811321	4	38	0.93
0.25531914893617	4	38	0.93
0.230769230769231	4	38	0.93
0.259259259259259	4	38	0.93
0.233333333333333	4	38	0.93
0.214285714285714	4	38	0.93
0.146341463414634	4	38	0.93
0.194444444444444	4	38	0.93
0.209302325581395	4	38	0.93
0.194444444444444	4	38	0.93
0.314285714285714	4	38	0.93
0.228571428571429	4	38	0.93
0.323529411764706	4	38	0.93
0.189189189189189	4	38	0.93
0.153846153846154	4	38	0.93
0.227272727272727	4	38	0.93
0.277777777777778	4	38	0.93
0.282051282051282	4	38	0.93
0.225806451612903	4	38	0.93
0.323529411764706	4	38	0.93
0.209302325581395	4	38	0.93
0.0925925925925926	4	38	0.93
0.152173913043478	4	38	0.93
0.346153846153846	4	38	0.93
0.25	4	38	0.93
0.227272727272727	4	38	0.93
0.25	4	38	0.93
0.314285714285714	4	38	0.93
0.25	4	38	0.93
0.41304347826087	4	38	0.93
0.229166666666667	4	38	0.93
0.138888888888889	4	38	0.93
0.307692307692308	4	38	0.93
0.235294117647059	4	38	0.93
0.232558139534884	4	38	0.93
0.175	4	38	0.93
0.272727272727273	4	38	0.93
0.333333333333333	4	38	0.93
0.214285714285714	4	38	0.93
0.244444444444444	4	38	0.93
0.13953488372093	4	38	0.93
0.439024390243902	4	38	0.93
0.269230769230769	4	38	0.93
0.136363636363636	4	38	0.93
0.314285714285714	4	38	0.93
0.14	4	38	0.93
0.333333333333333	4	38	0.93
0.209302325581395	4	38	0.93
0.344827586206897	4	38	0.93
0.212765957446809	4	38	0.93
0.307692307692308	4	38	0.93
0.195121951219512	4	38	0.93
0.191489361702128	4	38	0.93
0.32258064516129	4	38	0.93
0.234042553191489	4	38	0.93
0.1875	4	38	0.93
0.208333333333333	4	38	0.93
0.207547169811321	4	38	0.93
0.138888888888889	4	38	0.93
0.15	4	38	0.93
0.178571428571429	4	38	0.93
0.116279069767442	4	38	0.93
0.219512195121951	4	38	0.93
0.30952380952381	4	38	0.93
0.136363636363636	4	38	0.93
0.162162162162162	4	38	0.93
0.195652173913043	4	38	0.93
0.290322580645161	4	38	0.93
0.183673469387755	4	38	0.93
0.113207547169811	4	38	0.93
0.4	4	38	0.93
0.170731707317073	4	38	0.93
0.285714285714286	4	38	0.93
0.263157894736842	4	38	0.93
0.179487179487179	4	38	0.93
0.162162162162162	4	38	0.93
0.235294117647059	4	38	0.93
0.266666666666667	4	38	0.93
0.384615384615385	4	38	0.93
0.24390243902439	4	38	0.93
0.325581395348837	4	38	0.93
0.119047619047619	4	38	0.93
0.222222222222222	4	38	0.93
0.478260869565217	4	38	0.93
0.229508196721311	4	38	0.93
0.227272727272727	4	38	0.93
0.205882352941176	4	38	0.93
0.205882352941176	4	38	0.93
0.346938775510204	4	38	0.93
0.166666666666667	4	38	0.93
0.194444444444444	4	38	0.93
0.387096774193548	4	38	0.93
0.2	4	38	0.93
0.25	4	38	0.93
0.25	4	38	0.93
0.206896551724138	4	38	0.93
0.28125	4	38	0.93
0.27027027027027	4	38	0.93
0.184210526315789	4	38	0.93
0.28125	4	38	0.93
0.264705882352941	4	38	0.93
0.156862745098039	4	38	0.93
0.216216216216216	4	38	0.93
0.307692307692308	4	38	0.93
0.421052631578947	4	38	0.93
0.40625	4	38	0.93
0.307692307692308	4	38	0.93
0.186046511627907	4	38	0.93
0.268292682926829	4	38	0.93
0.321428571428571	4	38	0.93
0.239130434782609	4	38	0.93
0.163265306122449	4	38	0.93
0.1875	4	38	0.93
0.302325581395349	4	38	0.93
0.263157894736842	4	38	0.93
0.19047619047619	4	38	0.93
0.315789473684211	4	38	0.93
0.186046511627907	4	38	0.93
0.32258064516129	4	38	0.93
0.208333333333333	4	38	0.93
0.2	4	38	0.93
0.225806451612903	4	38	0.93
0.216216216216216	4	38	0.93
0.255813953488372	4	38	0.93
0.1875	4	38	0.93
0.214285714285714	4	38	0.93
0.145833333333333	4	38	0.93
0.258064516129032	4	38	0.93
0.311111111111111	4	38	0.93
0.235294117647059	4	38	0.93
0.242424242424242	4	38	0.93
0.163265306122449	4	38	0.93
0.4	4	38	0.93
0.191489361702128	4	38	0.93
0.195652173913043	4	38	0.93
0.196078431372549	4	38	0.93
0.238095238095238	4	38	0.93
0.34	4	38	0.93
0.25	4	38	0.93
0.303571428571429	4	38	0.93
0.161290322580645	4	38	0.93
0.290322580645161	4	38	0.93
0.37037037037037	4	38	0.93
0.25	4	38	0.93
0.146341463414634	4	38	0.93
0.315789473684211	4	38	0.93
0.257142857142857	4	38	0.93
0.321428571428571	4	38	0.93
0.263157894736842	4	38	0.93
0.3	4	38	0.93
0.176470588235294	4	38	0.93
0.215686274509804	4	38	0.93
0.257142857142857	4	38	0.93
0.25	4	38	0.93
0.235294117647059	4	38	0.93
0.32258064516129	4	38	0.93
0.13953488372093	4	38	0.93
0.233333333333333	4	38	0.93
0.333333333333333	4	38	0.93
0.318181818181818	4	38	0.93
0.275	4	38	0.93
0.212121212121212	4	38	0.93
0.173913043478261	4	38	0.93
0.513513513513513	4	38	0.93
0.19047619047619	4	38	0.93
0.352941176470588	4	38	0.93
0.326086956521739	4	38	0.93
0.2	4	38	0.93
0.217391304347826	4	38	0.93
0.19047619047619	4	38	0.93
0.186046511627907	4	38	0.93
0.333333333333333	4	38	0.93
0.275	4	38	0.93
0.229166666666667	4	38	0.93
0.205882352941176	4	38	0.93
0.372093023255814	4	38	0.93
0.210526315789474	4	38	0.93
0.354838709677419	4	38	0.93
0.142857142857143	4	38	0.93
0.30952380952381	4	38	0.93
0.354838709677419	4	38	0.93
0.277777777777778	4	38	0.93
0.227272727272727	4	38	0.93
0.131578947368421	4	38	0.93
0.333333333333333	4	38	0.93
0.2	4	38	0.93
0.205128205128205	4	38	0.93
0.285714285714286	4	38	0.93
0.184210526315789	4	38	0.93
0.34375	4	38	0.93
0.30952380952381	4	38	0.93
0.217391304347826	4	38	0.93
0.30952380952381	4	38	0.93
0.181818181818182	4	38	0.93
0.170731707317073	4	38	0.93
0.285714285714286	4	38	0.93
0.333333333333333	4	38	0.93
0.315789473684211	4	38	0.93
0.191489361702128	4	38	0.93
0.371428571428571	4	38	0.93
0.211538461538462	4	38	0.93
0.259259259259259	4	38	0.93
0.135135135135135	4	38	0.93
0.243243243243243	4	38	0.93
0.32258064516129	4	38	0.93
0.193548387096774	4	38	0.93
0.625	4	38	0.93
0.224489795918367	4	38	0.93
0.26	4	38	0.93
0.263157894736842	4	38	0.93
0.25	4	38	0.93
0.204545454545455	4	38	0.93
0.195121951219512	4	38	0.93
0.333333333333333	4	38	0.93
0.171428571428571	4	38	0.93
0.258620689655172	4	38	0.93
0.222222222222222	4	38	0.93
0.261904761904762	4	38	0.93
0.228571428571429	4	38	0.93
0.3	4	38	0.93
0.321428571428571	4	38	0.93
0.523809523809524	4	38	0.93
0.186046511627907	4	38	0.93
0.256410256410256	4	38	0.93
0.233333333333333	4	38	0.93
0.258064516129032	4	38	0.93
0.153846153846154	4	38	0.93
0.242424242424242	4	38	0.93
0.157894736842105	4	38	0.93
0.131578947368421	4	38	0.93
0.222222222222222	4	38	0.93
0.268292682926829	4	38	0.93
0.215686274509804	4	38	0.93
0.274509803921569	4	38	0.93
0.276595744680851	4	38	0.93
0.241379310344828	4	38	0.93
0.151515151515152	4	38	0.93
0.115384615384615	4	38	0.93
0.115384615384615	4	38	0.93
0.230769230769231	4	38	0.93
0.183673469387755	4	38	0.93
0.558139534883721	4	38	0.93
0.239130434782609	4	38	0.93
0.184210526315789	4	38	0.93
0.264150943396226	4	38	0.93
0.25	4	38	0.93
0.333333333333333	4	38	0.93
0.270833333333333	4	38	0.93
0.159090909090909	4	38	0.93
0.260869565217391	4	38	0.93
0.196078431372549	4	38	0.93
0.3125	4	38	0.93
0.243243243243243	4	38	0.93
0.2	4	38	0.93
0.184210526315789	4	38	0.93
0.222222222222222	4	38	0.93
0.21875	4	38	0.93
0.303030303030303	4	38	0.93
0.303030303030303	4	38	0.93
0.170731707317073	4	38	0.93
0.333333333333333	4	38	0.93
0.346153846153846	4	38	0.93
0.121212121212121	4	38	0.93
0.19047619047619	4	38	0.93
0.171428571428571	4	38	0.93
0.384615384615385	4	38	0.93
0.229166666666667	4	38	0.93
0.346153846153846	4	38	0.93
0.256410256410256	4	38	0.93
0.326086956521739	4	38	0.93
0.214285714285714	4	38	0.93
0.393939393939394	4	38	0.93
0.270833333333333	4	38	0.93
0.333333333333333	4	38	0.93
0.238095238095238	4	38	0.93
0.260869565217391	4	38	0.93
0.466666666666667	4	38	0.93
0.277777777777778	4	38	0.93
0.179487179487179	4	38	0.93
0.233333333333333	4	38	0.93
0.354838709677419	4	38	0.93
0.222222222222222	4	38	0.93
0.289473684210526	4	38	0.93
0.214285714285714	4	38	0.93
0.162162162162162	4	38	0.93
0.102564102564103	4	38	0.93
0.1875	4	38	0.93
0.135135135135135	4	38	0.93
0.375	4	38	0.93
0.228571428571429	4	38	0.93
0.179487179487179	4	38	0.93
0.166666666666667	4	38	0.93
0.289473684210526	4	38	0.93
0.225806451612903	4	38	0.93
0.25	4	38	0.93
0.405405405405405	4	38	0.93
0.176470588235294	4	38	0.93
0.384615384615385	4	38	0.93
0.275	4	38	0.93
0.256410256410256	4	38	0.93
0.205128205128205	4	38	0.93
0.161290322580645	4	38	0.93
0.189189189189189	4	38	0.93
0.310344827586207	4	38	0.93
0.272727272727273	4	38	0.93
0.256410256410256	4	38	0.93
0.285714285714286	4	38	0.93
0.243243243243243	4	38	0.93
0.195121951219512	4	38	0.93
0.25	4	38	0.93
0.333333333333333	4	38	0.93
0.222222222222222	4	38	0.93
0.191489361702128	4	38	0.93
0.241379310344828	4	38	0.93
0.224137931034483	4	38	0.93
0.282051282051282	4	38	0.93
0.3	4	38	0.93
0.2	4	38	0.93
0.3	4	38	0.93
0.342857142857143	4	38	0.93
0.2	4	38	0.93
0.236842105263158	4	38	0.93
0.6	4	38	0.93
0.324324324324324	4	38	0.93
0.290322580645161	4	38	0.93
0.340909090909091	4	38	0.93
0.291666666666667	4	38	0.93
0.157894736842105	4	38	0.93
0.384615384615385	4	38	0.93
0.264705882352941	4	38	0.93
0.25	4	38	0.93
0.266666666666667	4	38	0.93
0.176470588235294	4	38	0.93
0.263157894736842	4	38	0.93
0.275	4	38	0.93
0.314285714285714	4	38	0.93
0.285714285714286	4	38	0.93
0.228571428571429	4	38	0.93
0.210526315789474	4	38	0.93
0.157894736842105	4	38	0.93
0.297872340425532	4	38	0.93
0.270833333333333	4	38	0.93
0.274509803921569	4	38	0.93
0.243243243243243	4	38	0.93
0.205882352941176	4	38	0.93
0.162790697674419	4	38	0.93
0.428571428571429	4	38	0.93
0.212121212121212	4	38	0.93
0.222222222222222	4	38	0.93
0.244444444444444	4	38	0.93
0.179487179487179	4	38	0.93
0.404761904761905	4	38	0.93
0.227272727272727	4	38	0.93
0.282051282051282	4	38	0.93
0.19047619047619	4	38	0.93
0.166666666666667	4	38	0.93
0.233333333333333	4	38	0.93
0.318181818181818	4	38	0.93
0.189189189189189	4	38	0.93
0.266666666666667	4	38	0.93
0.172413793103448	4	38	0.93
0.388888888888889	4	38	0.93
0.192307692307692	4	38	0.93
0.19047619047619	4	38	0.93
0.189189189189189	4	38	0.93
0.214285714285714	4	38	0.93
0.2	4	38	0.93
0.27027027027027	4	38	0.93
0.16	4	38	0.93
0.15	4	38	0.93
0.205128205128205	4	38	0.93
0.13953488372093	4	38	0.93
0.153846153846154	4	38	0.93
0.242424242424242	4	38	0.93
0.184210526315789	4	38	0.93
0.176470588235294	4	38	0.93
0.290322580645161	4	38	0.93
0.272727272727273	4	38	0.93
0.228571428571429	4	38	0.93
0.25	4	38	0.93
0.302325581395349	4	38	0.93
0.4375	4	38	0.93
0.219512195121951	4	38	0.93
0.258064516129032	4	38	0.93
0.261904761904762	4	38	0.93
0.232558139534884	4	38	0.93
0.319148936170213	4	38	0.93
0.163265306122449	4	38	0.93
0.211538461538462	4	38	0.93
0.25531914893617	4	38	0.93
0.254901960784314	4	38	0.93
0.181818181818182	4	38	0.93
0.333333333333333	4	38	0.93
0.268292682926829	4	38	0.93
0.135135135135135	4	38	0.93
0.176470588235294	4	38	0.93
0.151515151515152	4	38	0.93
0.325581395348837	4	38	0.93
0.222222222222222	4	38	0.93
0.181818181818182	4	38	0.93
0.176470588235294	4	38	0.93
0.25	4	38	0.93
0.1875	4	38	0.93
0.28125	4	38	0.93
0.219512195121951	4	38	0.93
0.119047619047619	4	38	0.93
0.125	4	38	0.93
0.181818181818182	4	38	0.93
0.204081632653061	4	38	0.93
0.318181818181818	4	38	0.93
0.333333333333333	4	38	0.93
0.333333333333333	4	38	0.93
0.361111111111111	4	38	0.93
0.135135135135135	4	38	0.93
0.151515151515152	4	38	0.93
0.1875	4	38	0.93
0.24	4	38	0.93
0.28	4	38	0.93
0.266666666666667	4	38	0.93
0.297297297297297	4	38	0.93
0.363636363636364	4	38	0.93
0.193548387096774	4	38	0.93
0.2	4	38	0.93
0.340425531914894	4	38	0.93
0.214285714285714	4	38	0.93
0.216216216216216	4	38	0.93
0.193548387096774	4	38	0.93
0.186046511627907	4	38	0.93
0.2	4	38	0.93
0.212121212121212	4	38	0.93
0.235294117647059	4	38	0.93
0.285714285714286	4	38	0.93
0.268292682926829	4	38	0.93
0.15	4	38	0.93
0.22	4	38	0.93
0.272727272727273	4	38	0.93
0.210526315789474	4	38	0.93
0.243243243243243	4	38	0.93
0.218181818181818	4	38	0.93
0.229166666666667	4	38	0.93
0.24	4	38	0.93
0.3	4	38	0.93
0.244444444444444	4	38	0.93
0.318181818181818	4	38	0.93
0.225	4	38	0.93
0.261904761904762	4	38	0.93
0.266666666666667	4	38	0.93
0.177777777777778	4	38	0.93
0.222222222222222	4	38	0.93
0.15	4	38	0.93
0.3	4	38	0.93
0.225	4	38	0.93
0.272727272727273	4	38	0.93
0.255813953488372	4	38	0.93
0.205882352941176	4	38	0.93
0.181818181818182	4	38	0.93
0.171428571428571	4	38	0.93
0.181818181818182	4	38	0.93
0.214285714285714	4	38	0.93
0.173913043478261	4	38	0.93
0.206896551724138	4	38	0.93
0.315789473684211	4	38	0.93
0.1875	4	38	0.93
0.257142857142857	4	38	0.93
0.1875	4	38	0.93
0.290322580645161	4	38	0.93
0.266666666666667	4	38	0.93
0.25	4	38	0.93
0.310344827586207	4	38	0.93
0.303030303030303	4	38	0.93
0.272727272727273	4	38	0.93
0.2	4	38	0.93
0.382352941176471	4	38	0.93
0.196078431372549	4	38	0.93
0.191489361702128	4	38	0.93
0.263157894736842	4	38	0.93
0.304347826086957	4	38	0.93
0.226415094339623	4	38	0.93
0.219512195121951	4	38	0.93
0.216216216216216	4	38	0.93
0.1875	4	38	0.93
0.2	4	38	0.93
0.292682926829268	4	38	0.93
0.179487179487179	4	38	0.93
0.173913043478261	4	38	0.93
0.184210526315789	4	38	0.93
0.333333333333333	4	38	0.93
0.181818181818182	4	38	0.93
0.307692307692308	4	38	0.93
0.181818181818182	4	38	0.93
0.382352941176471	4	38	0.93
0.25	4	38	0.93
0.214285714285714	4	38	0.93
0.178571428571429	4	38	0.93
0.263157894736842	4	38	0.93
0.371428571428571	4	38	0.93
0.181818181818182	4	38	0.93
0.30952380952381	4	38	0.93
0.222222222222222	4	38	0.93
0.216216216216216	4	38	0.93
0.125	4	38	0.93
0.181818181818182	4	38	0.93
0.243243243243243	4	38	0.93
0.333333333333333	4	38	0.93
0.130434782608696	4	38	0.93
0.230769230769231	4	38	0.93
0.2	4	38	0.93
0.277777777777778	4	38	0.93
0.305555555555556	4	38	0.93
0.194444444444444	4	38	0.93
0.314285714285714	4	38	0.93
0.225806451612903	4	38	0.93
0.311111111111111	4	38	0.93
0.25	4	38	0.93
0.159090909090909	4	38	0.93
0.232558139534884	4	38	0.93
0.205882352941176	4	38	0.93
0.310344827586207	4	38	0.93
0.194444444444444	4	38	0.93
0.295454545454545	4	38	0.93
0.314285714285714	4	38	0.93
0.227272727272727	4	38	0.93
0.142857142857143	4	38	0.93
0.310344827586207	4	38	0.93
0.2	4	38	0.93
0.266666666666667	4	38	0.93
0.236842105263158	4	38	0.93
0.166666666666667	4	38	0.93
0.304347826086957	4	38	0.93
0.177777777777778	4	38	0.93
0.263157894736842	4	38	0.93
0.228571428571429	4	38	0.93
0.239130434782609	4	38	0.93
0.120689655172414	4	38	0.93
0.30952380952381	4	38	0.93
0.233333333333333	4	38	0.93
0.305555555555556	4	38	0.93
0.277777777777778	4	38	0.93
0.195652173913043	4	38	0.93
0.176470588235294	4	38	0.93
0.127659574468085	4	38	0.93
0.211538461538462	4	38	0.93
0.27027027027027	4	38	0.93
0.205128205128205	4	38	0.93
0.377777777777778	4	38	0.93
0.226415094339623	4	38	0.93
0.25531914893617	4	38	0.93
0.229166666666667	4	38	0.93
0.13953488372093	4	38	0.93
0.5	4	38	0.93
0.136363636363636	4	38	0.93
0.235294117647059	4	38	0.93
0.375	4	38	0.93
0.35	4	38	0.93
0.166666666666667	4	38	0.93
0.3	4	38	0.93
0.196078431372549	4	38	0.93
0.45	4	38	0.93
0.317073170731707	4	38	0.93
0.263157894736842	4	38	0.93
0.25	4	38	0.93
0.170212765957447	4	38	0.93
0.217391304347826	4	38	0.93
0.428571428571429	4	38	0.93
0.192307692307692	4	38	0.93
0.285714285714286	4	38	0.93
0.244444444444444	4	38	0.93
0.25	4	38	0.93
0.210526315789474	4	38	0.93
0.3	4	38	0.93
0.171428571428571	4	38	0.93
0.15625	4	38	0.93
0.232558139534884	4	38	0.93
0.413793103448276	4	38	0.93
0.175	4	38	0.93
0.170731707317073	4	38	0.93
0.257142857142857	4	38	0.93
0.222222222222222	4	38	0.93
0.297297297297297	4	38	0.93
0.275	4	38	0.93
0.513513513513513	4	38	0.93
0.222222222222222	4	38	0.93
0.212121212121212	4	38	0.93
0.387096774193548	4	38	0.93
0.264705882352941	4	38	0.93
0.214285714285714	4	38	0.93
0.142857142857143	4	38	0.93
0.257142857142857	4	38	0.93
0.3	4	38	0.93
0.235294117647059	4	38	0.93
0.135135135135135	4	38	0.93
0.148936170212766	4	38	0.93
0.219512195121951	4	38	0.93
0.285714285714286	4	38	0.93
0.264150943396226	4	38	0.93
0.222222222222222	4	38	0.93
0.159090909090909	4	38	0.93
0.484848484848485	4	38	0.93
0.235294117647059	4	38	0.93
0.297297297297297	4	38	0.93
0.333333333333333	4	38	0.93
0.146341463414634	4	38	0.93
0.228571428571429	4	38	0.93
0.2	4	38	0.93
0.206896551724138	4	38	0.93
0.232558139534884	4	38	0.93
0.275	4	38	0.93
0.222222222222222	4	38	0.93
0.282051282051282	4	38	0.93
0.41025641025641	4	38	0.93
0.340425531914894	4	38	0.93
0.41025641025641	4	38	0.93
0.205128205128205	4	38	0.93
0.28125	4	38	0.93
0.142857142857143	4	38	0.93
0.275	4	38	0.93
0.259259259259259	4	38	0.93
0.225	4	38	0.93
0.225806451612903	4	38	0.93
0.162162162162162	4	38	0.93
0.229166666666667	4	38	0.93
0.357142857142857	4	38	0.93
0.145833333333333	4	38	0.93
0.241379310344828	4	38	0.93
0.195121951219512	4	38	0.93
0.366666666666667	4	38	0.93
0.166666666666667	4	38	0.93
0.48	4	38	0.93
0.205128205128205	4	38	0.93
0.125	4	38	0.93
0.2	4	38	0.93
0.342105263157895	4	38	0.93
0.175	4	38	0.93
0.153846153846154	4	38	0.93
0.302325581395349	4	38	0.93
0.1	4	38	0.93
0.225	4	38	0.93
0.25	4	38	0.93
0.4	4	38	0.93
0.214285714285714	4	38	0.93
0.236842105263158	4	38	0.93
0.305555555555556	4	38	0.93
0.13953488372093	4	38	0.93
0.136363636363636	4	38	0.93
0.15	4	38	0.93
0.208333333333333	4	38	0.93
0.25	4	38	0.93
0.181818181818182	4	38	0.93
0.28125	4	38	0.93
0.189189189189189	4	38	0.93
0.2	4	38	0.93
0.405405405405405	4	38	0.93
0.368421052631579	4	38	0.93
0.27906976744186	4	38	0.93
0.257142857142857	4	38	0.93
0.195652173913043	4	38	0.93
0.242424242424242	4	38	0.93
0.189189189189189	4	38	0.93
0.19047619047619	4	38	0.93
0.214285714285714	4	38	0.93
0.127659574468085	4	38	0.93
0.195652173913043	4	38	0.93
0.2	4	38	0.93
0.230769230769231	4	38	0.93
0.234042553191489	4	38	0.93
0.358974358974359	4	38	0.93
0.219512195121951	4	38	0.93
0.219512195121951	4	38	0.93
0.2	4	38	0.93
0.272727272727273	4	38	0.93
0.230769230769231	4	38	0.93
0.212121212121212	4	38	0.93
0.148936170212766	4	38	0.93
0.307692307692308	4	38	0.93
0.333333333333333	4	38	0.93
0.346153846153846	4	38	0.93
0.176470588235294	4	38	0.93
0.217391304347826	4	38	0.93
0.303030303030303	4	38	0.93
0.5	4	38	0.93
0.333333333333333	4	38	0.93
0.219512195121951	4	38	0.93
0.108695652173913	4	38	0.93
0.170731707317073	4	38	0.93
0.13953488372093	4	38	0.93
0.230769230769231	4	38	0.93
0.162790697674419	4	38	0.93
0.302325581395349	4	38	0.93
0.285714285714286	4	38	0.93
0.28	4	38	0.93
0.196078431372549	4	38	0.93
0.162162162162162	4	38	0.93
0.3	4	38	0.93
0.244444444444444	4	38	0.93
0.5	4	38	0.93
0.26530612244898	4	38	0.93
0.230769230769231	4	38	0.93
0.189189189189189	4	38	0.93
0.146341463414634	4	38	0.93
0.181818181818182	4	38	0.93
0.282051282051282	4	38	0.93
0.2	4	38	0.93
0.243243243243243	4	38	0.93
0.151515151515152	4	38	0.93
0.181818181818182	4	38	0.93
0.21875	4	38	0.93
0.222222222222222	4	38	0.93
0.153846153846154	4	38	0.93
0.333333333333333	4	38	0.93
0.294117647058824	4	38	0.93
0.258064516129032	4	38	0.93
0.234042553191489	4	38	0.93
0.173913043478261	4	38	0.93
0.255813953488372	4	38	0.93
0.304347826086957	4	38	0.93
0.244444444444444	4	38	0.93
0.333333333333333	4	38	0.93
0.242424242424242	4	38	0.93
0.153846153846154	4	38	0.93
0.388888888888889	4	38	0.93
0.344827586206897	4	38	0.93
0.1875	4	38	0.93
0.269230769230769	4	38	0.93
0.361111111111111	4	38	0.93
0.366666666666667	4	38	0.93
0.259259259259259	4	38	0.93
0.36	4	38	0.93
0.175438596491228	4	38	0.93
0.285714285714286	4	38	0.93
0.285714285714286	4	38	0.93
0.230769230769231	4	38	0.93
0.264705882352941	4	38	0.93
0.2	4	38	0.93
0.195121951219512	4	38	0.93
0.195121951219512	4	38	0.93
0.136363636363636	4	38	0.93
0.225	4	38	0.93
0.34375	4	38	0.93
0.241379310344828	4	38	0.93
0.153846153846154	4	38	0.93
0.205882352941176	4	38	0.93
0.157894736842105	4	38	0.93
0.266666666666667	4	38	0.93
0.161290322580645	4	38	0.93
0.153846153846154	4	38	0.93
0.333333333333333	4	38	0.93
0.19047619047619	4	38	0.93
0.1875	4	38	0.93
0.32	4	38	0.93
0.212121212121212	4	38	0.93
0.294117647058824	4	38	0.93
0.275	4	38	0.93
0.25	4	38	0.93
0.193548387096774	4	38	0.93
0.285714285714286	4	38	0.93
0.2	4	38	0.93
0.30952380952381	4	38	0.93
0.1875	4	38	0.93
0.25	4	38	0.93
0.185185185185185	4	38	0.93
0.318181818181818	4	38	0.93
0.297297297297297	4	38	0.93
0.315789473684211	4	38	0.93
0.208333333333333	4	38	0.93
0.206896551724138	4	38	0.93
0.268292682926829	4	38	0.93
0.21875	4	38	0.93
0.142857142857143	4	38	0.93
0.288888888888889	4	38	0.93
0.1875	4	38	0.93
0.238095238095238	4	38	0.93
0.302325581395349	4	38	0.93
0.101694915254237	4	38	0.93
0.106382978723404	4	38	0.93
0.288461538461538	4	38	0.93
0.615384615384615	4	38	0.93
0.342105263157895	4	38	0.93
0.205128205128205	4	38	0.93
0.178571428571429	4	38	0.93
0.157894736842105	4	38	0.93
0.32258064516129	4	38	0.93
0.242424242424242	4	38	0.93
0.181818181818182	4	38	0.93
0.318181818181818	4	38	0.93
0.37037037037037	4	38	0.93
0.24	4	38	0.93
0.275862068965517	4	38	0.93
0.333333333333333	4	38	0.93
0.297297297297297	4	38	0.93
0.222222222222222	4	38	0.93
0.636363636363636	4	38	0.93
0.291666666666667	4	38	0.93
0.340909090909091	4	38	0.93
0.232558139534884	4	38	0.93
0.204081632653061	4	38	0.93
0.3	4	38	0.93
0.24390243902439	4	38	0.93
0.235294117647059	4	38	0.93
0.222222222222222	4	38	0.93
0.326530612244898	4	38	0.93
0.189189189189189	4	38	0.93
0.297872340425532	4	38	0.93
0.243243243243243	4	38	0.93
0.212121212121212	4	38	0.93
0.36734693877551	4	38	0.93
0.194444444444444	4	38	0.93
0.313725490196078	4	38	0.93
0.234042553191489	4	38	0.93
0.4375	4	38	0.93
0.205882352941176	4	38	0.93
0.238095238095238	4	38	0.93
0.222222222222222	4	38	0.93
0.260869565217391	4	38	0.93
0.148148148148148	4	38	0.93
0.214285714285714	4	38	0.93
0.289473684210526	4	38	0.93
0.125	4	38	0.93
0.324324324324324	4	38	0.93
0.244897959183673	4	38	0.93
0.235294117647059	4	38	0.93
0.181818181818182	4	38	0.93
0.170731707317073	4	38	0.93
0.2	4	38	0.93
0.305555555555556	4	38	0.93
0.263157894736842	4	38	0.93
0.125	4	38	0.93
0.212121212121212	4	38	0.93
0.324324324324324	4	38	0.93
0.181818181818182	4	38	0.93
0.230769230769231	4	38	0.93
0.243243243243243	4	38	0.93
0.268292682926829	4	38	0.93
0.233333333333333	4	38	0.93
0.25	4	38	0.93
0.4	4	38	0.93
0.2	4	38	0.93
0.205882352941176	4	38	0.93
0.212121212121212	4	38	0.93
0.121951219512195	4	38	0.93
0.28125	4	38	0.93
0.333333333333333	4	38	0.93
0.263157894736842	4	38	0.93
0.27027027027027	4	38	0.93
0.225	4	38	0.93
0.243243243243243	4	38	0.93
0.297872340425532	4	38	0.93
0.242424242424242	4	38	0.93
0.22	4	38	0.93
0.258064516129032	4	38	0.93
0.486486486486487	4	38	0.93
0.236842105263158	4	38	0.93
0.135135135135135	4	38	0.93
0.116279069767442	4	38	0.93
0.171428571428571	4	38	0.93
0.1875	4	38	0.93
0.291666666666667	4	38	0.93
0.241379310344828	4	38	0.93
0.244444444444444	4	38	0.93
0.372093023255814	4	38	0.93
0.304347826086957	4	38	0.93
0.214285714285714	4	38	0.93
0.21875	4	38	0.93
0.171428571428571	4	38	0.93
0.245283018867925	4	38	0.93
0.27027027027027	4	38	0.93
0.25	4	38	0.93
0.205128205128205	4	38	0.93
0.194444444444444	4	38	0.93
