VAF	CN	avg.depth	purity
0.666666666666667	1	13	0.92
0.875	1	13	0.92
0.8	1	13	0.92
0.833333333333333	1	13	0.92
0.7	1	13	0.92
0.8	1	13	0.92
0.764705882352941	1	13	0.92
0.8125	1	13	0.92
0.909090909090909	1	13	0.92
1	1	13	0.92
0.176470588235294	1	13	0.92
0.1875	1	13	0.92
0.714285714285714	1	13	0.92
0.35	2	21	0.92
0.409090909090909	2	21	0.92
0.12	2	21	0.92
0.411764705882353	2	21	0.92
0.272727272727273	2	21	0.92
0.4	2	21	0.92
0.4	2	21	0.92
0.538461538461538	2	21	0.92
0.157894736842105	2	21	0.92
0.44	2	21	0.92
0.461538461538462	2	21	0.92
0.5	2	21	0.92
0.580645161290323	2	21	0.92
0.470588235294118	2	21	0.92
0.157894736842105	2	21	0.92
0.333333333333333	2	21	0.92
0.36	2	21	0.92
0.44	2	21	0.92
0.227272727272727	2	21	0.92
0.153846153846154	2	21	0.92
0.476190476190476	2	21	0.92
0.277777777777778	2	21	0.92
0.285714285714286	2	21	0.92
0.558823529411765	2	21	0.92
0.55	2	21	0.92
0.333333333333333	2	21	0.92
0.315789473684211	2	21	0.92
0.470588235294118	2	21	0.92
0.142857142857143	2	21	0.92
0.461538461538462	2	21	0.92
0.533333333333333	2	21	0.92
1	2	21	0.92
0.333333333333333	2	21	0.92
0.423076923076923	2	21	0.92
0.321428571428571	2	21	0.92
0.421052631578947	2	21	0.92
0.282608695652174	2	21	0.92
0.264705882352941	2	21	0.92
0.32258064516129	2	21	0.92
0.684210526315789	2	21	0.92
0.529411764705882	2	21	0.92
0.375	2	21	0.92
0.130434782608696	2	21	0.92
0.357142857142857	2	21	0.92
0.545454545454545	2	21	0.92
0.6	2	21	0.92
0.136363636363636	2	21	0.92
0.615384615384615	2	21	0.92
0.315789473684211	2	21	0.92
0.09375	2	21	0.92
0.4375	2	21	0.92
0.4375	2	21	0.92
0.545454545454545	2	21	0.92
0.454545454545455	2	21	0.92
0.421052631578947	2	21	0.92
0.523809523809524	2	21	0.92
0.56	2	21	0.92
0.4	2	21	0.92
0.5	2	21	0.92
0.533333333333333	2	21	0.92
0.466666666666667	2	21	0.92
0.473684210526316	2	21	0.92
0.368421052631579	2	21	0.92
0.952380952380952	2	21	0.92
0.12	2	21	0.92
0.12	2	21	0.92
0.44	2	21	0.92
0.37037037037037	2	21	0.92
0.481481481481481	2	21	0.92
0.478260869565217	2	21	0.92
0.285714285714286	2	21	0.92
0.176470588235294	2	21	0.92
0.56	2	21	0.92
0.4	2	21	0.92
0.52	2	21	0.92
0.15	2	21	0.92
0.15	2	21	0.92
0.533333333333333	2	21	0.92
0.392857142857143	2	21	0.92
0.0909090909090909	2	21	0.92
0.428571428571429	2	21	0.92
0.555555555555556	2	21	0.92
0.6	2	21	0.92
0.3	2	21	0.92
0.571428571428571	2	21	0.92
0.6	2	21	0.92
0.4375	2	21	0.92
0.516129032258065	2	21	0.92
0.205128205128205	3	29	0.92
0.444444444444444	3	29	0.92
0.333333333333333	3	29	0.92
0.387096774193548	3	29	0.92
0.264705882352941	3	29	0.92
0.464285714285714	3	29	0.92
0.369565217391304	3	29	0.92
0.566666666666667	3	29	0.92
0.32	3	29	0.92
0.214285714285714	3	29	0.92
0.0909090909090909	3	29	0.92
0.354838709677419	3	29	0.92
0.258064516129032	3	29	0.92
0.388888888888889	3	29	0.92
0.25	3	29	0.92
0.382978723404255	3	29	0.92
0.272727272727273	3	29	0.92
0.216216216216216	3	29	0.92
0.171428571428571	3	29	0.92
0.30952380952381	3	29	0.92
0.464285714285714	3	29	0.92
0.333333333333333	3	29	0.92
0.24	3	29	0.92
0.344827586206897	3	29	0.92
0.461538461538462	3	29	0.92
0.404761904761905	3	29	0.92
0.35	3	29	0.92
0.32258064516129	3	29	0.92
0.130434782608696	3	29	0.92
0.296296296296296	3	29	0.92
0.296296296296296	3	29	0.92
0.5	3	29	0.92
0.241379310344828	3	29	0.92
0.217391304347826	3	29	0.92
0.227272727272727	3	29	0.92
0.137931034482759	3	29	0.92
0.205128205128205	3	29	0.92
0.235294117647059	3	29	0.92
0.365853658536585	3	29	0.92
0.444444444444444	3	29	0.92
0.15	3	29	0.92
0.342857142857143	3	29	0.92
0.28125	3	29	0.92
0.230769230769231	3	29	0.92
0.125	3	29	0.92
0.25	3	29	0.92
0.291666666666667	3	29	0.92
0.235294117647059	3	29	0.92
0.217391304347826	3	29	0.92
0.0882352941176471	3	29	0.92
0.393939393939394	3	29	0.92
0.25	3	29	0.92
0.28125	3	29	0.92
0.346153846153846	3	29	0.92
0.235294117647059	3	29	0.92
0.217391304347826	3	29	0.92
0.4	3	29	0.92
0.294117647058824	3	29	0.92
0.214285714285714	3	29	0.92
0.241379310344828	3	29	0.92
0.777777777777778	3	29	0.92
0.166666666666667	3	29	0.92
0.3	3	29	0.92
0.342857142857143	3	29	0.92
0.414634146341463	3	29	0.92
0.241379310344828	3	29	0.92
0.333333333333333	3	29	0.92
0.272727272727273	3	29	0.92
0.369565217391304	3	29	0.92
0.258064516129032	3	29	0.92
0.291666666666667	3	29	0.92
0.25	3	29	0.92
0.365853658536585	3	29	0.92
0.291666666666667	3	29	0.92
0.210526315789474	3	29	0.92
0.129032258064516	3	29	0.92
0.307692307692308	3	29	0.92
0.263157894736842	3	29	0.92
0.382352941176471	3	29	0.92
0.25	3	29	0.92
0.208333333333333	3	29	0.92
0.346153846153846	3	29	0.92
0.4375	3	29	0.92
0.25	3	29	0.92
0.269230769230769	3	29	0.92
0.363636363636364	3	29	0.92
0.222222222222222	3	29	0.92
0.384615384615385	3	29	0.92
0.4	3	29	0.92
0.875	3	29	0.92
0.583333333333333	3	29	0.92
0.269230769230769	3	29	0.92
0.157894736842105	3	29	0.92
0.235294117647059	3	29	0.92
0.204545454545455	3	29	0.92
0.2	3	29	0.92
0.304347826086957	3	29	0.92
0.285714285714286	3	29	0.92
0.257142857142857	3	29	0.92
0.243243243243243	3	29	0.92
0.34375	3	29	0.92
0.666666666666667	3	29	0.92
0.260869565217391	3	29	0.92
0.285714285714286	3	29	0.92
0.15625	3	29	0.92
0.241379310344828	3	29	0.92
0.166666666666667	3	29	0.92
0.333333333333333	3	29	0.92
0.235294117647059	3	29	0.92
0.185185185185185	3	29	0.92
0.375	3	29	0.92
0.307692307692308	3	29	0.92
0.241379310344828	3	29	0.92
0.657142857142857	3	29	0.92
0.305555555555556	3	29	0.92
0.37037037037037	3	29	0.92
0.285714285714286	3	29	0.92
0.222222222222222	3	29	0.92
0.11864406779661	3	29	0.92
0.304347826086957	3	29	0.92
0.3	3	29	0.92
0.344827586206897	3	29	0.92
0.363636363636364	3	29	0.92
0.304347826086957	3	29	0.92
0.263157894736842	3	29	0.92
0.424242424242424	3	29	0.92
0.19047619047619	3	29	0.92
0.411764705882353	3	29	0.92
0.575757575757576	3	29	0.92
0.0909090909090909	3	29	0.92
0.354838709677419	3	29	0.92
0.354838709677419	3	29	0.92
0.2	3	29	0.92
0.375	3	29	0.92
0.394736842105263	3	29	0.92
0.28	3	29	0.92
0.176470588235294	3	29	0.92
0.275862068965517	3	29	0.92
0.379310344827586	3	29	0.92
0.275	3	29	0.92
0.3	3	29	0.92
0.444444444444444	3	29	0.92
0.382352941176471	3	29	0.92
0.416666666666667	3	29	0.92
0.368421052631579	3	29	0.92
0.28	3	29	0.92
0.35	3	29	0.92
0.375	3	29	0.92
0.40625	3	29	0.92
0.189189189189189	3	29	0.92
0.4	3	29	0.92
0.206896551724138	3	29	0.92
0.157894736842105	3	29	0.92
0.516129032258065	3	29	0.92
0.307692307692308	3	29	0.92
0.291666666666667	3	29	0.92
0.230769230769231	3	29	0.92
0.15	3	29	0.92
0.4375	3	29	0.92
0.181818181818182	3	29	0.92
0.24	3	29	0.92
0.351351351351351	3	29	0.92
0.310344827586207	3	29	0.92
0.304347826086957	3	29	0.92
0.2	3	29	0.92
0.216216216216216	3	29	0.92
0.444444444444444	3	29	0.92
0.538461538461538	3	29	0.92
0.714285714285714	3	29	0.92
0.727272727272727	3	29	0.92
0.545454545454545	3	29	0.92
0.291666666666667	3	29	0.92
0.272727272727273	3	29	0.92
0.333333333333333	3	29	0.92
0.416666666666667	3	29	0.92
0.333333333333333	3	29	0.92
0.230769230769231	3	29	0.92
0.476190476190476	3	29	0.92
0.193548387096774	3	29	0.92
0.24	3	29	0.92
0.176470588235294	3	29	0.92
0.266666666666667	3	29	0.92
0.2	3	29	0.92
0.233333333333333	3	29	0.92
0.342857142857143	3	29	0.92
0.382352941176471	3	29	0.92
0.32	3	29	0.92
0.705882352941177	3	29	0.92
0.344827586206897	3	29	0.92
0.28	3	29	0.92
0.2	3	29	0.92
0.161290322580645	3	29	0.92
0.235294117647059	3	29	0.92
0.222222222222222	3	29	0.92
0.264705882352941	3	29	0.92
0.115384615384615	3	29	0.92
0.206896551724138	3	29	0.92
0.25	3	29	0.92
0.285714285714286	3	29	0.92
0.275862068965517	3	29	0.92
0.35	3	29	0.92
0.315789473684211	3	29	0.92
0.37037037037037	3	29	0.92
0.206896551724138	3	29	0.92
0.325581395348837	3	29	0.92
0.324324324324324	3	29	0.92
0.393939393939394	3	29	0.92
0.307692307692308	3	29	0.92
0.371428571428571	3	29	0.92
0.142857142857143	3	29	0.92
0.3	3	29	0.92
0.24	3	29	0.92
0.172413793103448	3	29	0.92
0.194444444444444	3	29	0.92
0.352941176470588	3	29	0.92
0.235294117647059	3	29	0.92
0.3	3	29	0.92
0.363636363636364	3	29	0.92
0.233333333333333	3	29	0.92
0.204081632653061	3	29	0.92
0.135593220338983	3	29	0.92
0.404761904761905	3	29	0.92
0.578947368421053	3	29	0.92
0.37037037037037	3	29	0.92
0.34375	3	29	0.92
0.346153846153846	3	29	0.92
0.24	3	29	0.92
0.384615384615385	3	29	0.92
0.259259259259259	3	29	0.92
0.392857142857143	3	29	0.92
0.259259259259259	3	29	0.92
0.272727272727273	3	29	0.92
0.45	3	29	0.92
0.333333333333333	3	29	0.92
0.5	3	29	0.92
0.5	3	29	0.92
0.181818181818182	3	29	0.92
0.291666666666667	3	29	0.92
0.108695652173913	3	29	0.92
0.416666666666667	3	29	0.92
0.256410256410256	3	29	0.92
0.592592592592593	3	29	0.92
0.302325581395349	3	29	0.92
0.607142857142857	3	29	0.92
0.177777777777778	3	29	0.92
0.258064516129032	3	29	0.92
0.473684210526316	3	29	0.92
0.391304347826087	3	29	0.92
0.476190476190476	3	29	0.92
0.230769230769231	3	29	0.92
0.478260869565217	3	29	0.92
0.297297297297297	3	29	0.92
0.205128205128205	3	29	0.92
0.368421052631579	3	29	0.92
0.37037037037037	3	29	0.92
0.5	3	29	0.92
0.357142857142857	3	29	0.92
0.351351351351351	3	29	0.92
0.125	3	29	0.92
0.448275862068966	3	29	0.92
0.24390243902439	3	29	0.92
0.217391304347826	3	29	0.92
0.357142857142857	3	29	0.92
0.25	3	29	0.92
0.260869565217391	3	29	0.92
0.294117647058824	3	29	0.92
0.357142857142857	3	29	0.92
0.277777777777778	3	29	0.92
0.275	3	29	0.92
0.157894736842105	3	29	0.92
0.21875	3	29	0.92
0.214285714285714	3	29	0.92
0.441176470588235	3	29	0.92
0.3125	3	29	0.92
0.275862068965517	3	29	0.92
0.285714285714286	3	29	0.92
0.409090909090909	3	29	0.92
0.263157894736842	3	29	0.92
0.272727272727273	3	29	0.92
0.387096774193548	3	29	0.92
0.384615384615385	3	29	0.92
0.5	3	29	0.92
0.1875	3	29	0.92
0.407407407407407	3	29	0.92
0.269230769230769	3	29	0.92
0.4	3	29	0.92
0.461538461538462	3	29	0.92
0.25	3	29	0.92
0.266666666666667	3	29	0.92
0.464285714285714	3	29	0.92
0.291666666666667	3	29	0.92
0.269230769230769	3	29	0.92
0.214285714285714	3	29	0.92
0.277777777777778	3	29	0.92
0.166666666666667	3	29	0.92
0.368421052631579	3	29	0.92
0.272727272727273	3	29	0.92
0.260869565217391	3	29	0.92
0.714285714285714	3	29	0.92
0.538461538461538	3	29	0.92
0.242424242424242	3	29	0.92
0.571428571428571	3	29	0.92
0.297297297297297	3	29	0.92
0.315789473684211	3	29	0.92
0.346153846153846	3	29	0.92
0.407407407407407	3	29	0.92
0.25	3	29	0.92
0.448275862068966	3	29	0.92
0.321428571428571	3	29	0.92
0.325581395348837	3	29	0.92
0.333333333333333	3	29	0.92
0.275862068965517	3	29	0.92
0.352941176470588	3	29	0.92
0.258064516129032	3	29	0.92
0.304347826086957	3	29	0.92
0.217391304347826	3	29	0.92
0.368421052631579	3	29	0.92
0.146341463414634	3	29	0.92
0.4375	3	29	0.92
0.107142857142857	3	29	0.92
0.102040816326531	3	29	0.92
0.15	3	29	0.92
0.444444444444444	3	29	0.92
0.25	3	29	0.92
0.315789473684211	3	29	0.92
0.25	3	29	0.92
0.36	3	29	0.92
0.303030303030303	3	29	0.92
0.212121212121212	3	29	0.92
0.4	3	29	0.92
0.785714285714286	3	29	0.92
0.526315789473684	3	29	0.92
0.5	3	29	0.92
0.4375	3	29	0.92
0.32258064516129	3	29	0.92
0.375	3	29	0.92
0.363636363636364	3	29	0.92
0.352941176470588	3	29	0.92
0.363636363636364	3	29	0.92
0.375	3	29	0.92
0.19047619047619	3	29	0.92
0.384615384615385	3	29	0.92
0.333333333333333	3	29	0.92
0.258064516129032	3	29	0.92
0.25	3	29	0.92
0.192307692307692	3	29	0.92
0.258064516129032	3	29	0.92
0.5	3	29	0.92
0.348837209302326	3	29	0.92
0.25	3	29	0.92
0.318181818181818	3	29	0.92
0.428571428571429	3	29	0.92
0.285714285714286	3	29	0.92
0.347826086956522	3	29	0.92
0.46875	3	29	0.92
0.4	3	29	0.92
0.260869565217391	3	29	0.92
0.4	3	29	0.92
0.232558139534884	3	29	0.92
0.214285714285714	3	29	0.92
0.241379310344828	3	29	0.92
0.290322580645161	3	29	0.92
0.146341463414634	3	29	0.92
0.195121951219512	3	29	0.92
0.433333333333333	3	29	0.92
0.292682926829268	3	29	0.92
0.333333333333333	3	29	0.92
0.294117647058824	3	29	0.92
0.194444444444444	3	29	0.92
0.24	3	29	0.92
0.290322580645161	3	29	0.92
0.0975609756097561	3	29	0.92
0.358974358974359	3	29	0.92
0.486486486486487	3	29	0.92
0.307692307692308	3	29	0.92
0.230769230769231	3	29	0.92
0.318181818181818	3	29	0.92
0.32	3	29	0.92
0.292682926829268	3	29	0.92
0.363636363636364	3	29	0.92
0.351351351351351	3	29	0.92
0.352941176470588	3	29	0.92
0.333333333333333	3	29	0.92
0.358974358974359	3	29	0.92
0.181818181818182	3	29	0.92
0.129032258064516	3	29	0.92
0.166666666666667	3	29	0.92
0.3	3	29	0.92
0.4	3	29	0.92
0.388888888888889	3	29	0.92
0.321428571428571	3	29	0.92
0.290322580645161	3	29	0.92
0.619047619047619	3	29	0.92
0.227272727272727	3	29	0.92
0.310344827586207	3	29	0.92
0.275862068965517	3	29	0.92
0.2	3	29	0.92
0.36	3	29	0.92
0.371428571428571	3	29	0.92
0.423076923076923	3	29	0.92
0.25	3	29	0.92
0.0967741935483871	3	29	0.92
0.222222222222222	3	29	0.92
0.551724137931034	3	29	0.92
0.291666666666667	3	29	0.92
0.25	3	29	0.92
0.310344827586207	3	29	0.92
0.25	3	29	0.92
0.166666666666667	3	29	0.92
0.142857142857143	3	29	0.92
0.166666666666667	3	29	0.92
0.272727272727273	3	29	0.92
0.285714285714286	3	29	0.92
0.419354838709677	3	29	0.92
0.16	3	29	0.92
0.379310344827586	3	29	0.92
0.19047619047619	3	29	0.92
0.321428571428571	3	29	0.92
0.257142857142857	3	29	0.92
0.382352941176471	3	29	0.92
0.375	3	29	0.92
0.304347826086957	3	29	0.92
0.25	3	29	0.92
0.232558139534884	3	29	0.92
0.222222222222222	3	29	0.92
0.380952380952381	3	29	0.92
0.34375	3	29	0.92
0.473684210526316	3	29	0.92
0.215686274509804	3	29	0.92
0.21875	3	29	0.92
0.2	3	29	0.92
0.225806451612903	3	29	0.92
0.193548387096774	3	29	0.92
0.315789473684211	3	29	0.92
0.166666666666667	3	29	0.92
0.227272727272727	3	29	0.92
0.2	3	29	0.92
0.183673469387755	4	37	0.92
0.171428571428571	4	37	0.92
0.241379310344828	4	37	0.92
0.244444444444444	4	37	0.92
0.260869565217391	4	37	0.92
0.155172413793103	4	37	0.92
0.166666666666667	4	37	0.92
0.212121212121212	4	37	0.92
0.233333333333333	4	37	0.92
0.24390243902439	4	37	0.92
0.236842105263158	4	37	0.92
0.333333333333333	4	37	0.92
0.3	4	37	0.92
0.368421052631579	4	37	0.92
0.347826086956522	4	37	0.92
0.282051282051282	4	37	0.92
0.228571428571429	4	37	0.92
0.311111111111111	4	37	0.92
0.222222222222222	4	37	0.92
0.225	4	37	0.92
0.2	4	37	0.92
0.32	4	37	0.92
0.242424242424242	4	37	0.92
0.333333333333333	4	37	0.92
0.235294117647059	4	37	0.92
0.297297297297297	4	37	0.92
0.233333333333333	4	37	0.92
0.225806451612903	4	37	0.92
0.318181818181818	4	37	0.92
0.260869565217391	4	37	0.92
0.208333333333333	4	37	0.92
0.192307692307692	4	37	0.92
0.161290322580645	4	37	0.92
0.142857142857143	4	37	0.92
0.26	4	37	0.92
0.307692307692308	4	37	0.92
0.148148148148148	4	37	0.92
0.210526315789474	4	37	0.92
0.222222222222222	4	37	0.92
0.25531914893617	4	37	0.92
0.351351351351351	4	37	0.92
0.239130434782609	4	37	0.92
0.24390243902439	4	37	0.92
0.151515151515152	4	37	0.92
0.146341463414634	4	37	0.92
0.142857142857143	4	37	0.92
0.125	4	37	0.92
0.295454545454545	4	37	0.92
0.25	4	37	0.92
0.333333333333333	4	37	0.92
0.458333333333333	4	37	0.92
0.26	4	37	0.92
0.162790697674419	4	37	0.92
0.444444444444444	4	37	0.92
0.153846153846154	4	37	0.92
0.304347826086957	4	37	0.92
0.590909090909091	4	37	0.92
0.230769230769231	4	37	0.92
0.177777777777778	4	37	0.92
0.148148148148148	4	37	0.92
0.3125	4	37	0.92
0.215686274509804	4	37	0.92
0.285714285714286	4	37	0.92
0.142857142857143	4	37	0.92
0.142857142857143	4	37	0.92
0.230769230769231	4	37	0.92
0.347826086956522	4	37	0.92
0.204545454545455	4	37	0.92
0.238095238095238	4	37	0.92
0.210526315789474	4	37	0.92
0.323529411764706	4	37	0.92
0.6	4	37	0.92
0.153846153846154	4	37	0.92
0.225806451612903	4	37	0.92
0.4	4	37	0.92
0.195652173913043	4	37	0.92
0.184210526315789	4	37	0.92
0.194444444444444	4	37	0.92
0.227272727272727	4	37	0.92
0.12	4	37	0.92
0.153846153846154	4	37	0.92
0.148148148148148	4	37	0.92
0.222222222222222	4	37	0.92
0.222222222222222	4	37	0.92
0.230769230769231	4	37	0.92
0.194444444444444	4	37	0.92
0.263157894736842	4	37	0.92
0.355555555555556	4	37	0.92
0.4	4	37	0.92
0.32258064516129	4	37	0.92
0.256410256410256	4	37	0.92
0.363636363636364	4	37	0.92
0.122448979591837	4	37	0.92
0.162162162162162	4	37	0.92
0.363636363636364	4	37	0.92
0.184210526315789	4	37	0.92
0.170212765957447	4	37	0.92
0.206896551724138	4	37	0.92
0.205128205128205	4	37	0.92
0.225806451612903	4	37	0.92
0.416666666666667	4	37	0.92
0.30952380952381	4	37	0.92
0.232558139534884	4	37	0.92
0.244444444444444	4	37	0.92
0.242424242424242	4	37	0.92
0.274509803921569	4	37	0.92
0.302325581395349	4	37	0.92
0.209302325581395	4	37	0.92
0.285714285714286	4	37	0.92
0.264705882352941	4	37	0.92
0.173913043478261	4	37	0.92
0.315789473684211	4	37	0.92
0.219512195121951	4	37	0.92
0.256410256410256	4	37	0.92
0.272727272727273	4	37	0.92
0.333333333333333	4	37	0.92
0.325	4	37	0.92
0.290322580645161	4	37	0.92
0.210526315789474	4	37	0.92
0.179487179487179	4	37	0.92
0.227272727272727	4	37	0.92
0.195652173913043	4	37	0.92
0.242424242424242	4	37	0.92
0.35	4	37	0.92
0.212121212121212	4	37	0.92
0.239130434782609	4	37	0.92
0.193548387096774	4	37	0.92
0.230769230769231	4	37	0.92
0.194029850746269	4	37	0.92
0.194444444444444	4	37	0.92
0.5	4	37	0.92
0.392857142857143	4	37	0.92
0.226415094339623	4	37	0.92
0.27906976744186	4	37	0.92
0.315789473684211	4	37	0.92
0.306122448979592	4	37	0.92
0.25	4	37	0.92
0.13953488372093	4	37	0.92
0.245901639344262	4	37	0.92
0.351851851851852	4	37	0.92
0.256410256410256	4	37	0.92
0.317073170731707	4	37	0.92
0.294117647058824	4	37	0.92
0.263157894736842	4	37	0.92
0.263157894736842	4	37	0.92
0.210526315789474	4	37	0.92
0.258064516129032	4	37	0.92
0.171428571428571	4	37	0.92
0.558139534883721	4	37	0.92
0.172413793103448	4	37	0.92
0.222222222222222	4	37	0.92
0.239130434782609	4	37	0.92
0.236842105263158	4	37	0.92
0.234042553191489	4	37	0.92
0.296296296296296	4	37	0.92
0.211538461538462	4	37	0.92
0.371428571428571	4	37	0.92
0.45	4	37	0.92
0.27906976744186	4	37	0.92
0.230769230769231	4	37	0.92
0.25	4	37	0.92
0.306122448979592	4	37	0.92
0.217391304347826	4	37	0.92
0.4	4	37	0.92
0.25531914893617	4	37	0.92
0.157894736842105	4	37	0.92
0.208333333333333	4	37	0.92
0.4375	4	37	0.92
0.290322580645161	4	37	0.92
0.185185185185185	4	37	0.92
0.240740740740741	4	37	0.92
0.178571428571429	4	37	0.92
0.2	4	37	0.92
0.177777777777778	4	37	0.92
0.2	4	37	0.92
0.214285714285714	4	37	0.92
0.275862068965517	4	37	0.92
0.16	4	37	0.92
0.16	4	37	0.92
0.235294117647059	4	37	0.92
0.2	4	37	0.92
0.19047619047619	4	37	0.92
0.142857142857143	4	37	0.92
0.368421052631579	4	37	0.92
0.277777777777778	4	37	0.92
0.225	4	37	0.92
0.239130434782609	4	37	0.92
0.25	4	37	0.92
0.357142857142857	4	37	0.92
0.2	4	37	0.92
0.257142857142857	4	37	0.92
0.358974358974359	4	37	0.92
0.285714285714286	4	37	0.92
0.277777777777778	4	37	0.92
0.171428571428571	4	37	0.92
0.161290322580645	4	37	0.92
0.227272727272727	4	37	0.92
0.311111111111111	4	37	0.92
0.204081632653061	4	37	0.92
0.372093023255814	4	37	0.92
0.491525423728814	4	37	0.92
0.25	4	37	0.92
0.266666666666667	4	37	0.92
0.146341463414634	4	37	0.92
0.470588235294118	4	37	0.92
0.40625	4	37	0.92
0.115384615384615	4	37	0.92
0.333333333333333	4	37	0.92
0.177777777777778	4	37	0.92
0.260869565217391	4	37	0.92
0.3125	4	37	0.92
0.256410256410256	4	37	0.92
0.217391304347826	4	37	0.92
0.255813953488372	4	37	0.92
0.181818181818182	4	37	0.92
0.230769230769231	4	37	0.92
0.241379310344828	4	37	0.92
0.444444444444444	4	37	0.92
0.129032258064516	4	37	0.92
0.171428571428571	4	37	0.92
0.272727272727273	4	37	0.92
0.290909090909091	4	37	0.92
0.181818181818182	4	37	0.92
0.255813953488372	4	37	0.92
0.206896551724138	4	37	0.92
0.142857142857143	4	37	0.92
0.157894736842105	4	37	0.92
0.319148936170213	4	37	0.92
0.0882352941176471	4	37	0.92
0.162790697674419	4	37	0.92
0.170731707317073	4	37	0.92
0.275862068965517	4	37	0.92
0.193548387096774	4	37	0.92
0.484848484848485	4	37	0.92
0.344827586206897	4	37	0.92
0.318181818181818	4	37	0.92
0.244444444444444	4	37	0.92
0.1875	4	37	0.92
0.4375	4	37	0.92
0.163265306122449	4	37	0.92
0.294117647058824	4	37	0.92
0.324324324324324	4	37	0.92
0.25	4	37	0.92
0.375	4	37	0.92
0.4	4	37	0.92
0.263157894736842	4	37	0.92
0.232558139534884	4	37	0.92
0.571428571428571	4	37	0.92
0.222222222222222	4	37	0.92
0.277777777777778	4	37	0.92
0.26	4	37	0.92
0.259259259259259	4	37	0.92
0.173913043478261	4	37	0.92
0.3	4	37	0.92
0.478260869565217	4	37	0.92
0.257142857142857	4	37	0.92
0.142857142857143	4	37	0.92
0.227272727272727	4	37	0.92
0.272727272727273	4	37	0.92
0.233333333333333	4	37	0.92
0.222222222222222	4	37	0.92
0.230769230769231	4	37	0.92
0.233333333333333	4	37	0.92
0.243243243243243	4	37	0.92
0.12	4	37	0.92
0.368421052631579	4	37	0.92
0.181818181818182	4	37	0.92
0.346153846153846	4	37	0.92
0.188679245283019	4	37	0.92
0.25	4	37	0.92
0.230769230769231	4	37	0.92
0.148148148148148	4	37	0.92
0.121212121212121	4	37	0.92
0.214285714285714	4	37	0.92
0.2	4	37	0.92
0.583333333333333	4	37	0.92
0.363636363636364	4	37	0.92
0.2	4	37	0.92
0.157894736842105	4	37	0.92
0.193548387096774	4	37	0.92
0.21875	4	37	0.92
0.333333333333333	4	37	0.92
0.257142857142857	4	37	0.92
0.310344827586207	4	37	0.92
0.1875	4	37	0.92
0.272727272727273	4	37	0.92
0.305555555555556	4	37	0.92
0.354838709677419	4	37	0.92
0.518518518518518	4	37	0.92
0.21875	4	37	0.92
0.242424242424242	4	37	0.92
0.391304347826087	4	37	0.92
0.25	4	37	0.92
0.8125	4	37	0.92
0.25	4	37	0.92
0.25	4	37	0.92
0.111111111111111	4	37	0.92
0.454545454545455	4	37	0.92
0.25	4	37	0.92
0.5	4	37	0.92
0.3	4	37	0.92
0.266666666666667	4	37	0.92
0.290322580645161	4	37	0.92
0.5	4	37	0.92
0.21875	4	37	0.92
0.30952380952381	4	37	0.92
0.25	4	37	0.92
0.375	4	37	0.92
0.222222222222222	4	37	0.92
0.136363636363636	4	37	0.92
0.181818181818182	4	37	0.92
0.692307692307692	4	37	0.92
0.296296296296296	4	37	0.92
0.2	4	37	0.92
0.142857142857143	4	37	0.92
0.166666666666667	4	37	0.92
0.375	4	37	0.92
0.304347826086957	4	37	0.92
0.347826086956522	4	37	0.92
0.162162162162162	4	37	0.92
0.210526315789474	4	37	0.92
0.162790697674419	4	37	0.92
0.236842105263158	4	37	0.92
0.6	4	37	0.92
0.272727272727273	4	37	0.92
0.189189189189189	4	37	0.92
0.230769230769231	4	37	0.92
0.197368421052632	4	37	0.92
0.222222222222222	4	37	0.92
0.205882352941176	4	37	0.92
0.3	4	37	0.92
0.32	4	37	0.92
0.179487179487179	4	37	0.92
0.517241379310345	4	37	0.92
0.159090909090909	4	37	0.92
0.310344827586207	4	37	0.92
0.317073170731707	4	37	0.92
0.236842105263158	4	37	0.92
0.269230769230769	4	37	0.92
0.255813953488372	4	37	0.92
0.173913043478261	4	37	0.92
0.179487179487179	4	37	0.92
0.171428571428571	4	37	0.92
0.25	4	37	0.92
0.295454545454545	4	37	0.92
0.344827586206897	4	37	0.92
0.103448275862069	4	37	0.92
0.297297297297297	4	37	0.92
0.153846153846154	4	37	0.92
0.133333333333333	4	37	0.92
0.121951219512195	4	37	0.92
0.264705882352941	4	37	0.92
0.217391304347826	4	37	0.92
0.219512195121951	4	37	0.92
0.404761904761905	4	37	0.92
0.25	4	37	0.92
0.681818181818182	4	37	0.92
0.242424242424242	4	37	0.92
0.260869565217391	4	37	0.92
0.354166666666667	4	37	0.92
0.244897959183673	4	37	0.92
0.230769230769231	4	37	0.92
0.156862745098039	4	37	0.92
0.283018867924528	4	37	0.92
0.260869565217391	4	37	0.92
0.18	4	37	0.92
0.297297297297297	4	37	0.92
0.166666666666667	4	37	0.92
0.275862068965517	4	37	0.92
0.264705882352941	4	37	0.92
0.151515151515152	4	37	0.92
0.225806451612903	4	37	0.92
0.304347826086957	4	37	0.92
0.184210526315789	4	37	0.92
0.19047619047619	4	37	0.92
0.170731707317073	4	37	0.92
0.594594594594595	4	37	0.92
0.153846153846154	4	37	0.92
0.30952380952381	4	37	0.92
0.421052631578947	4	37	0.92
0.551724137931034	4	37	0.92
0.289473684210526	4	37	0.92
0.3125	4	37	0.92
0.382352941176471	4	37	0.92
0.326530612244898	4	37	0.92
0.173913043478261	4	37	0.92
0.175	4	37	0.92
0.173076923076923	4	37	0.92
0.0833333333333333	4	37	0.92
0.119047619047619	4	37	0.92
0.275	4	37	0.92
0.451612903225806	4	37	0.92
0.205882352941176	4	37	0.92
0.225	4	37	0.92
0.222222222222222	4	37	0.92
0.323529411764706	4	37	0.92
0.258064516129032	4	37	0.92
0.24390243902439	4	37	0.92
0.25	4	37	0.92
0.274509803921569	4	37	0.92
0.314285714285714	4	37	0.92
0.25	4	37	0.92
0.222222222222222	4	37	0.92
0.153846153846154	4	37	0.92
0.227272727272727	4	37	0.92
0.162162162162162	4	37	0.92
0.175	4	37	0.92
0.159090909090909	4	37	0.92
0.19047619047619	4	37	0.92
0.183673469387755	4	37	0.92
0.261904761904762	4	37	0.92
0.148936170212766	4	37	0.92
0.448275862068966	4	37	0.92
0.288135593220339	4	37	0.92
0.204545454545455	4	37	0.92
0.269230769230769	4	37	0.92
0.310344827586207	4	37	0.92
0.16	4	37	0.92
0.14	4	37	0.92
0.314285714285714	4	37	0.92
0.132075471698113	4	37	0.92
0.236363636363636	4	37	0.92
0.357142857142857	4	37	0.92
0.272727272727273	4	37	0.92
0.233333333333333	4	37	0.92
0.2	4	37	0.92
0.318181818181818	4	37	0.92
0.435897435897436	4	37	0.92
0.324324324324324	4	37	0.92
0.261904761904762	4	37	0.92
0.354838709677419	4	37	0.92
0.210526315789474	4	37	0.92
0.239130434782609	4	37	0.92
0.214285714285714	4	37	0.92
0.3	4	37	0.92
0.368421052631579	4	37	0.92
0.256410256410256	4	37	0.92
0.323529411764706	4	37	0.92
0.333333333333333	4	37	0.92
0.219512195121951	4	37	0.92
0.125	4	37	0.92
0.24	4	37	0.92
0.309090909090909	4	37	0.92
0.243243243243243	4	37	0.92
0.212121212121212	4	37	0.92
0.285714285714286	4	37	0.92
0.235294117647059	4	37	0.92
0.162790697674419	4	37	0.92
0.254901960784314	4	37	0.92
0.159090909090909	4	37	0.92
0.25	4	37	0.92
0.264705882352941	4	37	0.92
0.148936170212766	4	37	0.92
0.291666666666667	4	37	0.92
0.238095238095238	4	37	0.92
0.204545454545455	4	37	0.92
0.153846153846154	4	37	0.92
0.217391304347826	4	37	0.92
0.27906976744186	4	37	0.92
0.285714285714286	4	37	0.92
0.368421052631579	4	37	0.92
0.36734693877551	4	37	0.92
0.162162162162162	4	37	0.92
0.290322580645161	4	37	0.92
0.305555555555556	4	37	0.92
0.19047619047619	4	37	0.92
0.318181818181818	4	37	0.92
0.393939393939394	4	37	0.92
0.266666666666667	4	37	0.92
0.269230769230769	4	37	0.92
0.35	4	37	0.92
0.542857142857143	4	37	0.92
0.136363636363636	4	37	0.92
0.166666666666667	4	37	0.92
0.291666666666667	4	37	0.92
0.257142857142857	4	37	0.92
0.257142857142857	4	37	0.92
0.303571428571429	4	37	0.92
0.303571428571429	4	37	0.92
0.193548387096774	4	37	0.92
0.204545454545455	4	37	0.92
0.270833333333333	4	37	0.92
0.224137931034483	4	37	0.92
0.214285714285714	4	37	0.92
0.35	4	37	0.92
0.642857142857143	4	37	0.92
0.27027027027027	4	37	0.92
0.25	4	37	0.92
0.125	4	37	0.92
0.26530612244898	4	37	0.92
0.19047619047619	4	37	0.92
0.170731707317073	4	37	0.92
0.3	4	37	0.92
0.217391304347826	4	37	0.92
0.263157894736842	4	37	0.92
0.348837209302326	4	37	0.92
0.183673469387755	4	37	0.92
0.36	4	37	0.92
0.214285714285714	4	37	0.92
0.276595744680851	4	37	0.92
0.3125	4	37	0.92
0.142857142857143	4	37	0.92
0.291666666666667	4	37	0.92
0.260869565217391	4	37	0.92
0.523809523809524	4	37	0.92
0.241379310344828	4	37	0.92
0.105263157894737	4	37	0.92
0.28125	4	37	0.92
0.260869565217391	4	37	0.92
0.116666666666667	4	37	0.92
0.255813953488372	4	37	0.92
0.205882352941176	4	37	0.92
0.228571428571429	4	37	0.92
0.15625	4	37	0.92
0.181818181818182	4	37	0.92
0.275	4	37	0.92
0.25	4	37	0.92
0.258064516129032	4	37	0.92
0.413793103448276	4	37	0.92
0.307692307692308	4	37	0.92
0.173913043478261	4	37	0.92
0.260869565217391	4	37	0.92
0.260869565217391	4	37	0.92
0.136363636363636	4	37	0.92
0.0810810810810811	4	37	0.92
0.263157894736842	4	37	0.92
0.3	4	37	0.92
0.24	4	37	0.92
0.538461538461538	4	37	0.92
0.24	4	37	0.92
0.157894736842105	4	37	0.92
0.175	4	37	0.92
0.333333333333333	4	37	0.92
0.155555555555556	4	37	0.92
0.277777777777778	4	37	0.92
0.533333333333333	4	37	0.92
0.238095238095238	4	37	0.92
0.2	4	37	0.92
0.285714285714286	4	37	0.92
0.275862068965517	4	37	0.92
0.352941176470588	4	37	0.92
0.222222222222222	4	37	0.92
0.166666666666667	4	37	0.92
0.277777777777778	4	37	0.92
0.291666666666667	4	37	0.92
0.222222222222222	4	37	0.92
0.46875	4	37	0.92
0.292682926829268	4	37	0.92
0.212121212121212	4	37	0.92
0.291666666666667	4	37	0.92
0.333333333333333	4	37	0.92
0.256410256410256	4	37	0.92
0.184210526315789	4	37	0.92
0.303030303030303	4	37	0.92
0.217391304347826	4	37	0.92
0.209302325581395	4	37	0.92
0.186046511627907	4	37	0.92
0.340425531914894	4	37	0.92
0.27027027027027	4	37	0.92
0.243243243243243	4	37	0.92
0.288888888888889	4	37	0.92
0.205882352941176	4	37	0.92
0.225	4	37	0.92
0.19047619047619	4	37	0.92
0.242424242424242	4	37	0.92
0.260869565217391	4	37	0.92
0.341463414634146	4	37	0.92
0.21875	4	37	0.92
0.0857142857142857	4	37	0.92
0.204545454545455	4	37	0.92
0.317073170731707	4	37	0.92
0.285714285714286	4	37	0.92
0.272727272727273	4	37	0.92
0.24	4	37	0.92
0.161290322580645	4	37	0.92
0.133333333333333	4	37	0.92
0.32	4	37	0.92
0.151515151515152	4	37	0.92
0.173913043478261	4	37	0.92
0.115384615384615	4	37	0.92
0.228571428571429	4	37	0.92
0.12	4	37	0.92
0.185185185185185	4	37	0.92
0.607142857142857	4	37	0.92
0.323529411764706	4	37	0.92
0.4	4	37	0.92
0.583333333333333	4	37	0.92
0.225806451612903	4	37	0.92
0.219512195121951	4	37	0.92
0.45	4	37	0.92
0.387096774193548	4	37	0.92
0.111111111111111	4	37	0.92
0.304347826086957	4	37	0.92
0.264705882352941	4	37	0.92
0.27906976744186	4	37	0.92
0.222222222222222	4	37	0.92
0.283018867924528	4	37	0.92
0.232558139534884	4	37	0.92
0.186046511627907	4	37	0.92
0.371428571428571	4	37	0.92
0.2	4	37	0.92
0.153846153846154	4	37	0.92
0.177777777777778	4	37	0.92
0.243243243243243	4	37	0.92
0.297872340425532	4	37	0.92
0.357142857142857	4	37	0.92
0.393939393939394	4	37	0.92
0.222222222222222	4	37	0.92
0.264705882352941	4	37	0.92
0.15	4	37	0.92
0.172413793103448	4	37	0.92
0.234042553191489	4	37	0.92
0.264705882352941	4	37	0.92
0.191489361702128	4	37	0.92
0.25	4	37	0.92
0.170731707317073	4	37	0.92
0.264705882352941	4	37	0.92
0.181818181818182	4	37	0.92
0.230769230769231	4	37	0.92
0.259259259259259	4	37	0.92
0.25	4	37	0.92
0.514285714285714	4	37	0.92
0.363636363636364	4	37	0.92
0.0869565217391304	4	37	0.92
0.1	4	37	0.92
0.181818181818182	4	37	0.92
0.214285714285714	4	37	0.92
0.37037037037037	4	37	0.92
0.326086956521739	4	37	0.92
0.263157894736842	4	37	0.92
0.363636363636364	4	37	0.92
0.409090909090909	4	37	0.92
0.25	4	37	0.92
0.142857142857143	4	37	0.92
0.317073170731707	4	37	0.92
0.25	4	37	0.92
0.206896551724138	4	37	0.92
0.222222222222222	4	37	0.92
0.184210526315789	4	37	0.92
0.233333333333333	4	37	0.92
0.262295081967213	4	37	0.92
0.234042553191489	4	37	0.92
0.32258064516129	4	37	0.92
0.163636363636364	4	37	0.92
0.393939393939394	4	37	0.92
0.195121951219512	4	37	0.92
0.264150943396226	4	37	0.92
0.244897959183673	4	37	0.92
0.230769230769231	4	37	0.92
0.314814814814815	4	37	0.92
0.128205128205128	4	37	0.92
0.5	4	37	0.92
0.227272727272727	4	37	0.92
0.27027027027027	4	37	0.92
0.333333333333333	4	37	0.92
0.161290322580645	4	37	0.92
0.294117647058824	4	37	0.92
0.311475409836066	4	37	0.92
0.157894736842105	4	37	0.92
0.3	4	37	0.92
0.208333333333333	4	37	0.92
0.242424242424242	4	37	0.92
0.3	4	37	0.92
0.183673469387755	4	37	0.92
0.127272727272727	4	37	0.92
0.313725490196078	4	37	0.92
0.333333333333333	4	37	0.92
0.157894736842105	4	37	0.92
0.307692307692308	4	37	0.92
0.235294117647059	4	37	0.92
0.161290322580645	4	37	0.92
0.757575757575758	4	37	0.92
0.294117647058824	4	37	0.92
0.511627906976744	4	37	0.92
0.177777777777778	4	37	0.92
0.43859649122807	4	37	0.92
0.236842105263158	4	37	0.92
0.242424242424242	4	37	0.92
0.224137931034483	4	37	0.92
0.589285714285714	4	37	0.92
0.14	4	37	0.92
0.244444444444444	4	37	0.92
0.155172413793103	4	37	0.92
0.468085106382979	4	37	0.92
0.184210526315789	4	37	0.92
0.307692307692308	4	37	0.92
0.461538461538462	4	37	0.92
0.37037037037037	4	37	0.92
0.244444444444444	4	37	0.92
0.205882352941176	4	37	0.92
0.571428571428571	4	37	0.92
0.157894736842105	4	37	0.92
0.212765957446809	4	37	0.92
0.535714285714286	4	37	0.92
0.288888888888889	4	37	0.92
0.30952380952381	4	37	0.92
0.258064516129032	4	37	0.92
0.5	4	37	0.92
0.230769230769231	4	37	0.92
0.239130434782609	4	37	0.92
0.258064516129032	4	37	0.92
0.3	4	37	0.92
0.3125	4	37	0.92
0.25	4	37	0.92
0.127659574468085	4	37	0.92
0.321428571428571	4	37	0.92
0.45	4	37	0.92
0.344827586206897	4	37	0.92
0.270833333333333	4	37	0.92
0.307692307692308	4	37	0.92
0.142857142857143	4	37	0.92
0.44	4	37	0.92
0.235294117647059	4	37	0.92
0.458333333333333	4	37	0.92
0.333333333333333	4	37	0.92
0.375	4	37	0.92
0.276595744680851	4	37	0.92
0.242424242424242	4	37	0.92
0.214285714285714	4	37	0.92
0.260869565217391	4	37	0.92
0.243243243243243	4	37	0.92
0.175	4	37	0.92
0.176470588235294	4	37	0.92
0.274509803921569	4	37	0.92
0.52	4	37	0.92
0.342857142857143	4	37	0.92
0.196428571428571	4	37	0.92
0.239130434782609	4	37	0.92
0.260869565217391	4	37	0.92
0.260869565217391	4	37	0.92
0.266666666666667	4	37	0.92
0.318181818181818	4	37	0.92
0.4	4	37	0.92
0.17741935483871	4	37	0.92
0.153846153846154	4	37	0.92
0.194444444444444	4	37	0.92
0.327272727272727	4	37	0.92
0.238095238095238	4	37	0.92
0.176470588235294	4	37	0.92
0.222222222222222	4	37	0.92
0.212121212121212	4	37	0.92
0.142857142857143	4	37	0.92
0.347826086956522	4	37	0.92
0.192982456140351	4	37	0.92
0.25	4	37	0.92
0.238095238095238	4	37	0.92
0.2	4	37	0.92
0.28	4	37	0.92
0.243243243243243	4	37	0.92
0.155172413793103	4	37	0.92
0.268292682926829	4	37	0.92
0.160714285714286	4	37	0.92
0.28	4	37	0.92
0.225	4	37	0.92
0.333333333333333	4	37	0.92
0.307692307692308	4	37	0.92
0.166666666666667	4	37	0.92
