VAF	CN	avg.depth	purity
0.222222222222222	2	23	1
0.238095238095238	2	23	1
0.333333333333333	2	23	1
0.416666666666667	2	23	1
0.277777777777778	2	23	1
0.5	2	23	1
0.384615384615385	2	23	1
0.533333333333333	2	23	1
0.2	2	23	1
0.193548387096774	2	23	1
0.269230769230769	2	23	1
0.458333333333333	2	23	1
0.333333333333333	2	23	1
0.428571428571429	2	23	1
0.227272727272727	2	23	1
0.137931034482759	2	23	1
0.12	2	23	1
0.428571428571429	2	23	1
0.391304347826087	2	23	1
0.620689655172414	2	23	1
0.6	2	23	1
0.454545454545455	2	23	1
0.323529411764706	3	27	1
0.24	3	27	1
0.142857142857143	3	27	1
0.181818181818182	3	27	1
0.5	3	27	1
0.166666666666667	3	27	1
0.157894736842105	3	27	1
0.285714285714286	3	27	1
0.315789473684211	3	27	1
0.2	3	27	1
0.130434782608696	3	27	1
0.2	3	27	1
0.209302325581395	3	27	1
0.111111111111111	3	27	1
0.176470588235294	3	27	1
0.222222222222222	3	27	1
0.523809523809524	3	27	1
0.32258064516129	3	27	1
0.581395348837209	3	27	1
0.35	3	27	1
0.296296296296296	3	27	1
0.19047619047619	3	27	1
0.2	3	27	1
0.2	3	27	1
0.315789473684211	3	27	1
0.148148148148148	3	27	1
0.321428571428571	3	27	1
0.172413793103448	3	27	1
0.138888888888889	3	27	1
0.205882352941176	3	27	1
0.176470588235294	3	27	1
0.222222222222222	3	27	1
0.192307692307692	3	27	1
0.217391304347826	3	27	1
0.260869565217391	3	27	1
0.366666666666667	3	27	1
0.175	3	27	1
0.133333333333333	3	27	1
0.2	3	27	1
0.2	3	27	1
0.192307692307692	3	27	1
0.206896551724138	3	27	1
0.137931034482759	3	27	1
0.151515151515152	3	27	1
0.36	3	27	1
0.121951219512195	3	27	1
0.192307692307692	3	27	1
0.291666666666667	3	27	1
0.222222222222222	3	27	1
0.333333333333333	3	27	1
0.4	3	27	1
0.222222222222222	3	27	1
0.194444444444444	3	27	1
0.227272727272727	3	27	1
0.260869565217391	3	27	1
0.444444444444444	3	27	1
0.470588235294118	3	27	1
0.5	3	27	1
0.2	3	27	1
0.3125	3	27	1
0.192307692307692	3	27	1
0.578947368421053	3	27	1
0.137931034482759	3	27	1
0.115384615384615	3	27	1
0.28	3	27	1
0.314285714285714	3	27	1
0.212121212121212	3	27	1
0.714285714285714	3	27	1
0.714285714285714	3	27	1
0.19047619047619	3	27	1
0.230769230769231	3	27	1
0.227272727272727	3	27	1
0.285714285714286	3	27	1
0.296296296296296	3	27	1
0.387096774193548	3	27	1
0.137931034482759	3	27	1
0.21875	3	27	1
0.15	3	27	1
0.333333333333333	3	27	1
0.363636363636364	3	27	1
0.242424242424242	3	27	1
0.1875	3	27	1
0.6	3	27	1
0.142857142857143	3	27	1
0.266666666666667	3	27	1
0.583333333333333	3	27	1
0.25	3	27	1
0.25	3	27	1
0.5	3	27	1
0.352941176470588	3	27	1
0.19047619047619	3	27	1
0.3	3	27	1
0.24	3	27	1
0.444444444444444	3	27	1
0.129032258064516	3	27	1
0.142857142857143	3	27	1
0.257142857142857	3	27	1
0.470588235294118	3	27	1
0.2	3	27	1
0.206896551724138	3	27	1
0.162162162162162	3	27	1
0.75	3	27	1
0.619047619047619	3	27	1
0.166666666666667	3	27	1
0.363636363636364	3	27	1
0.21875	3	27	1
0.235294117647059	3	27	1
0.153846153846154	3	27	1
0.153846153846154	3	27	1
0.206896551724138	3	27	1
0.16	3	27	1
0.4	3	27	1
0.148148148148148	3	27	1
0.133333333333333	3	27	1
0.354838709677419	3	27	1
0.405405405405405	3	27	1
0.392857142857143	3	27	1
0.222222222222222	3	27	1
0.172413793103448	3	27	1
0.2	3	27	1
0.212121212121212	3	27	1
0.428571428571429	3	27	1
0.294117647058824	3	27	1
0.363636363636364	3	27	1
0.333333333333333	3	27	1
0.533333333333333	3	27	1
0.171428571428571	3	27	1
0.266666666666667	3	27	1
0.407407407407407	3	27	1
0.212121212121212	3	27	1
0.222222222222222	3	27	1
0.153846153846154	3	27	1
0.34375	3	27	1
0.25	3	27	1
0.35	3	27	1
0.666666666666667	3	27	1
0.352941176470588	3	27	1
0.272727272727273	3	27	1
0.153846153846154	3	27	1
0.275862068965517	3	27	1
0.176470588235294	3	27	1
0.333333333333333	3	27	1
0.230769230769231	3	27	1
0.161290322580645	3	27	1
0.264705882352941	3	27	1
0.25	3	27	1
0.571428571428571	3	27	1
0.344827586206897	3	27	1
0.142857142857143	3	27	1
0.185185185185185	3	27	1
0.483870967741935	3	27	1
0.230769230769231	3	27	1
0.272727272727273	3	27	1
0.225806451612903	3	27	1
0.192307692307692	3	27	1
0.307692307692308	3	27	1
0.214285714285714	3	27	1
0.222222222222222	3	27	1
0.21875	3	27	1
0.354838709677419	3	27	1
0.379310344827586	3	27	1
0.133333333333333	3	27	1
0.1875	3	27	1
0.30952380952381	3	27	1
0.162790697674419	3	27	1
0.272727272727273	3	27	1
0.381818181818182	3	27	1
0.153846153846154	3	27	1
0.170731707317073	3	27	1
0.318181818181818	3	27	1
0.333333333333333	3	27	1
0.24	3	27	1
0.875	3	27	1
0.25	4	36	1
0.594594594594595	4	36	1
0.392857142857143	4	36	1
0.136363636363636	4	36	1
0.35	4	36	1
0.137931034482759	4	36	1
0.25	4	36	1
0.146341463414634	4	36	1
0.28125	4	36	1
0.314285714285714	4	36	1
0.105263157894737	4	36	1
0.2	4	36	1
0.254237288135593	4	36	1
0.115384615384615	4	36	1
0.2	4	36	1
0.172413793103448	4	36	1
0.24390243902439	4	36	1
0.1875	4	36	1
0.19047619047619	4	36	1
0.277777777777778	4	36	1
0.166666666666667	4	36	1
0.244897959183673	4	36	1
0.5	4	36	1
0.125	4	36	1
0.232558139534884	4	36	1
0.269230769230769	4	36	1
0.230769230769231	4	36	1
0.25	4	36	1
0.310344827586207	4	36	1
0.111111111111111	4	36	1
0.117647058823529	4	36	1
0.45	4	36	1
0.18	4	36	1
0.149253731343284	4	36	1
0.166666666666667	4	36	1
0.28	4	36	1
0.269230769230769	4	36	1
0.12962962962963	4	36	1
0.196078431372549	4	36	1
0.307692307692308	4	36	1
0.25	4	36	1
0.205882352941176	4	36	1
0.087719298245614	4	36	1
0.13953488372093	4	36	1
0.212121212121212	4	36	1
0.216216216216216	4	36	1
0.183673469387755	4	36	1
0.13953488372093	4	36	1
0.461538461538462	4	36	1
0.5	4	36	1
0.142857142857143	4	36	1
0.212121212121212	4	36	1
0.114285714285714	4	36	1
0.244444444444444	4	36	1
0.346153846153846	4	36	1
0.369565217391304	4	36	1
0.175	4	36	1
0.285714285714286	4	36	1
0.137931034482759	4	36	1
0.142857142857143	4	36	1
0.318181818181818	4	36	1
0.210526315789474	4	36	1
0.222222222222222	4	36	1
0.161290322580645	4	36	1
0.15	4	36	1
0.206896551724138	4	36	1
0.162790697674419	4	36	1
0.101694915254237	4	36	1
0.333333333333333	4	36	1
0.260869565217391	4	36	1
0.105263157894737	4	36	1
0.170731707317073	4	36	1
0.25	4	36	1
0.0833333333333333	4	36	1
0.166666666666667	4	36	1
0.290909090909091	4	36	1
0.275862068965517	4	36	1
0.2	4	36	1
0.263157894736842	4	36	1
0.130434782608696	4	36	1
0.105263157894737	4	36	1
0.117647058823529	4	36	1
0.272727272727273	4	36	1
0.206896551724138	4	36	1
0.16	4	36	1
0.260869565217391	4	36	1
0.277777777777778	4	36	1
0.205882352941176	4	36	1
0.176470588235294	4	36	1
0.1875	4	36	1
0.2	4	36	1
0.333333333333333	4	36	1
0.258064516129032	4	36	1
0.292682926829268	4	36	1
0.19047619047619	4	36	1
0.121212121212121	4	36	1
0.142857142857143	4	36	1
0.0980392156862745	4	36	1
0.191489361702128	4	36	1
0.106382978723404	4	36	1
0.13953488372093	4	36	1
0.14	4	36	1
0.148936170212766	4	36	1
0.357142857142857	4	36	1
0.125	4	36	1
0.214285714285714	4	36	1
0.285714285714286	4	36	1
0.122448979591837	4	36	1
0.25	4	36	1
0.129032258064516	4	36	1
0.236842105263158	4	36	1
0.166666666666667	4	36	1
0.157894736842105	4	36	1
0.0892857142857143	4	36	1
0.121951219512195	4	36	1
0.27906976744186	4	36	1
0.157894736842105	4	36	1
0.266666666666667	4	36	1
0.30188679245283	4	36	1
0.18	4	36	1
0.194444444444444	4	36	1
0.175	4	36	1
0.176470588235294	4	36	1
0.222222222222222	4	36	1
0.148148148148148	4	36	1
0.176470588235294	4	36	1
0.121212121212121	4	36	1
0.13953488372093	4	36	1
0.27027027027027	4	36	1
0.303030303030303	4	36	1
0.166666666666667	4	36	1
0.244444444444444	4	36	1
0.186440677966102	4	36	1
0.138888888888889	4	36	1
0.148148148148148	4	36	1
0.357142857142857	4	36	1
0.469387755102041	4	36	1
0.212121212121212	4	36	1
0.121212121212121	4	36	1
0.371428571428571	4	36	1
0.34375	4	36	1
0.175	4	36	1
0.288888888888889	4	36	1
0.333333333333333	4	36	1
0.34	4	36	1
0.125	4	36	1
0.14	4	36	1
0.186046511627907	4	36	1
0.272727272727273	4	36	1
0.1	4	36	1
0.428571428571429	4	36	1
0.222222222222222	4	36	1
0.235294117647059	4	36	1
0.294117647058824	4	36	1
0.155555555555556	4	36	1
0.222222222222222	4	36	1
0.111111111111111	4	36	1
0.411764705882353	4	36	1
0.21875	4	36	1
0.121951219512195	4	36	1
0.176470588235294	4	36	1
0.311111111111111	4	36	1
0.302325581395349	4	36	1
0.134615384615385	4	36	1
0.1875	4	36	1
0.314285714285714	4	36	1
0.136363636363636	4	36	1
0.228571428571429	4	36	1
0.229166666666667	4	36	1
0.297297297297297	4	36	1
0.297297297297297	4	36	1
0.388888888888889	4	36	1
0.138888888888889	4	36	1
0.5	4	36	1
0.122448979591837	4	36	1
0.146341463414634	4	36	1
0.25	4	36	1
0.333333333333333	4	36	1
0.222222222222222	4	36	1
0.214285714285714	4	36	1
0.19047619047619	4	36	1
0.258064516129032	4	36	1
0.1875	4	36	1
0.134615384615385	4	36	1
0.366666666666667	4	36	1
0.153846153846154	4	36	1
0.256410256410256	4	36	1
0.133333333333333	4	36	1
0.13953488372093	4	36	1
0.206896551724138	4	36	1
0.181818181818182	4	36	1
0.5	4	36	1
0.233333333333333	4	36	1
0.0983606557377049	4	36	1
0.104166666666667	4	36	1
0.227272727272727	4	36	1
0.162790697674419	4	36	1
0.230769230769231	4	36	1
0.297297297297297	4	36	1
0.290322580645161	4	36	1
0.116279069767442	4	36	1
0.151515151515152	4	36	1
0.552631578947368	4	36	1
0.108108108108108	4	36	1
0.390243902439024	4	36	1
0.116279069767442	4	36	1
0.177777777777778	4	36	1
0.2	4	36	1
0.517241379310345	4	36	1
0.157894736842105	4	36	1
0.184210526315789	4	36	1
0.170731707317073	4	36	1
0.130434782608696	4	36	1
0.25	4	36	1
0.296296296296296	4	36	1
0.172413793103448	4	36	1
0.116279069767442	4	36	1
0.261904761904762	4	36	1
0.104166666666667	4	36	1
0.354838709677419	4	36	1
0.166666666666667	4	36	1
0.282051282051282	4	36	1
0.153846153846154	4	36	1
0.288461538461538	4	36	1
0.160714285714286	4	36	1
0.0961538461538462	4	36	1
0.125	4	36	1
0.136363636363636	4	36	1
0.136363636363636	4	36	1
0.161290322580645	4	36	1
0.222222222222222	4	36	1
0.363636363636364	4	36	1
0.12962962962963	4	36	1
0.277777777777778	4	36	1
0.289473684210526	4	36	1
0.259259259259259	4	36	1
0.222222222222222	4	36	1
0.178571428571429	4	36	1
0.195652173913043	4	36	1
0.421052631578947	4	36	1
0.156862745098039	4	36	1
0.166666666666667	4	36	1
0.222222222222222	4	36	1
0.3	4	36	1
0.318181818181818	4	36	1
0.692307692307692	4	36	1
0.214285714285714	4	36	1
0.34375	4	36	1
0.15625	4	36	1
0.214285714285714	4	36	1
0.416666666666667	4	36	1
0.214285714285714	4	36	1
0.7	4	36	1
0.307692307692308	4	36	1
0.235294117647059	4	36	1
0.159090909090909	4	36	1
0.5	4	36	1
0.230769230769231	4	36	1
0.375	4	36	1
0.121951219512195	4	36	1
0.333333333333333	4	36	1
0.4	4	36	1
