VAF	CN	avg.depth	purity
1	1	21	0.96
0.954545454545455	1	21	0.96
0.857142857142857	1	21	0.96
0.933333333333333	1	21	0.96
0.928571428571429	1	21	0.96
0.92	1	21	0.96
0.222222222222222	1	21	0.96
0.96	1	21	0.96
1	1	21	0.96
0.857142857142857	1	21	0.96
0.909090909090909	1	21	0.96
0.916666666666667	1	21	0.96
0.85	1	21	0.96
0.96875	1	21	0.96
0.12	1	21	0.96
1	1	21	0.96
0.352941176470588	2	40	0.96
0.258064516129032	2	40	0.96
0.25	2	40	0.96
0.6	2	40	0.96
0.178571428571429	2	40	0.96
0.40625	2	40	0.96
0.428571428571429	2	40	0.96
0.5	2	40	0.96
0.5	2	40	0.96
0.5	2	40	0.96
0.147058823529412	2	40	0.96
0.465116279069767	2	40	0.96
0.529411764705882	2	40	0.96
0.535714285714286	2	40	0.96
0.6	2	40	0.96
0.473684210526316	2	40	0.96
0.567567567567568	2	40	0.96
0.418604651162791	2	40	0.96
0.387096774193548	2	40	0.96
0.533333333333333	2	40	0.96
0.5	2	40	0.96
0.472222222222222	2	40	0.96
0.470588235294118	2	40	0.96
0.41025641025641	2	40	0.96
0.486486486486487	2	40	0.96
0.526315789473684	2	40	0.96
0.428571428571429	2	40	0.96
0.395833333333333	2	40	0.96
0.513513513513513	2	40	0.96
0.441176470588235	2	40	0.96
0.4	2	40	0.96
0.530612244897959	2	40	0.96
0.543478260869565	2	40	0.96
0.488888888888889	2	40	0.96
0.477272727272727	2	40	0.96
0.5	2	40	0.96
0.464285714285714	2	40	0.96
0.545454545454545	2	40	0.96
0.666666666666667	2	40	0.96
0.425	2	40	0.96
0.28	2	40	0.96
0.314285714285714	2	40	0.96
0.466666666666667	2	40	0.96
0.555555555555556	2	40	0.96
0.523809523809524	2	40	0.96
0.384615384615385	2	40	0.96
0.479166666666667	2	40	0.96
0.186046511627907	2	40	0.96
0.60377358490566	2	40	0.96
0.48936170212766	2	40	0.96
0.303030303030303	2	40	0.96
0.12280701754386	2	40	0.96
0.432432432432432	2	40	0.96
0.5	2	40	0.96
0.352941176470588	2	40	0.96
0.6	2	40	0.96
0.340425531914894	2	40	0.96
0.418604651162791	2	40	0.96
0.648648648648649	2	40	0.96
0.325	2	40	0.96
0.5	2	40	0.96
0.46875	2	40	0.96
0.395348837209302	2	40	0.96
0.111111111111111	2	40	0.96
0.486486486486487	2	40	0.96
0.368421052631579	2	40	0.96
0.625	2	40	0.96
0.444444444444444	2	40	0.96
0.27027027027027	2	40	0.96
0.225	2	40	0.96
0.7	2	40	0.96
0.619047619047619	2	40	0.96
0.473684210526316	2	40	0.96
0.465116279069767	2	40	0.96
0.425	2	40	0.96
0.422222222222222	2	40	0.96
0.95	2	40	0.96
0.48936170212766	2	40	0.96
0.333333333333333	2	40	0.96
0.520833333333333	2	40	0.96
0.428571428571429	2	40	0.96
0.571428571428571	2	40	0.96
0.678571428571429	2	40	0.96
0.348837209302326	2	40	0.96
0.166666666666667	2	40	0.96
0.5	2	40	0.96
0.342857142857143	2	40	0.96
0.535714285714286	2	40	0.96
0.5	2	40	0.96
0.434782608695652	2	40	0.96
0.3125	2	40	0.96
0.342857142857143	2	40	0.96
0.560975609756098	2	40	0.96
0.538461538461538	2	40	0.96
0.344827586206897	2	40	0.96
0.487179487179487	2	40	0.96
0.621621621621622	2	40	0.96
0.5	2	40	0.96
0.5	2	40	0.96
0.540540540540541	2	40	0.96
0.53448275862069	2	40	0.96
0.627906976744186	2	40	0.96
0.388888888888889	2	40	0.96
0.457142857142857	2	40	0.96
0.392156862745098	2	40	0.96
0.5	2	40	0.96
0.477272727272727	2	40	0.96
0.473684210526316	2	40	0.96
0.444444444444444	2	40	0.96
0.390243902439024	2	40	0.96
0.4	2	40	0.96
0.388888888888889	2	40	0.96
0.416666666666667	2	40	0.96
0.431818181818182	2	40	0.96
0.5	2	40	0.96
0.545454545454545	2	40	0.96
0.39622641509434	2	40	0.96
0.518518518518518	2	40	0.96
0.8	2	40	0.96
0.636363636363636	2	40	0.96
0.333333333333333	2	40	0.96
0.409090909090909	2	40	0.96
0.529411764705882	2	40	0.96
0.454545454545455	2	40	0.96
0.416666666666667	2	40	0.96
0.4	2	40	0.96
0.428571428571429	2	40	0.96
0.393939393939394	2	40	0.96
0.452830188679245	2	40	0.96
0.352941176470588	2	40	0.96
0.241379310344828	2	40	0.96
0.564102564102564	2	40	0.96
0.363636363636364	2	40	0.96
0.275	2	40	0.96
0.5	2	40	0.96
0.538461538461538	2	40	0.96
0.428571428571429	2	40	0.96
0.4	2	40	0.96
0.526315789473684	2	40	0.96
0.548387096774194	2	40	0.96
0.457142857142857	2	40	0.96
0.435897435897436	2	40	0.96
0.456140350877193	2	40	0.96
0.4	2	40	0.96
0.354838709677419	2	40	0.96
0.461538461538462	2	40	0.96
0.4	2	40	0.96
0.454545454545455	2	40	0.96
0.423076923076923	2	40	0.96
0.5	2	40	0.96
0.473684210526316	2	40	0.96
0.477272727272727	2	40	0.96
0.4	2	40	0.96
0.448979591836735	2	40	0.96
0.142857142857143	2	40	0.96
0.35	2	40	0.96
0.42	2	40	0.96
0.444444444444444	2	40	0.96
0.3	2	40	0.96
0.555555555555556	2	40	0.96
0.527272727272727	2	40	0.96
0.176470588235294	2	40	0.96
0.15	2	40	0.96
0.576923076923077	2	40	0.96
0.428571428571429	2	40	0.96
0.473684210526316	2	40	0.96
0.538461538461538	2	40	0.96
0.454545454545455	2	40	0.96
0.469387755102041	2	40	0.96
0.477272727272727	2	40	0.96
0.38	2	40	0.96
0.42	2	40	0.96
0.354838709677419	2	40	0.96
0.5	2	40	0.96
0.458333333333333	2	40	0.96
0.5625	2	40	0.96
0.386363636363636	2	40	0.96
0.159090909090909	2	40	0.96
0.386363636363636	2	40	0.96
0.571428571428571	2	40	0.96
0.355555555555556	2	40	0.96
0.222222222222222	2	40	0.96
0.193548387096774	2	40	0.96
0.566666666666667	2	40	0.96
0.488372093023256	2	40	0.96
0.611111111111111	2	40	0.96
0.522727272727273	2	40	0.96
0.431034482758621	2	40	0.96
0.636363636363636	2	40	0.96
0.391304347826087	2	40	0.96
0.285714285714286	2	40	0.96
0.323529411764706	2	40	0.96
0.428571428571429	2	40	0.96
0.555555555555556	2	40	0.96
0.536585365853659	2	40	0.96
0.626865671641791	2	40	0.96
0.368421052631579	2	40	0.96
0.45	2	40	0.96
0.382978723404255	2	40	0.96
0.377358490566038	2	40	0.96
0.425	2	40	0.96
0.422222222222222	2	40	0.96
0.414634146341463	2	40	0.96
0.516129032258065	2	40	0.96
0.595238095238095	2	40	0.96
0.491803278688525	2	40	0.96
0.25	2	40	0.96
0.571428571428571	2	40	0.96
0.488372093023256	2	40	0.96
0.365384615384615	2	40	0.96
0.448979591836735	2	40	0.96
0.357142857142857	2	40	0.96
0.384615384615385	2	40	0.96
0.477272727272727	2	40	0.96
0.527777777777778	2	40	0.96
0.450980392156863	2	40	0.96
0.425	2	40	0.96
0.457142857142857	2	40	0.96
0.384615384615385	2	40	0.96
0.604166666666667	2	40	0.96
0.409090909090909	2	40	0.96
0.547619047619048	2	40	0.96
0.317073170731707	2	40	0.96
0.5	2	40	0.96
0.617021276595745	2	40	0.96
0.5	2	40	0.96
0.583333333333333	2	40	0.96
0.625	2	40	0.96
0.439024390243902	2	40	0.96
0.472222222222222	2	40	0.96
0.104166666666667	2	40	0.96
0.606060606060606	2	40	0.96
0.342105263157895	2	40	0.96
0.476190476190476	2	40	0.96
0.529411764705882	2	40	0.96
0.431372549019608	2	40	0.96
0.596491228070175	2	40	0.96
0.25531914893617	2	40	0.96
0.382978723404255	2	40	0.96
0.391304347826087	2	40	0.96
0.542857142857143	2	40	0.96
0.457627118644068	2	40	0.96
0.470588235294118	2	40	0.96
0.909090909090909	2	40	0.96
0.351351351351351	2	40	0.96
0.526315789473684	2	40	0.96
0.470588235294118	2	40	0.96
0.5	2	40	0.96
0.655172413793103	2	40	0.96
0.51219512195122	2	40	0.96
0.431372549019608	2	40	0.96
0.5625	2	40	0.96
0.4	2	40	0.96
0.219512195121951	2	40	0.96
0.409090909090909	2	40	0.96
0.266666666666667	2	40	0.96
0.425925925925926	2	40	0.96
0.611111111111111	2	40	0.96
0.428571428571429	2	40	0.96
0.296296296296296	2	40	0.96
0.365384615384615	2	40	0.96
0.534883720930233	2	40	0.96
0.390243902439024	2	40	0.96
0.193548387096774	2	40	0.96
0.558139534883721	2	40	0.96
0.509803921568627	2	40	0.96
0.4375	2	40	0.96
0.487179487179487	2	40	0.96
0.5	2	40	0.96
0.333333333333333	2	40	0.96
0.521739130434783	2	40	0.96
0.5	2	40	0.96
0.5	2	40	0.96
0.543478260869565	2	40	0.96
0.45	2	40	0.96
0.394736842105263	2	40	0.96
0.543859649122807	2	40	0.96
0.607843137254902	2	40	0.96
0.404255319148936	2	40	0.96
0.452830188679245	2	40	0.96
0.511627906976744	2	40	0.96
0.448275862068966	2	40	0.96
0.59375	2	40	0.96
0.577777777777778	2	40	0.96
0.603448275862069	2	40	0.96
0.428571428571429	2	40	0.96
0.540540540540541	2	40	0.96
0.36	2	40	0.96
0.354838709677419	2	40	0.96
0.5	2	40	0.96
0.5	2	40	0.96
0.511111111111111	2	40	0.96
0.5	2	40	0.96
0.214285714285714	2	40	0.96
0.5	2	40	0.96
0.456140350877193	2	40	0.96
0.489795918367347	2	40	0.96
0.439024390243902	2	40	0.96
0.472222222222222	2	40	0.96
0.375	2	40	0.96
0.145454545454545	2	40	0.96
0.563636363636364	2	40	0.96
0.5	2	40	0.96
0.538461538461538	2	40	0.96
0.423076923076923	2	40	0.96
0.130434782608696	2	40	0.96
0.325	2	40	0.96
0.512820512820513	2	40	0.96
0.39622641509434	2	40	0.96
0.517857142857143	2	40	0.96
0.302325581395349	2	40	0.96
0.5625	2	40	0.96
0.51063829787234	2	40	0.96
0.4	2	40	0.96
0.488372093023256	2	40	0.96
0.58695652173913	2	40	0.96
0.228571428571429	2	40	0.96
0.604166666666667	2	40	0.96
0.442622950819672	2	40	0.96
0.388888888888889	2	40	0.96
0.488372093023256	2	40	0.96
0.52	2	40	0.96
0.0987654320987654	2	40	0.96
0.488888888888889	2	40	0.96
0.222222222222222	2	40	0.96
0.475	2	40	0.96
0.466666666666667	2	40	0.96
0.472222222222222	2	40	0.96
0.189189189189189	2	40	0.96
0.176470588235294	2	40	0.96
0.354838709677419	2	40	0.96
0.574074074074074	2	40	0.96
0.456140350877193	2	40	0.96
0.517857142857143	2	40	0.96
0.536585365853659	2	40	0.96
0.548387096774194	2	40	0.96
0.666666666666667	2	40	0.96
0.275	2	40	0.96
0.478260869565217	2	40	0.96
0.361702127659574	2	40	0.96
0.458333333333333	2	40	0.96
0.488888888888889	2	40	0.96
0.425	2	40	0.96
0.407407407407407	2	40	0.96
0.469387755102041	2	40	0.96
0.588235294117647	2	40	0.96
0.424242424242424	2	40	0.96
0.5	2	40	0.96
0.592592592592593	2	40	0.96
0.384615384615385	2	40	0.96
0.530612244897959	2	40	0.96
0.522727272727273	2	40	0.96
0.403508771929825	2	40	0.96
0.416666666666667	2	40	0.96
0.511627906976744	2	40	0.96
0.36734693877551	2	40	0.96
0.132075471698113	2	40	0.96
0.369565217391304	2	40	0.96
0.384615384615385	2	40	0.96
0.5	2	40	0.96
0.45	2	40	0.96
0.5	2	40	0.96
0.393939393939394	2	40	0.96
0.468085106382979	2	40	0.96
0.516129032258065	2	40	0.96
0.444444444444444	2	40	0.96
0.525	2	40	0.96
0.352941176470588	2	40	0.96
0.171428571428571	2	40	0.96
0.313725490196078	2	40	0.96
0.571428571428571	2	40	0.96
0.477272727272727	2	40	0.96
0.418604651162791	2	40	0.96
0.405405405405405	2	40	0.96
0.423076923076923	2	40	0.96
0.575757575757576	2	40	0.96
0.533333333333333	2	40	0.96
0.27027027027027	2	40	0.96
0.473684210526316	2	40	0.96
0.540540540540541	2	40	0.96
0.642857142857143	2	40	0.96
0.558139534883721	2	40	0.96
0.2	2	40	0.96
0.464285714285714	2	40	0.96
0.459459459459459	2	40	0.96
0.535714285714286	2	40	0.96
0.446428571428571	2	40	0.96
0.470588235294118	2	40	0.96
0.477272727272727	2	40	0.96
0.406779661016949	2	40	0.96
0.428571428571429	2	40	0.96
0.594594594594595	2	40	0.96
0.75	2	40	0.96
0.413793103448276	2	40	0.96
0.13953488372093	2	40	0.96
0.422222222222222	2	40	0.96
0.451612903225806	2	40	0.96
0.355555555555556	2	40	0.96
0.490909090909091	2	40	0.96
0.386363636363636	2	40	0.96
0.470588235294118	2	40	0.96
0.568181818181818	2	40	0.96
0.428571428571429	2	40	0.96
0.433962264150943	2	40	0.96
0.511111111111111	2	40	0.96
0.488888888888889	2	40	0.96
0.25	2	40	0.96
0.340909090909091	2	40	0.96
0.386363636363636	2	40	0.96
0.553191489361702	2	40	0.96
0.382352941176471	2	40	0.96
0.46	2	40	0.96
0.487179487179487	2	40	0.96
0.486486486486487	2	40	0.96
0.380952380952381	2	40	0.96
0.472222222222222	2	40	0.96
0.346938775510204	2	40	0.96
0.222222222222222	2	40	0.96
0.48780487804878	2	40	0.96
0.454545454545455	2	40	0.96
0.523809523809524	2	40	0.96
0.466666666666667	2	40	0.96
0.475	2	40	0.96
0.428571428571429	2	40	0.96
0.508771929824561	2	40	0.96
0.548387096774194	2	40	0.96
0.434782608695652	2	40	0.96
0.346938775510204	2	40	0.96
0.390243902439024	2	40	0.96
0.461538461538462	2	40	0.96
0.428571428571429	2	40	0.96
0.479166666666667	2	40	0.96
0.471698113207547	2	40	0.96
0.428571428571429	2	40	0.96
0.547619047619048	2	40	0.96
0.491525423728814	2	40	0.96
0.510204081632653	2	40	0.96
0.228571428571429	2	40	0.96
0.4	2	40	0.96
0.512820512820513	2	40	0.96
0.464285714285714	2	40	0.96
0.571428571428571	2	40	0.96
0.456521739130435	2	40	0.96
0.468085106382979	2	40	0.96
0.592592592592593	2	40	0.96
0.458333333333333	2	40	0.96
0.513513513513513	2	40	0.96
0.51063829787234	2	40	0.96
0.469387755102041	2	40	0.96
0.58695652173913	2	40	0.96
0.5	2	40	0.96
0.355932203389831	2	40	0.96
0.38	2	40	0.96
0.46	2	40	0.96
0.5	2	40	0.96
0.452380952380952	2	40	0.96
0.55	2	40	0.96
0.344827586206897	2	40	0.96
0.509090909090909	2	40	0.96
0.604651162790698	2	40	0.96
0.395348837209302	2	40	0.96
0.456140350877193	2	40	0.96
0.536585365853659	2	40	0.96
0.230769230769231	2	40	0.96
0.386363636363636	2	40	0.96
0.352941176470588	2	40	0.96
0.486486486486487	2	40	0.96
0.37037037037037	2	40	0.96
0.13953488372093	2	40	0.96
0.432432432432432	2	40	0.96
0.516129032258065	2	40	0.96
0.517241379310345	2	40	0.96
0.583333333333333	2	40	0.96
0.390243902439024	2	40	0.96
0.51219512195122	2	40	0.96
0.365853658536585	2	40	0.96
0.558823529411765	2	40	0.96
0.425531914893617	2	40	0.96
0.423076923076923	2	40	0.96
0.604651162790698	2	40	0.96
0.566037735849057	2	40	0.96
0.552631578947368	2	40	0.96
0.434782608695652	2	40	0.96
0.476190476190476	2	40	0.96
0.545454545454545	2	40	0.96
0.5	2	40	0.96
0.48780487804878	2	40	0.96
0.468085106382979	2	40	0.96
0.358974358974359	2	40	0.96
0.540540540540541	2	40	0.96
0.518518518518518	2	40	0.96
0.488372093023256	2	40	0.96
0.382978723404255	2	40	0.96
0.369565217391304	2	40	0.96
0.387755102040816	2	40	0.96
0.471698113207547	2	40	0.96
0.372093023255814	2	40	0.96
0.318181818181818	2	40	0.96
0.421052631578947	2	40	0.96
0.425	2	40	0.96
0.176470588235294	2	40	0.96
0.5	2	40	0.96
0.388888888888889	2	40	0.96
0.55	2	40	0.96
0.694444444444444	2	40	0.96
0.479166666666667	2	40	0.96
0.477272727272727	2	40	0.96
0.560975609756098	2	40	0.96
0.2	2	40	0.96
0.5	2	40	0.96
0.390243902439024	2	40	0.96
0.491228070175439	2	40	0.96
0.477272727272727	2	40	0.96
0.517241379310345	2	40	0.96
0.529411764705882	2	40	0.96
0.5	2	40	0.96
0.595238095238095	2	40	0.96
0.476190476190476	2	40	0.96
0.522727272727273	2	40	0.96
0.170731707317073	2	40	0.96
0.45	2	40	0.96
0.545454545454545	2	40	0.96
0.32	2	40	0.96
0.341463414634146	2	40	0.96
0.45	2	40	0.96
0.452380952380952	2	40	0.96
0.421052631578947	2	40	0.96
0.5	2	40	0.96
0.517241379310345	2	40	0.96
0.419354838709677	2	40	0.96
0.488888888888889	2	40	0.96
0.533333333333333	2	40	0.96
0.483870967741935	2	40	0.96
0.513513513513513	2	40	0.96
0.448275862068966	2	40	0.96
0.545454545454545	2	40	0.96
0.166666666666667	2	40	0.96
0.414634146341463	2	40	0.96
0.5	2	40	0.96
0.388888888888889	2	40	0.96
0.414634146341463	2	40	0.96
0.5	2	40	0.96
0.56	2	40	0.96
0.358490566037736	2	40	0.96
0.380952380952381	2	40	0.96
0.489795918367347	2	40	0.96
0.48780487804878	2	40	0.96
0.432432432432432	2	40	0.96
0.36734693877551	2	40	0.96
0.333333333333333	2	40	0.96
0.472222222222222	2	40	0.96
0.390243902439024	2	40	0.96
0.576271186440678	2	40	0.96
0.564102564102564	2	40	0.96
0.113207547169811	2	40	0.96
0.425925925925926	2	40	0.96
0.425	2	40	0.96
0.382352941176471	2	40	0.96
0.465116279069767	2	40	0.96
0.631578947368421	2	40	0.96
0.584905660377358	2	40	0.96
0.372549019607843	2	40	0.96
0.5	2	40	0.96
0.46875	2	40	0.96
0.488888888888889	2	40	0.96
0.365384615384615	2	40	0.96
0.613636363636364	2	40	0.96
0.424242424242424	2	40	0.96
0.473684210526316	2	40	0.96
0.5	2	40	0.96
0.575757575757576	2	40	0.96
0.527777777777778	2	40	0.96
0.486486486486487	2	40	0.96
0.447368421052632	2	40	0.96
0.470588235294118	2	40	0.96
0.548387096774194	2	40	0.96
0.195652173913043	2	40	0.96
0.276595744680851	2	40	0.96
0.333333333333333	2	40	0.96
0.421052631578947	2	40	0.96
0.403508771929825	2	40	0.96
0.483870967741935	2	40	0.96
0.354838709677419	2	40	0.96
0.363636363636364	2	40	0.96
0.5	2	40	0.96
0.509803921568627	2	40	0.96
0.46	2	40	0.96
0.472222222222222	2	40	0.96
0.527777777777778	2	40	0.96
0.627906976744186	2	40	0.96
0.416666666666667	2	40	0.96
0.465116279069767	2	40	0.96
0.476190476190476	2	40	0.96
0.468085106382979	2	40	0.96
0.384615384615385	2	40	0.96
0.341463414634146	2	40	0.96
0.421052631578947	2	40	0.96
0.576923076923077	2	40	0.96
0.404761904761905	2	40	0.96
0.387096774193548	2	40	0.96
0.452380952380952	2	40	0.96
0.454545454545455	2	40	0.96
0.303030303030303	2	40	0.96
0.488888888888889	2	40	0.96
0.173913043478261	2	40	0.96
0.441176470588235	2	40	0.96
0.428571428571429	2	40	0.96
0.21875	2	40	0.96
0.588235294117647	2	40	0.96
0.447368421052632	2	40	0.96
0.666666666666667	2	40	0.96
0.166666666666667	2	40	0.96
0.470588235294118	2	40	0.96
0.564102564102564	2	40	0.96
0.5	2	40	0.96
0.48	2	40	0.96
0.525	2	40	0.96
0.363636363636364	2	40	0.96
0.5	2	40	0.96
0.173076923076923	2	40	0.96
0.422222222222222	2	40	0.96
0.517241379310345	2	40	0.96
0.492063492063492	2	40	0.96
0.470588235294118	2	40	0.96
0.459459459459459	2	40	0.96
0.543478260869565	2	40	0.96
0.4	2	40	0.96
0.510204081632653	2	40	0.96
0.5	2	40	0.96
0.432432432432432	2	40	0.96
0.530612244897959	2	40	0.96
0.536585365853659	2	40	0.96
0.444444444444444	2	40	0.96
0.575	2	40	0.96
0.416666666666667	2	40	0.96
0.527777777777778	2	40	0.96
0.489795918367347	2	40	0.96
0.545454545454545	2	40	0.96
0.323529411764706	2	40	0.96
0.5	2	40	0.96
0.424242424242424	2	40	0.96
0.35	2	40	0.96
0.469387755102041	2	40	0.96
0.485714285714286	2	40	0.96
0.452380952380952	2	40	0.96
0.446808510638298	2	40	0.96
0.418604651162791	2	40	0.96
0.357142857142857	2	40	0.96
0.4375	2	40	0.96
0.428571428571429	2	40	0.96
0.5	2	40	0.96
0.659574468085106	2	40	0.96
0.546875	2	40	0.96
0.547169811320755	2	40	0.96
0.444444444444444	2	40	0.96
0.642857142857143	2	40	0.96
0.395348837209302	2	40	0.96
0.527272727272727	2	40	0.96
0.571428571428571	2	40	0.96
0.40625	2	40	0.96
0.513513513513513	2	40	0.96
0.7	2	40	0.96
0.583333333333333	2	40	0.96
0.375	2	40	0.96
0.375	2	40	0.96
0.485714285714286	2	40	0.96
0.5	2	40	0.96
0.525	2	40	0.96
0.431372549019608	2	40	0.96
0.454545454545455	2	40	0.96
0.459459459459459	2	40	0.96
0.567567567567568	2	40	0.96
0.558823529411765	2	40	0.96
0.444444444444444	2	40	0.96
0.488372093023256	2	40	0.96
0.454545454545455	2	40	0.96
0.409090909090909	2	40	0.96
0.4	2	40	0.96
0.425531914893617	2	40	0.96
0.430769230769231	2	40	0.96
0.465116279069767	2	40	0.96
0.333333333333333	2	40	0.96
0.333333333333333	2	40	0.96
0.547169811320755	2	40	0.96
0.5	2	40	0.96
0.404255319148936	2	40	0.96
0.512820512820513	2	40	0.96
0.387755102040816	2	40	0.96
0.475	2	40	0.96
0.255813953488372	2	40	0.96
0.348837209302326	2	40	0.96
0.531914893617021	2	40	0.96
0.717948717948718	2	40	0.96
0.463414634146341	2	40	0.96
0.479166666666667	2	40	0.96
0.395348837209302	2	40	0.96
0.545454545454545	2	40	0.96
0.5	2	40	0.96
0.543478260869565	2	40	0.96
0.522727272727273	2	40	0.96
0.441860465116279	2	40	0.96
0.473684210526316	2	40	0.96
0.407407407407407	2	40	0.96
0.424242424242424	2	40	0.96
0.67741935483871	2	40	0.96
0.441176470588235	2	40	0.96
0.575	2	40	0.96
0.34375	2	40	0.96
0.45	2	40	0.96
0.473684210526316	2	40	0.96
0.432432432432432	2	40	0.96
0.488372093023256	2	40	0.96
0.333333333333333	2	40	0.96
0.5	2	40	0.96
0.615384615384615	2	40	0.96
0.432432432432432	2	40	0.96
0.41304347826087	2	40	0.96
0.407407407407407	2	40	0.96
0.324324324324324	2	40	0.96
0.533333333333333	2	40	0.96
0.368421052631579	2	40	0.96
0.2	2	40	0.96
0.222222222222222	2	40	0.96
0.210526315789474	2	40	0.96
0.571428571428571	2	40	0.96
0.170212765957447	2	40	0.96
0.529411764705882	2	40	0.96
0.36	2	40	0.96
0.444444444444444	2	40	0.96
0.421052631578947	2	40	0.96
0.51219512195122	2	40	0.96
0.607142857142857	2	40	0.96
0.606060606060606	2	40	0.96
0.375	2	40	0.96
0.425	2	40	0.96
0.471698113207547	2	40	0.96
0.461538461538462	2	40	0.96
0.45	2	40	0.96
0.372093023255814	2	40	0.96
0.465116279069767	2	40	0.96
0.5	2	40	0.96
0.435897435897436	2	40	0.96
0.394736842105263	2	40	0.96
0.633333333333333	2	40	0.96
0.424242424242424	2	40	0.96
0.5	2	40	0.96
0.333333333333333	2	40	0.96
0.5	2	40	0.96
0.205128205128205	2	40	0.96
0.260869565217391	2	40	0.96
0.441176470588235	2	40	0.96
0.352941176470588	2	40	0.96
0.435897435897436	2	40	0.96
0.555555555555556	2	40	0.96
0.446808510638298	2	40	0.96
0.434782608695652	2	40	0.96
0.595744680851064	2	40	0.96
0.37037037037037	2	40	0.96
0.540540540540541	2	40	0.96
0.527777777777778	2	40	0.96
0.405405405405405	2	40	0.96
0.407407407407407	2	40	0.96
0.4	2	40	0.96
0.581818181818182	2	40	0.96
0.4	2	40	0.96
0.565217391304348	2	40	0.96
0.5	2	40	0.96
0.5	2	40	0.96
0.382352941176471	2	40	0.96
0.477272727272727	2	40	0.96
0.534883720930233	2	40	0.96
0.882352941176471	2	40	0.96
0.318181818181818	2	40	0.96
0.63265306122449	2	40	0.96
0.185185185185185	2	40	0.96
0.411764705882353	2	40	0.96
0.372093023255814	2	40	0.96
0.5	2	40	0.96
0.536585365853659	2	40	0.96
0.379310344827586	2	40	0.96
0.435483870967742	2	40	0.96
0.490196078431373	2	40	0.96
0.469387755102041	2	40	0.96
0.555555555555556	2	40	0.96
0.657142857142857	2	40	0.96
0.32258064516129	2	40	0.96
0.263157894736842	2	40	0.96
0.15625	2	40	0.96
0.527272727272727	2	40	0.96
0.5	2	40	0.96
0.72	2	40	0.96
0.488888888888889	2	40	0.96
0.323529411764706	2	40	0.96
0.558139534883721	2	40	0.96
0.333333333333333	2	40	0.96
0.442307692307692	2	40	0.96
0.586206896551724	2	40	0.96
0.451612903225806	2	40	0.96
0.434782608695652	2	40	0.96
0.6	2	40	0.96
0.5	2	40	0.96
0.522727272727273	2	40	0.96
0.425531914893617	2	40	0.96
0.333333333333333	2	40	0.96
0.553191489361702	2	40	0.96
0.48936170212766	2	40	0.96
0.375	2	40	0.96
0.405405405405405	2	40	0.96
0.368421052631579	2	40	0.96
0.5	2	40	0.96
0.625	2	40	0.96
0.418604651162791	2	40	0.96
0.422222222222222	2	40	0.96
0.563636363636364	2	40	0.96
0.4	2	40	0.96
0.4	2	40	0.96
0.425	2	40	0.96
0.181818181818182	2	40	0.96
0.456140350877193	2	40	0.96
0.619047619047619	2	40	0.96
0.447368421052632	2	40	0.96
0.480769230769231	2	40	0.96
0.407407407407407	2	40	0.96
0.511627906976744	2	40	0.96
0.416666666666667	2	40	0.96
0.488888888888889	2	40	0.96
0.555555555555556	2	40	0.96
0.486486486486487	2	40	0.96
0.292682926829268	2	40	0.96
0.479166666666667	2	40	0.96
0.424242424242424	2	40	0.96
0.446808510638298	2	40	0.96
0.19047619047619	2	40	0.96
0.530612244897959	2	40	0.96
0.272727272727273	2	40	0.96
0.490909090909091	2	40	0.96
0.576923076923077	2	40	0.96
0.488888888888889	2	40	0.96
0.463414634146341	2	40	0.96
0.657894736842105	2	40	0.96
0.431034482758621	2	40	0.96
0.409090909090909	2	40	0.96
0.45	2	40	0.96
0.62962962962963	2	40	0.96
0.519230769230769	2	40	0.96
0.553191489361702	2	40	0.96
0.461538461538462	2	40	0.96
0.958333333333333	2	40	0.96
0.509433962264151	2	40	0.96
0.577777777777778	2	40	0.96
0.488888888888889	2	40	0.96
0.431372549019608	2	40	0.96
0.520833333333333	2	40	0.96
0.48936170212766	2	40	0.96
0.452380952380952	2	40	0.96
0.425	2	40	0.96
0.382978723404255	2	40	0.96
0.4	2	40	0.96
0.454545454545455	2	40	0.96
0.409090909090909	2	40	0.96
0.447368421052632	2	40	0.96
0.547619047619048	2	40	0.96
0.25	2	40	0.96
0.446808510638298	2	40	0.96
0.434782608695652	2	40	0.96
0.355555555555556	2	40	0.96
0.347826086956522	2	40	0.96
0.454545454545455	2	40	0.96
0.419354838709677	2	40	0.96
0.529411764705882	2	40	0.96
0.482758620689655	2	40	0.96
0.512820512820513	2	40	0.96
0.512820512820513	2	40	0.96
0.516129032258065	2	40	0.96
0.193548387096774	2	40	0.96
0.52	2	40	0.96
0.541666666666667	2	40	0.96
0.472222222222222	2	40	0.96
0.432432432432432	2	40	0.96
0.476190476190476	2	40	0.96
0.422222222222222	2	40	0.96
0.5	2	40	0.96
0.513513513513513	2	40	0.96
0.478260869565217	2	40	0.96
0.368421052631579	2	40	0.96
0.553846153846154	2	40	0.96
0.457142857142857	2	40	0.96
0.439024390243902	2	40	0.96
0.470588235294118	2	40	0.96
0.162790697674419	2	40	0.96
0.611111111111111	2	40	0.96
0.5	2	40	0.96
0.358974358974359	2	40	0.96
0.5	2	40	0.96
0.5	2	40	0.96
0.352941176470588	2	40	0.96
0.590909090909091	2	40	0.96
0.395348837209302	2	40	0.96
0.470588235294118	2	40	0.96
0.4375	2	40	0.96
0.548387096774194	2	40	0.96
0.414634146341463	2	40	0.96
0.431818181818182	2	40	0.96
0.526315789473684	2	40	0.96
0.418604651162791	2	40	0.96
0.538461538461538	2	40	0.96
0.386363636363636	2	40	0.96
0.451612903225806	2	40	0.96
0.409090909090909	2	40	0.96
0.447368421052632	2	40	0.96
0.488372093023256	2	40	0.96
0.518518518518518	2	40	0.96
0.435897435897436	2	40	0.96
0.319148936170213	2	40	0.96
0.545454545454545	2	40	0.96
0.44	2	40	0.96
0.566666666666667	2	40	0.96
0.441176470588235	2	40	0.96
0.472222222222222	2	40	0.96
0.44	2	40	0.96
0.2	2	40	0.96
0.2	2	40	0.96
0.315789473684211	2	40	0.96
0.45	2	40	0.96
0.333333333333333	2	40	0.96
0.5	2	40	0.96
0.514285714285714	2	40	0.96
0.354166666666667	2	40	0.96
0.527777777777778	2	40	0.96
0.441176470588235	2	40	0.96
0.428571428571429	2	40	0.96
0.48780487804878	2	40	0.96
0.558823529411765	2	40	0.96
0.491228070175439	2	40	0.96
0.472222222222222	2	40	0.96
0.153846153846154	2	40	0.96
0.15	2	40	0.96
0.162162162162162	2	40	0.96
0.928571428571429	2	40	0.96
0.56	2	40	0.96
0.441176470588235	2	40	0.96
0.478260869565217	2	40	0.96
0.615384615384615	2	40	0.96
0.6	2	40	0.96
0.567567567567568	2	40	0.96
0.5	2	40	0.96
0.594594594594595	2	40	0.96
0.487179487179487	2	40	0.96
0.384615384615385	2	40	0.96
0.490909090909091	2	40	0.96
0.378378378378378	2	40	0.96
0.380952380952381	2	40	0.96
0.346938775510204	2	40	0.96
0.363636363636364	2	40	0.96
0.4375	2	40	0.96
0.347826086956522	2	40	0.96
0.44	2	40	0.96
0.297872340425532	2	40	0.96
0.604651162790698	2	40	0.96
0.38	2	40	0.96
0.477272727272727	2	40	0.96
0.488372093023256	2	40	0.96
0.408163265306122	2	40	0.96
0.369565217391304	2	40	0.96
0.428571428571429	2	40	0.96
0.444444444444444	2	40	0.96
0.454545454545455	2	40	0.96
0.454545454545455	2	40	0.96
0.419354838709677	2	40	0.96
0.571428571428571	2	40	0.96
0.435897435897436	2	40	0.96
0.395348837209302	2	40	0.96
0.548387096774194	2	40	0.96
0.403846153846154	2	40	0.96
0.51219512195122	2	40	0.96
0.535714285714286	2	40	0.96
0.653061224489796	2	40	0.96
0.4	2	40	0.96
0.5	2	40	0.96
0.473684210526316	2	40	0.96
0.5	2	40	0.96
0.101694915254237	2	40	0.96
0.390243902439024	2	40	0.96
0.481481481481481	2	40	0.96
0.260869565217391	2	40	0.96
0.391304347826087	2	40	0.96
0.378378378378378	2	40	0.96
0.463414634146341	2	40	0.96
0.425531914893617	2	40	0.96
0.7	2	40	0.96
0.515151515151515	2	40	0.96
0.433333333333333	2	40	0.96
0.533333333333333	2	40	0.96
0.206896551724138	2	40	0.96
0.333333333333333	2	40	0.96
0.535714285714286	2	40	0.96
0.342857142857143	2	40	0.96
0.416666666666667	2	40	0.96
0.428571428571429	2	40	0.96
0.456521739130435	2	40	0.96
0.645161290322581	2	40	0.96
0.34375	2	40	0.96
0.347826086956522	2	40	0.96
0.529411764705882	2	40	0.96
0.125	2	40	0.96
0.0925925925925926	2	40	0.96
0.540540540540541	2	40	0.96
0.6	2	40	0.96
0.384615384615385	2	40	0.96
0.404761904761905	2	40	0.96
0.564102564102564	2	40	0.96
0.206896551724138	2	40	0.96
0.314285714285714	2	40	0.96
0.333333333333333	2	40	0.96
0.466666666666667	2	40	0.96
0.425	2	40	0.96
0.425	2	40	0.96
0.477272727272727	2	40	0.96
0.351351351351351	2	40	0.96
0.489795918367347	2	40	0.96
0.447368421052632	2	40	0.96
0.5	2	40	0.96
0.391304347826087	2	40	0.96
0.571428571428571	2	40	0.96
0.422222222222222	2	40	0.96
0.529411764705882	2	40	0.96
0.6	2	40	0.96
0.476190476190476	2	40	0.96
0.357142857142857	2	40	0.96
0.456521739130435	2	40	0.96
0.446428571428571	2	40	0.96
0.515151515151515	2	40	0.96
0.590909090909091	2	40	0.96
0.380952380952381	2	40	0.96
0.595744680851064	2	40	0.96
0.428571428571429	2	40	0.96
0.5	2	40	0.96
0.634146341463415	2	40	0.96
0.394736842105263	2	40	0.96
0.384615384615385	2	40	0.96
0.621621621621622	2	40	0.96
0.393939393939394	2	40	0.96
0.5	2	40	0.96
0.54	2	40	0.96
0.592592592592593	2	40	0.96
0.568627450980392	2	40	0.96
0.35	2	40	0.96
0.380952380952381	2	40	0.96
0.41025641025641	2	40	0.96
0.523809523809524	2	40	0.96
0.487179487179487	2	40	0.96
0.422222222222222	2	40	0.96
0.565217391304348	2	40	0.96
0.519230769230769	2	40	0.96
0.454545454545455	2	40	0.96
0.452380952380952	2	40	0.96
0.355555555555556	2	40	0.96
0.5	2	40	0.96
0.551724137931034	2	40	0.96
0.517241379310345	2	40	0.96
0.487179487179487	2	40	0.96
0.454545454545455	2	40	0.96
0.5625	2	40	0.96
0.395833333333333	2	40	0.96
0.555555555555556	2	40	0.96
0.684210526315789	2	40	0.96
0.388888888888889	2	40	0.96
0.407407407407407	2	40	0.96
0.523809523809524	2	40	0.96
0.52	2	40	0.96
0.511627906976744	2	40	0.96
0.487179487179487	2	40	0.96
0.555555555555556	2	40	0.96
0.333333333333333	2	40	0.96
0.487179487179487	2	40	0.96
0.171428571428571	2	40	0.96
0.461538461538462	2	40	0.96
0.410714285714286	2	40	0.96
0.39622641509434	2	40	0.96
0.578947368421053	2	40	0.96
0.470588235294118	2	40	0.96
0.375	2	40	0.96
0.487179487179487	2	40	0.96
0.4375	2	40	0.96
0.32	2	40	0.96
0.416666666666667	2	40	0.96
0.526315789473684	2	40	0.96
0.446808510638298	2	40	0.96
0.425	2	40	0.96
0.454545454545455	2	40	0.96
0.342105263157895	2	40	0.96
0.116279069767442	2	40	0.96
0.358974358974359	2	40	0.96
0.454545454545455	2	40	0.96
0.434782608695652	2	40	0.96
0.411764705882353	2	40	0.96
0.517241379310345	2	40	0.96
0.448979591836735	2	40	0.96
0.422222222222222	2	40	0.96
0.323529411764706	2	40	0.96
0.6	2	40	0.96
0.484848484848485	2	40	0.96
0.323529411764706	2	40	0.96
0.558139534883721	2	40	0.96
0.454545454545455	2	40	0.96
0.552631578947368	2	40	0.96
0.555555555555556	2	40	0.96
0.508196721311475	2	40	0.96
0.5	2	40	0.96
0.358974358974359	2	40	0.96
0.555555555555556	2	40	0.96
0.555555555555556	2	40	0.96
0.341463414634146	2	40	0.96
0.529411764705882	2	40	0.96
0.466666666666667	2	40	0.96
0.411764705882353	2	40	0.96
0.368421052631579	2	40	0.96
0.435897435897436	2	40	0.96
0.378378378378378	2	40	0.96
0.375	2	40	0.96
0.5	2	40	0.96
0.463414634146341	2	40	0.96
0.344827586206897	2	40	0.96
0.425531914893617	2	40	0.96
0.35	2	40	0.96
0.566037735849057	2	40	0.96
0.441176470588235	2	40	0.96
0.447368421052632	2	40	0.96
0.388888888888889	2	40	0.96
0.472222222222222	2	40	0.96
0.5	2	40	0.96
0.40625	2	40	0.96
0.631578947368421	2	40	0.96
0.379310344827586	2	40	0.96
0.354838709677419	2	40	0.96
0.388888888888889	2	40	0.96
0.519230769230769	2	40	0.96
0.461538461538462	2	40	0.96
0.479166666666667	2	40	0.96
0.490566037735849	2	40	0.96
0.34375	2	40	0.96
0.5	2	40	0.96
0.462962962962963	2	40	0.96
0.5	2	40	0.96
0.4	2	40	0.96
0.45	2	40	0.96
0.5	2	40	0.96
0.545454545454545	2	40	0.96
0.574468085106383	2	40	0.96
0.414634146341463	2	40	0.96
0.530612244897959	2	40	0.96
0.346938775510204	2	40	0.96
0.34	2	40	0.96
0.450980392156863	2	40	0.96
0.408163265306122	2	40	0.96
0.461538461538462	2	40	0.96
0.547619047619048	2	40	0.96
0.527777777777778	2	40	0.96
0.386363636363636	2	40	0.96
0.466666666666667	2	40	0.96
0.450980392156863	2	40	0.96
0.525	2	40	0.96
0.433333333333333	2	40	0.96
0.527272727272727	2	40	0.96
0.53030303030303	2	40	0.96
0.395348837209302	2	40	0.96
0.645161290322581	2	40	0.96
0.333333333333333	2	40	0.96
0.464285714285714	2	40	0.96
0.483870967741935	2	40	0.96
0.411764705882353	2	40	0.96
0.489795918367347	2	40	0.96
0.4	2	40	0.96
0.435897435897436	2	40	0.96
0.456521739130435	2	40	0.96
0.5	2	40	0.96
0.38	2	40	0.96
0.37037037037037	2	40	0.96
0.5	2	40	0.96
0.540540540540541	2	40	0.96
0.51219512195122	2	40	0.96
0.537037037037037	2	40	0.96
0.434782608695652	2	40	0.96
0.369565217391304	2	40	0.96
0.377777777777778	2	40	0.96
0.48936170212766	2	40	0.96
0.448979591836735	2	40	0.96
0.407407407407407	2	40	0.96
0.48780487804878	2	40	0.96
0.448275862068966	2	40	0.96
0.439024390243902	2	40	0.96
0.581395348837209	2	40	0.96
0.5	2	40	0.96
0.32	2	40	0.96
0.514285714285714	2	40	0.96
0.185185185185185	2	40	0.96
0.535714285714286	2	40	0.96
0.590909090909091	2	40	0.96
0.692307692307692	2	40	0.96
0.68	2	40	0.96
0.375	2	40	0.96
0.521739130434783	2	40	0.96
0.379310344827586	2	40	0.96
0.564102564102564	2	40	0.96
0.424242424242424	2	40	0.96
0.315789473684211	2	40	0.96
0.478260869565217	2	40	0.96
0.394736842105263	2	40	0.96
0.666666666666667	2	40	0.96
0.444444444444444	2	40	0.96
0.3	2	40	0.96
0.285714285714286	2	40	0.96
0.5	2	40	0.96
0.428571428571429	2	40	0.96
0.269230769230769	2	40	0.96
0.1875	2	40	0.96
0.489795918367347	2	40	0.96
0.416666666666667	2	40	0.96
0.465116279069767	2	40	0.96
0.52	2	40	0.96
0.571428571428571	2	40	0.96
0.541666666666667	2	40	0.96
0.435897435897436	2	40	0.96
0.538461538461538	2	40	0.96
0.542857142857143	2	40	0.96
0.435897435897436	2	40	0.96
0.588235294117647	2	40	0.96
0.533333333333333	2	40	0.96
0.481481481481481	2	40	0.96
0.517857142857143	2	40	0.96
0.342105263157895	2	40	0.96
0.488372093023256	2	40	0.96
0.484848484848485	2	40	0.96
0.421052631578947	2	40	0.96
0.462962962962963	2	40	0.96
0.375	2	40	0.96
0.475	2	40	0.96
0.5	2	40	0.96
0.256410256410256	2	40	0.96
0.27027027027027	2	40	0.96
0.40625	2	40	0.96
0.391304347826087	2	40	0.96
0.543478260869565	2	40	0.96
0.509433962264151	2	40	0.96
0.457142857142857	2	40	0.96
0.4	2	40	0.96
0.444444444444444	2	40	0.96
0.5	2	40	0.96
0.428571428571429	2	40	0.96
0.659090909090909	2	40	0.96
0.5	2	40	0.96
0.489795918367347	2	40	0.96
0.434782608695652	2	40	0.96
0.470588235294118	2	40	0.96
0.666666666666667	2	40	0.96
0.558823529411765	2	40	0.96
0.408163265306122	2	40	0.96
0.459459459459459	2	40	0.96
0.470588235294118	2	40	0.96
0.535714285714286	2	40	0.96
0.48936170212766	2	40	0.96
0.522727272727273	2	40	0.96
0.606060606060606	2	40	0.96
0.740740740740741	2	40	0.96
0.583333333333333	2	40	0.96
0.444444444444444	2	40	0.96
0.511627906976744	2	40	0.96
0.590909090909091	2	40	0.96
0.333333333333333	2	40	0.96
0.5	2	40	0.96
0.447368421052632	2	40	0.96
0.414634146341463	2	40	0.96
0.46875	2	40	0.96
0.303030303030303	2	40	0.96
0.638888888888889	2	40	0.96
0.380952380952381	2	40	0.96
0.533333333333333	2	40	0.96
0.347826086956522	2	40	0.96
0.520833333333333	2	40	0.96
0.4375	2	40	0.96
0.230769230769231	2	40	0.96
0.477272727272727	2	40	0.96
0.363636363636364	2	40	0.96
0.357142857142857	2	40	0.96
0.428571428571429	2	40	0.96
0.511627906976744	2	40	0.96
0.466666666666667	2	40	0.96
0.525	2	40	0.96
0.389830508474576	2	40	0.96
0.555555555555556	2	40	0.96
0.517241379310345	2	40	0.96
0.448979591836735	2	40	0.96
0.488888888888889	2	40	0.96
0.418604651162791	2	40	0.96
0.333333333333333	2	40	0.96
0.368421052631579	2	40	0.96
0.319148936170213	2	40	0.96
0.526315789473684	2	40	0.96
0.388888888888889	2	40	0.96
0.636363636363636	2	40	0.96
0.5	2	40	0.96
0.439024390243902	2	40	0.96
0.538461538461538	2	40	0.96
0.456521739130435	2	40	0.96
0.450980392156863	2	40	0.96
0.466666666666667	2	40	0.96
0.393939393939394	2	40	0.96
0.611111111111111	2	40	0.96
0.490196078431373	2	40	0.96
0.564102564102564	2	40	0.96
0.390243902439024	2	40	0.96
0.382352941176471	2	40	0.96
0.5	2	40	0.96
0.477272727272727	2	40	0.96
0.475	2	40	0.96
0.545454545454545	2	40	0.96
0.612903225806452	2	40	0.96
0.48	2	40	0.96
0.414634146341463	2	40	0.96
0.44	2	40	0.96
0.411764705882353	2	40	0.96
0.428571428571429	2	40	0.96
0.516129032258065	2	40	0.96
0.41025641025641	2	40	0.96
0.428571428571429	2	40	0.96
0.411764705882353	2	40	0.96
0.411764705882353	2	40	0.96
0.366666666666667	2	40	0.96
0.548387096774194	2	40	0.96
0.514285714285714	2	40	0.96
0.538461538461538	2	40	0.96
0.6	2	40	0.96
0.517241379310345	2	40	0.96
0.368421052631579	2	40	0.96
0.206896551724138	2	40	0.96
0.521739130434783	2	40	0.96
0.422222222222222	2	40	0.96
0.388888888888889	2	40	0.96
0.469387755102041	2	40	0.96
0.396551724137931	2	40	0.96
0.448979591836735	2	40	0.96
0.380952380952381	2	40	0.96
0.529411764705882	2	40	0.96
0.425	2	40	0.96
0.40625	2	40	0.96
0.463414634146341	2	40	0.96
0.511627906976744	2	40	0.96
0.51219512195122	2	40	0.96
0.428571428571429	2	40	0.96
0.78125	2	40	0.96
0.5	2	40	0.96
0.351351351351351	2	40	0.96
0.666666666666667	2	40	0.96
0.447368421052632	2	40	0.96
0.520833333333333	2	40	0.96
0.533333333333333	2	40	0.96
0.323529411764706	2	40	0.96
0.416666666666667	2	40	0.96
0.428571428571429	2	40	0.96
0.352941176470588	2	40	0.96
0.230769230769231	2	40	0.96
0.358974358974359	2	40	0.96
0.44	2	40	0.96
0.136363636363636	2	40	0.96
0.475	2	40	0.96
0.580645161290323	2	40	0.96
0.5	2	40	0.96
0.538461538461538	2	40	0.96
0.56	2	40	0.96
0.441860465116279	2	40	0.96
0.448275862068966	2	40	0.96
0.58974358974359	2	40	0.96
0.444444444444444	2	40	0.96
0.444444444444444	2	40	0.96
0.393939393939394	2	40	0.96
0.538461538461538	2	40	0.96
0.487179487179487	2	40	0.96
0.511627906976744	2	40	0.96
0.5	2	40	0.96
0.523809523809524	2	40	0.96
0.5	2	40	0.96
0.5	2	40	0.96
0.3125	2	40	0.96
0.456140350877193	2	40	0.96
0.375	2	40	0.96
0.529411764705882	2	40	0.96
0.511627906976744	2	40	0.96
0.540540540540541	2	40	0.96
0.606060606060606	2	40	0.96
0.466666666666667	2	40	0.96
0.617647058823529	2	40	0.96
0.609756097560976	2	40	0.96
0.522727272727273	2	40	0.96
0.487179487179487	2	40	0.96
0.444444444444444	2	40	0.96
0.454545454545455	2	40	0.96
0.452380952380952	2	40	0.96
0.483870967741935	2	40	0.96
0.4	2	40	0.96
0.454545454545455	2	40	0.96
0.44	2	40	0.96
0.34375	2	40	0.96
0.387096774193548	2	40	0.96
0.464285714285714	2	40	0.96
0.482758620689655	2	40	0.96
0.113207547169811	2	40	0.96
0.435897435897436	2	40	0.96
0.411764705882353	2	40	0.96
0.395833333333333	2	40	0.96
0.628571428571429	2	40	0.96
0.456140350877193	2	40	0.96
0.571428571428571	2	40	0.96
0.485714285714286	2	40	0.96
0.586206896551724	2	40	0.96
0.480769230769231	2	40	0.96
0.375	2	40	0.96
0.609756097560976	2	40	0.96
0.369565217391304	2	40	0.96
0.441176470588235	2	40	0.96
0.382978723404255	2	40	0.96
0.444444444444444	2	40	0.96
0.5	2	40	0.96
0.533333333333333	2	40	0.96
0.387755102040816	2	40	0.96
0.458333333333333	2	40	0.96
0.558139534883721	2	40	0.96
0.415094339622642	2	40	0.96
0.5625	2	40	0.96
0.46875	2	40	0.96
0.475	2	40	0.96
0.133333333333333	2	40	0.96
0.333333333333333	2	40	0.96
0.434782608695652	2	40	0.96
0.176470588235294	2	40	0.96
0.540540540540541	2	40	0.96
0.431372549019608	2	40	0.96
0.523809523809524	2	40	0.96
0.571428571428571	2	40	0.96
0.535714285714286	2	40	0.96
0.5	2	40	0.96
0.333333333333333	2	40	0.96
0.555555555555556	2	40	0.96
0.564102564102564	2	40	0.96
0.384615384615385	2	40	0.96
0.411764705882353	2	40	0.96
0.0909090909090909	2	40	0.96
0.447368421052632	2	40	0.96
0.458333333333333	2	40	0.96
0.447368421052632	2	40	0.96
0.177777777777778	2	40	0.96
0.47887323943662	2	40	0.96
0.555555555555556	2	40	0.96
1	2	40	0.96
0.515151515151515	2	40	0.96
0.637931034482759	2	40	0.96
0.590909090909091	2	40	0.96
0.178571428571429	2	40	0.96
0.4	2	40	0.96
0.452380952380952	2	40	0.96
0.277777777777778	2	40	0.96
0.5	2	40	0.96
0.425531914893617	2	40	0.96
0.521739130434783	2	40	0.96
0.541666666666667	2	40	0.96
0.540540540540541	2	40	0.96
0.282608695652174	2	40	0.96
0.282608695652174	2	40	0.96
0.608695652173913	2	40	0.96
0.422222222222222	2	40	0.96
0.4375	2	40	0.96
0.314814814814815	2	40	0.96
0.584905660377358	2	40	0.96
0.434782608695652	2	40	0.96
0.58	2	40	0.96
0.444444444444444	2	40	0.96
0.520833333333333	2	40	0.96
0.340909090909091	2	40	0.96
0.536585365853659	2	40	0.96
0.241379310344828	2	40	0.96
0.45	2	40	0.96
0.641025641025641	2	40	0.96
0.434782608695652	2	40	0.96
0.5625	2	40	0.96
0.454545454545455	2	40	0.96
0.418181818181818	2	40	0.96
0.534883720930233	2	40	0.96
0.358490566037736	2	40	0.96
0.5	2	40	0.96
0.458333333333333	2	40	0.96
0.244897959183673	2	40	0.96
0.441176470588235	2	40	0.96
0.564102564102564	2	40	0.96
0.532467532467532	2	40	0.96
0.46551724137931	2	40	0.96
0.384615384615385	2	40	0.96
0.104166666666667	2	40	0.96
0.147058823529412	2	40	0.96
0.395833333333333	2	40	0.96
0.36	2	40	0.96
0.567567567567568	2	40	0.96
0.352941176470588	2	40	0.96
0.666666666666667	2	40	0.96
0.5	2	40	0.96
0.42	2	40	0.96
0.392156862745098	2	40	0.96
0.4	2	40	0.96
0.380952380952381	2	40	0.96
0.230769230769231	2	40	0.96
0.545454545454545	2	40	0.96
0.523809523809524	2	40	0.96
0.4	2	40	0.96
0.135135135135135	2	40	0.96
0.568181818181818	2	40	0.96
0.391304347826087	2	40	0.96
0.545454545454545	2	40	0.96
0.294117647058824	2	40	0.96
0.454545454545455	2	40	0.96
0.375	2	40	0.96
0.423076923076923	2	40	0.96
0.526315789473684	2	40	0.96
0.55	2	40	0.96
0.5	2	40	0.96
0.431034482758621	2	40	0.96
0.372549019607843	2	40	0.96
0.5	2	40	0.96
0.545454545454545	2	40	0.96
0.575757575757576	2	40	0.96
0.40625	2	40	0.96
0.482758620689655	2	40	0.96
0.416666666666667	2	40	0.96
0.608695652173913	2	40	0.96
0.4	2	40	0.96
0.583333333333333	2	40	0.96
0.5	2	40	0.96
0.5	2	40	0.96
0.446808510638298	2	40	0.96
0.523809523809524	2	40	0.96
0.428571428571429	2	40	0.96
0.42	2	40	0.96
0.487179487179487	2	40	0.96
0.407407407407407	2	40	0.96
0.305555555555556	2	40	0.96
0.125	2	40	0.96
0.5	2	40	0.96
0.345454545454545	2	40	0.96
0.442307692307692	2	40	0.96
0.457142857142857	2	40	0.96
0.458333333333333	2	40	0.96
0.515151515151515	2	40	0.96
0.304347826086957	2	40	0.96
0.24	2	40	0.96
0.390243902439024	2	40	0.96
0.433333333333333	2	40	0.96
0.448979591836735	2	40	0.96
0.479166666666667	2	40	0.96
0.469387755102041	2	40	0.96
0.446808510638298	2	40	0.96
0.380952380952381	2	40	0.96
0.441176470588235	2	40	0.96
0.454545454545455	2	40	0.96
0.512820512820513	2	40	0.96
0.5	2	40	0.96
0.53125	2	40	0.96
0.419354838709677	2	40	0.96
0.5	2	40	0.96
0.575	2	40	0.96
0.456521739130435	2	40	0.96
0.475	2	40	0.96
0.382978723404255	2	40	0.96
0.5	2	40	0.96
0.465116279069767	2	40	0.96
0.447368421052632	2	40	0.96
0.482758620689655	2	40	0.96
0.527777777777778	2	40	0.96
0.5625	2	40	0.96
0.516129032258065	2	40	0.96
0.571428571428571	2	40	0.96
0.463414634146341	2	40	0.96
0.5	2	40	0.96
0.25	2	40	0.96
0.468085106382979	2	40	0.96
0.51219512195122	2	40	0.96
0.578947368421053	2	40	0.96
0.571428571428571	2	40	0.96
0.647058823529412	2	40	0.96
0.647058823529412	2	40	0.96
0.382352941176471	2	40	0.96
0.525	2	40	0.96
0.444444444444444	2	40	0.96
0.48936170212766	2	40	0.96
0.560975609756098	2	40	0.96
0.4	2	40	0.96
0.590909090909091	2	40	0.96
0.358974358974359	2	40	0.96
0.407407407407407	2	40	0.96
0.333333333333333	2	40	0.96
0.326086956521739	2	40	0.96
0.576923076923077	2	40	0.96
0.59375	2	40	0.96
0.516129032258065	2	40	0.96
0.538461538461538	2	40	0.96
0.5	2	40	0.96
0.416666666666667	2	40	0.96
0.530612244897959	2	40	0.96
0.549019607843137	2	40	0.96
0.5	2	40	0.96
0.571428571428571	2	40	0.96
0.48780487804878	2	40	0.96
0.390243902439024	2	40	0.96
0.470588235294118	2	40	0.96
0.514285714285714	2	40	0.96
0.28	2	40	0.96
0.387096774193548	2	40	0.96
0.465116279069767	2	40	0.96
0.363636363636364	2	40	0.96
0.526315789473684	2	40	0.96
0.378378378378378	2	40	0.96
0.340909090909091	2	40	0.96
0.633333333333333	2	40	0.96
0.413793103448276	2	40	0.96
0.473684210526316	2	40	0.96
0.423076923076923	2	40	0.96
0.444444444444444	2	40	0.96
0.490909090909091	2	40	0.96
0.470588235294118	2	40	0.96
0.612903225806452	2	40	0.96
0.419354838709677	2	40	0.96
0.385964912280702	2	40	0.96
0.527777777777778	2	40	0.96
0.465116279069767	2	40	0.96
0.404761904761905	2	40	0.96
0.590909090909091	2	40	0.96
0.363636363636364	2	40	0.96
0.468085106382979	2	40	0.96
0.45	2	40	0.96
0.414634146341463	2	40	0.96
0.393939393939394	2	40	0.96
0.387755102040816	2	40	0.96
0.5	2	40	0.96
0.3	2	40	0.96
0.44	2	40	0.96
0.56	2	40	0.96
0.472727272727273	2	40	0.96
0.263157894736842	2	40	0.96
0.4375	2	40	0.96
0.465116279069767	2	40	0.96
0.444444444444444	2	40	0.96
0.387096774193548	2	40	0.96
0.585365853658537	2	40	0.96
0.552631578947368	2	40	0.96
0.444444444444444	2	40	0.96
0.541666666666667	2	40	0.96
0.4375	2	40	0.96
0.581395348837209	2	40	0.96
0.533333333333333	2	40	0.96
0.473684210526316	2	40	0.96
0.606060606060606	2	40	0.96
0.8	2	40	0.96
0.548387096774194	2	40	0.96
0.523809523809524	2	40	0.96
0.477272727272727	2	40	0.96
0.517241379310345	2	40	0.96
0.258064516129032	2	40	0.96
0.486486486486487	2	40	0.96
0.607142857142857	2	40	0.96
0.575757575757576	2	40	0.96
0.538461538461538	2	40	0.96
0.523809523809524	2	40	0.96
0.446808510638298	2	40	0.96
0.428571428571429	2	40	0.96
0.181818181818182	2	40	0.96
0.462962962962963	2	40	0.96
0.476190476190476	2	40	0.96
0.545454545454545	2	40	0.96
0.205128205128205	2	40	0.96
0.19047619047619	2	40	0.96
0.16	2	40	0.96
0.288461538461538	2	40	0.96
0.423076923076923	2	40	0.96
0.54	2	40	0.96
0.444444444444444	2	40	0.96
0.485714285714286	2	40	0.96
0.513513513513513	2	40	0.96
0.594594594594595	2	40	0.96
0.5	2	40	0.96
0.609756097560976	2	40	0.96
0.567567567567568	2	40	0.96
0.525	2	40	0.96
0.525	2	40	0.96
0.371428571428571	2	40	0.96
0.557692307692308	2	40	0.96
0.459459459459459	2	40	0.96
0.448275862068966	2	40	0.96
0.242424242424242	2	40	0.96
0.242424242424242	2	40	0.96
0.371428571428571	2	40	0.96
0.612903225806452	2	40	0.96
0.540540540540541	2	40	0.96
0.418604651162791	2	40	0.96
0.4	2	40	0.96
0.666666666666667	2	40	0.96
0.346153846153846	2	40	0.96
0.48780487804878	2	40	0.96
0.444444444444444	2	40	0.96
0.533333333333333	2	40	0.96
0.409090909090909	2	40	0.96
0.465116279069767	2	40	0.96
0.478260869565217	2	40	0.96
0.458333333333333	2	40	0.96
0.366666666666667	2	40	0.96
0.470588235294118	2	40	0.96
0.324324324324324	2	40	0.96
0.558139534883721	2	40	0.96
0.591836734693878	2	40	0.96
0.512820512820513	2	40	0.96
0.48780487804878	2	40	0.96
0.439024390243902	2	40	0.96
0.566666666666667	2	40	0.96
0.414634146341463	2	40	0.96
0.395348837209302	2	40	0.96
0.6	2	40	0.96
0.648648648648649	2	40	0.96
0.318181818181818	2	40	0.96
0.285714285714286	2	40	0.96
0.391304347826087	2	40	0.96
0.333333333333333	2	40	0.96
0.918032786885246	2	40	0.96
0.153846153846154	2	40	0.96
1	2	40	0.96
0.952380952380952	2	40	0.96
0.51219512195122	2	40	0.96
0.945945945945946	2	40	0.96
0.46875	2	40	0.96
0.948717948717949	2	40	0.96
1	2	40	0.96
0.4	2	40	0.96
0.958333333333333	2	40	0.96
1	2	40	0.96
0.928571428571429	2	40	0.96
0.926829268292683	2	40	0.96
0.906976744186046	2	40	0.96
0.928571428571429	2	40	0.96
0.976744186046512	2	40	0.96
0.818181818181818	2	40	0.96
0.75	2	40	0.96
0.972222222222222	2	40	0.96
0.481481481481481	2	40	0.96
1	2	40	0.96
0.978260869565217	2	40	0.96
0.448275862068966	2	40	0.96
1	2	40	0.96
0.954545454545455	2	40	0.96
0.523809523809524	2	40	0.96
0.129032258064516	2	40	0.96
0.954545454545455	2	40	0.96
0.96969696969697	2	40	0.96
0.272727272727273	2	40	0.96
0.5	2	40	0.96
0.484848484848485	2	40	0.96
0.444444444444444	2	40	0.96
0.277777777777778	2	40	0.96
0.454545454545455	2	40	0.96
0.575757575757576	2	40	0.96
0.666666666666667	2	40	0.96
0.59375	2	40	0.96
0.666666666666667	2	40	0.96
0.538461538461538	2	40	0.96
0.227272727272727	2	40	0.96
0.442307692307692	2	40	0.96
0.473684210526316	2	40	0.96
0.3	2	40	0.96
0.571428571428571	2	40	0.96
0.391304347826087	2	40	0.96
0.435897435897436	2	40	0.96
0.419354838709677	2	40	0.96
0.313725490196078	2	40	0.96
0.393939393939394	2	40	0.96
0.55	2	40	0.96
0.620689655172414	2	40	0.96
0.571428571428571	2	40	0.96
0.292682926829268	2	40	0.96
0.552631578947368	2	40	0.96
0.512820512820513	2	40	0.96
0.487179487179487	2	40	0.96
0.480769230769231	2	40	0.96
0.146341463414634	2	40	0.96
0.157894736842105	2	40	0.96
0.333333333333333	2	40	0.96
0.171428571428571	2	40	0.96
0.357142857142857	2	40	0.96
0.448275862068966	2	40	0.96
0.441860465116279	2	40	0.96
0.457142857142857	2	40	0.96
0.36	2	40	0.96
0.521739130434783	2	40	0.96
0.302325581395349	2	40	0.96
0.486486486486487	2	40	0.96
0.536585365853659	2	40	0.96
0.466666666666667	2	40	0.96
0.461538461538462	2	40	0.96
0.6	2	40	0.96
0.380952380952381	2	40	0.96
0.512820512820513	2	40	0.96
0.568181818181818	2	40	0.96
0.5	2	40	0.96
0.15625	2	40	0.96
0.32258064516129	2	40	0.96
0.448979591836735	2	40	0.96
0.484848484848485	2	40	0.96
0.130434782608696	2	40	0.96
0.454545454545455	2	40	0.96
0.361111111111111	2	40	0.96
0.125	2	40	0.96
0.422222222222222	2	40	0.96
0.470588235294118	2	40	0.96
0.533333333333333	2	40	0.96
0.444444444444444	2	40	0.96
0.390243902439024	2	40	0.96
0.484848484848485	2	40	0.96
0.176470588235294	2	40	0.96
0.52	2	40	0.96
0.227272727272727	2	40	0.96
0.468085106382979	2	40	0.96
0.595238095238095	2	40	0.96
0.459459459459459	2	40	0.96
0.4	2	40	0.96
0.444444444444444	2	40	0.96
0.210526315789474	2	40	0.96
0.289473684210526	2	40	0.96
0.75	2	40	0.96
0.56	2	40	0.96
0.53125	2	40	0.96
0.5	2	40	0.96
0.44	2	40	0.96
0.452830188679245	2	40	0.96
0.543478260869565	2	40	0.96
0.4	2	40	0.96
0.534883720930233	2	40	0.96
0.454545454545455	2	40	0.96
0.421052631578947	2	40	0.96
0.571428571428571	2	40	0.96
0.585365853658537	2	40	0.96
0.482758620689655	2	40	0.96
0.5	2	40	0.96
0.470588235294118	2	40	0.96
0.382352941176471	2	40	0.96
0.382352941176471	2	40	0.96
0.152173913043478	2	40	0.96
0.41304347826087	2	40	0.96
0.482142857142857	2	40	0.96
0.25	2	40	0.96
0.549019607843137	2	40	0.96
0.307692307692308	2	40	0.96
0.608695652173913	2	40	0.96
0.361111111111111	2	40	0.96
0.517241379310345	2	40	0.96
0.214285714285714	2	40	0.96
0.442307692307692	2	40	0.96
0.366666666666667	2	40	0.96
0.612903225806452	2	40	0.96
0.675675675675676	2	40	0.96
0.484848484848485	2	40	0.96
0.403846153846154	2	40	0.96
0.545454545454545	2	40	0.96
0.564102564102564	2	40	0.96
0.405405405405405	2	40	0.96
0.577777777777778	2	40	0.96
0.5	2	40	0.96
0.444444444444444	2	40	0.96
0.434782608695652	2	40	0.96
0.578947368421053	2	40	0.96
0.354838709677419	2	40	0.96
0.428571428571429	2	40	0.96
0.567567567567568	2	40	0.96
0.457142857142857	2	40	0.96
0.461538461538462	2	40	0.96
0.7	2	40	0.96
0.529411764705882	2	40	0.96
0.465116279069767	2	40	0.96
0.5625	2	40	0.96
0.423076923076923	2	40	0.96
0.41025641025641	2	40	0.96
0.545454545454545	2	40	0.96
0.615384615384615	2	40	0.96
