VAF	CN	avg.depth	purity
1	1	27	1
0.0862068965517241	2	38	1
0.403846153846154	2	38	1
0.406779661016949	2	38	1
0.509090909090909	2	38	1
0.480769230769231	2	38	1
0.566666666666667	2	38	1
0.6	2	38	1
0.463768115942029	2	38	1
0.628571428571429	2	38	1
0.346153846153846	2	38	1
0.519230769230769	2	38	1
0.26530612244898	2	38	1
0.296296296296296	2	38	1
0.508771929824561	2	38	1
0.333333333333333	2	38	1
0.514285714285714	2	38	1
0.441860465116279	2	38	1
0.652173913043478	2	38	1
0.375	2	38	1
0.52	2	38	1
0.206896551724138	2	38	1
0.393939393939394	2	38	1
0.13953488372093	2	38	1
0.463414634146341	2	38	1
0.46	2	38	1
0.206896551724138	2	38	1
0.461538461538462	2	38	1
0.222222222222222	2	38	1
0.272727272727273	2	38	1
0.480769230769231	2	38	1
0.461538461538462	2	38	1
0.4	2	38	1
0.357142857142857	2	38	1
0.575	2	38	1
0.37037037037037	2	38	1
0.352941176470588	2	38	1
0.470588235294118	2	38	1
0.214285714285714	2	38	1
0.538461538461538	2	38	1
0.285714285714286	2	38	1
0.538461538461538	2	38	1
0.344827586206897	2	38	1
0.388888888888889	2	38	1
0.5	2	38	1
0.552631578947368	2	38	1
0.488372093023256	2	38	1
0.212765957446809	2	38	1
0.538461538461538	2	38	1
0.466666666666667	2	38	1
0.333333333333333	2	38	1
0.238805970149254	2	38	1
0.24	2	38	1
0.375	2	38	1
0.647058823529412	2	38	1
0.434782608695652	2	38	1
0.4	2	38	1
0.314285714285714	2	38	1
0.473684210526316	2	38	1
0.439024390243902	2	38	1
0.214285714285714	2	38	1
0.567567567567568	2	38	1
0.3	2	38	1
0.203703703703704	2	38	1
0.404255319148936	2	38	1
0.282051282051282	2	38	1
0.521739130434783	2	38	1
0.238095238095238	2	38	1
0.3125	2	38	1
0.545454545454545	2	38	1
0.513513513513513	2	38	1
0.4125	2	38	1
0.567567567567568	2	38	1
0.369565217391304	2	38	1
0.509433962264151	2	38	1
0.553571428571429	2	38	1
0.483870967741935	2	38	1
0.642857142857143	2	38	1
0.421052631578947	2	38	1
0.344827586206897	2	38	1
0.526315789473684	2	38	1
0.384615384615385	2	38	1
0.916666666666667	2	38	1
0.6	2	38	1
0.458333333333333	2	38	1
0.5	2	38	1
0.517857142857143	2	38	1
0.275	2	38	1
0.461538461538462	2	38	1
0.12	2	38	1
0.269230769230769	2	38	1
0.36	2	38	1
0.452380952380952	2	38	1
0.448979591836735	2	38	1
0.4	2	38	1
0.538461538461538	2	38	1
0.142857142857143	2	38	1
0.476190476190476	2	38	1
0.2	2	38	1
0.263157894736842	2	38	1
0.239130434782609	2	38	1
0.197368421052632	2	38	1
0.466666666666667	2	38	1
0.5	2	38	1
0.130434782608696	2	38	1
0.552631578947368	2	38	1
0.608695652173913	2	38	1
0.325	2	38	1
0.577777777777778	2	38	1
0.205128205128205	2	38	1
0.357142857142857	2	38	1
0.222222222222222	2	38	1
0.553571428571429	2	38	1
0.285714285714286	2	38	1
0.45	2	38	1
0.0909090909090909	2	38	1
0.272727272727273	2	38	1
0.413793103448276	2	38	1
0.980392156862745	2	38	1
0.583333333333333	2	38	1
0.486486486486487	2	38	1
0.37037037037037	2	38	1
0.545454545454545	2	38	1
0.454545454545455	2	38	1
0.35	2	38	1
0.325	2	38	1
0.137931034482759	2	38	1
0.285714285714286	2	38	1
0.520833333333333	2	38	1
0.473684210526316	2	38	1
0.5	2	38	1
0.666666666666667	2	38	1
0.576923076923077	2	38	1
0.464285714285714	2	38	1
0.619047619047619	2	38	1
0.545454545454545	2	38	1
0.46	2	38	1
0.605263157894737	2	38	1
0.391304347826087	2	38	1
0.441860465116279	2	38	1
0.483870967741935	2	38	1
0.592592592592593	2	38	1
1	2	38	1
0.340909090909091	2	38	1
0.578947368421053	2	38	1
0.44	2	38	1
0.452380952380952	2	38	1
0.555555555555556	2	38	1
0.416666666666667	2	38	1
0.441176470588235	2	38	1
0.555555555555556	2	38	1
0.454545454545455	2	38	1
0.391304347826087	2	38	1
0.166666666666667	2	38	1
0.142857142857143	2	38	1
0.409090909090909	2	38	1
0.311475409836066	2	38	1
0.157894736842105	2	38	1
0.35	2	38	1
0.540540540540541	2	38	1
0.333333333333333	2	38	1
0.547169811320755	2	38	1
0.625	2	38	1
0.448275862068966	2	38	1
0.534883720930233	2	38	1
0.385714285714286	2	38	1
0.433333333333333	2	38	1
0.210526315789474	2	38	1
0.307692307692308	2	38	1
0.425	2	38	1
0.511627906976744	2	38	1
0.235294117647059	2	38	1
0.666666666666667	2	38	1
0.147058823529412	2	38	1
0.583333333333333	2	38	1
0.375	2	38	1
0.5	2	38	1
0.508474576271186	2	38	1
0.578947368421053	2	38	1
0.466666666666667	2	38	1
0.5	2	38	1
0.358974358974359	2	38	1
0.319148936170213	2	38	1
0.409090909090909	2	38	1
0.555555555555556	2	38	1
0.186046511627907	2	38	1
0.533333333333333	2	38	1
0.333333333333333	2	38	1
0.52	2	38	1
0.277777777777778	2	38	1
0.291666666666667	2	38	1
0.452380952380952	2	38	1
0.769230769230769	2	38	1
0.488372093023256	2	38	1
0.517241379310345	2	38	1
0.307692307692308	2	38	1
0.311475409836066	2	38	1
0.136363636363636	2	38	1
0.466666666666667	2	38	1
0.5	2	38	1
0.266666666666667	2	38	1
0.185185185185185	2	38	1
0.636363636363636	2	38	1
0.476190476190476	2	38	1
0.314814814814815	2	38	1
0.382352941176471	2	38	1
0.563636363636364	2	38	1
0.333333333333333	2	38	1
0.6	2	38	1
0.194444444444444	2	38	1
0.277777777777778	2	38	1
0.277777777777778	2	38	1
0.388888888888889	2	38	1
0.592592592592593	2	38	1
0.0875	2	38	1
0.222222222222222	2	38	1
0.484848484848485	2	38	1
0.459016393442623	2	38	1
0.463414634146341	2	38	1
0.520833333333333	2	38	1
0.428571428571429	2	38	1
0.434782608695652	2	38	1
0.428571428571429	2	38	1
0.555555555555556	2	38	1
0.530612244897959	2	38	1
0.471428571428571	2	38	1
0.363636363636364	2	38	1
0.333333333333333	2	38	1
0.540540540540541	2	38	1
0.5	2	38	1
0.4	2	38	1
0.387096774193548	2	38	1
0.209302325581395	2	38	1
0.428571428571429	2	38	1
0.340425531914894	2	38	1
0.4	2	38	1
0.517857142857143	2	38	1
0.489795918367347	2	38	1
0.418181818181818	2	38	1
0.163265306122449	2	38	1
0.415384615384615	2	38	1
0.28125	2	38	1
0.416666666666667	2	38	1
0.452830188679245	2	38	1
0.568181818181818	2	38	1
0.16	2	38	1
0.684210526315789	2	38	1
0.472727272727273	2	38	1
0.392857142857143	2	38	1
0.625	2	38	1
0.5	2	38	1
0.571428571428571	2	38	1
0.5	2	38	1
0.424242424242424	2	38	1
0.166666666666667	2	38	1
0.4	2	38	1
0.833333333333333	2	38	1
0.459770114942529	2	38	1
0.58695652173913	2	38	1
0.522727272727273	2	38	1
0.230769230769231	2	38	1
0.393939393939394	2	38	1
0.315789473684211	2	38	1
0.666666666666667	2	38	1
0.352941176470588	2	38	1
0.166666666666667	2	38	1
0.444444444444444	2	38	1
0.5	2	38	1
0.571428571428571	2	38	1
0.325581395348837	2	38	1
0.25	2	38	1
0.375	2	38	1
0.333333333333333	2	38	1
0.44	2	38	1
0.140350877192982	2	38	1
0.458333333333333	2	38	1
0.5	2	38	1
0.473684210526316	2	38	1
0.181818181818182	2	38	1
0.12280701754386	2	38	1
0.206896551724138	2	38	1
0.104477611940299	2	38	1
0.4	2	38	1
0.276923076923077	2	38	1
0.403846153846154	2	38	1
0.297872340425532	2	38	1
0.468085106382979	2	38	1
0.315789473684211	2	38	1
0.3	2	38	1
0.24390243902439	2	38	1
0.388888888888889	2	38	1
0.28	2	38	1
0.466666666666667	2	38	1
0.571428571428571	2	38	1
0.425	2	38	1
0.466666666666667	2	38	1
0.310344827586207	2	38	1
0.564102564102564	2	38	1
0.333333333333333	2	38	1
0.324324324324324	2	38	1
0.56	2	38	1
0.472222222222222	2	38	1
0.4	2	38	1
0.333333333333333	2	38	1
0.526315789473684	2	38	1
0.491525423728814	2	38	1
0.542372881355932	2	38	1
0.455882352941176	2	38	1
0.423076923076923	2	38	1
0.590909090909091	2	38	1
0.217391304347826	2	38	1
0.7	2	38	1
0.232558139534884	2	38	1
0.352941176470588	2	38	1
0.388888888888889	2	38	1
0.425	2	38	1
0.333333333333333	2	38	1
0.4	2	38	1
0.478260869565217	2	38	1
0.375	2	38	1
0.888888888888889	2	38	1
0.7	2	38	1
0.40625	2	38	1
0.431034482758621	2	38	1
0.290322580645161	2	38	1
0.6	2	38	1
0.484848484848485	2	38	1
0.142857142857143	2	38	1
0.24	2	38	1
0.511111111111111	2	38	1
0.5	2	38	1
0.548387096774194	2	38	1
0.450980392156863	2	38	1
0.470588235294118	2	38	1
0.6	2	38	1
0.5625	2	38	1
0.58695652173913	2	38	1
0.424242424242424	2	38	1
0.354838709677419	2	38	1
0.117647058823529	2	38	1
0.466666666666667	2	38	1
0.5	2	38	1
0.526315789473684	2	38	1
0.384615384615385	2	38	1
0.538461538461538	2	38	1
0.285714285714286	2	38	1
0.333333333333333	2	38	1
0.12962962962963	2	38	1
0.583333333333333	2	38	1
0.263157894736842	2	38	1
0.474576271186441	2	38	1
0.4	2	38	1
0.507246376811594	2	38	1
0.5	2	38	1
0.634146341463415	2	38	1
0.425531914893617	2	38	1
0.454545454545455	2	38	1
0.14	2	38	1
0.115384615384615	2	38	1
0.457142857142857	2	38	1
0.346938775510204	2	38	1
0.411764705882353	2	38	1
0.333333333333333	2	38	1
0.382352941176471	2	38	1
0.4	2	38	1
0.5	2	38	1
0.357142857142857	2	38	1
0.515151515151515	2	38	1
0.428571428571429	2	38	1
0.348837209302326	2	38	1
0.230769230769231	2	38	1
0.333333333333333	2	38	1
0.346153846153846	2	38	1
0.625	2	38	1
0.205128205128205	2	38	1
0.363636363636364	2	38	1
0.488888888888889	2	38	1
0.523809523809524	2	38	1
0.27906976744186	2	38	1
0.619047619047619	2	38	1
0.315789473684211	2	38	1
0.27027027027027	2	38	1
0.571428571428571	2	38	1
0.529411764705882	2	38	1
0.409090909090909	2	38	1
0.233333333333333	2	38	1
0.614035087719298	2	38	1
0.513513513513513	2	38	1
0.159090909090909	2	38	1
0.311111111111111	2	38	1
0.444444444444444	2	38	1
0.490909090909091	2	38	1
0.509433962264151	2	38	1
0.155844155844156	2	38	1
0.537313432835821	2	38	1
0.08	2	38	1
0.515151515151515	2	38	1
0.607142857142857	2	38	1
0.133333333333333	2	38	1
0.125	2	38	1
0.5	2	38	1
0.388888888888889	2	38	1
0.227272727272727	2	38	1
0.415094339622642	2	38	1
0.592592592592593	2	38	1
0.421052631578947	2	38	1
0.568181818181818	2	38	1
0.324324324324324	2	38	1
0.244444444444444	2	38	1
0.482142857142857	2	38	1
0.456521739130435	2	38	1
0.456521739130435	2	38	1
0.1875	2	38	1
0.5	2	38	1
0.615384615384615	2	38	1
0.583333333333333	2	38	1
0.37037037037037	2	38	1
0.260869565217391	2	38	1
0.666666666666667	2	38	1
0.465116279069767	2	38	1
0.477272727272727	2	38	1
0.444444444444444	2	38	1
0.46875	2	38	1
0.157894736842105	2	38	1
0.380952380952381	2	38	1
0.416666666666667	2	38	1
0.625	2	38	1
0.558139534883721	2	38	1
0.458333333333333	2	38	1
0.538461538461538	2	38	1
0.538461538461538	2	38	1
0.230769230769231	2	38	1
0.390243902439024	2	38	1
0.448275862068966	2	38	1
0.529411764705882	2	38	1
0.611111111111111	2	38	1
0.471698113207547	2	38	1
0.275862068965517	2	38	1
0.5	2	38	1
0.387755102040816	2	38	1
0.5	2	38	1
0.54	2	38	1
0.452830188679245	2	38	1
0.297872340425532	2	38	1
0.181818181818182	2	38	1
0.48936170212766	2	38	1
0.583333333333333	2	38	1
0.653846153846154	2	38	1
0.444444444444444	2	38	1
0.6	2	38	1
0.444444444444444	2	38	1
0.733333333333333	2	38	1
0.194444444444444	2	38	1
0.564102564102564	2	38	1
0.52	2	38	1
0.595238095238095	2	38	1
0.541666666666667	2	38	1
0.260869565217391	2	38	1
0.48936170212766	2	38	1
0.548387096774194	2	38	1
0.272727272727273	2	38	1
0.25	2	38	1
0.272727272727273	2	38	1
0.611111111111111	2	38	1
0.260869565217391	2	38	1
0.0961538461538462	2	38	1
0.379310344827586	2	38	1
0.461538461538462	2	38	1
0.34375	2	38	1
0.5625	2	38	1
0.291666666666667	2	38	1
0.409090909090909	2	38	1
0.307692307692308	2	38	1
0.619047619047619	2	38	1
0.369565217391304	2	38	1
0.442857142857143	2	38	1
0.451612903225806	2	38	1
0.0714285714285714	2	38	1
0.5	2	38	1
0.157894736842105	2	38	1
0.474576271186441	2	38	1
0.434782608695652	2	38	1
0.469387755102041	2	38	1
0.551724137931034	2	38	1
0.3125	2	38	1
0.51219512195122	2	38	1
0.475	2	38	1
0.558139534883721	2	38	1
0.625	2	38	1
0.581818181818182	2	38	1
0.411764705882353	2	38	1
0.266666666666667	2	38	1
0.518518518518518	2	38	1
0.103448275862069	2	38	1
0.375	2	38	1
0.393939393939394	2	38	1
0.587301587301587	2	38	1
0.32	2	38	1
0.581818181818182	2	38	1
0.444444444444444	2	38	1
0.636363636363636	2	38	1
0.461538461538462	2	38	1
0.5	2	38	1
0.153846153846154	2	38	1
0.288461538461538	2	38	1
0.4375	2	38	1
0.363636363636364	2	38	1
0.25	2	38	1
0.590909090909091	2	38	1
0.260869565217391	2	38	1
0.194444444444444	2	38	1
0.542857142857143	2	38	1
0.477272727272727	2	38	1
0.27536231884058	2	38	1
0.545454545454545	2	38	1
0.390243902439024	2	38	1
0.571428571428571	2	38	1
0.477272727272727	2	38	1
0.421052631578947	2	38	1
0.364864864864865	2	38	1
0.317460317460317	2	38	1
0.408163265306122	2	38	1
0.368421052631579	2	38	1
0.458333333333333	2	38	1
0.428571428571429	2	38	1
0.432432432432432	2	38	1
0.28	2	38	1
0.230769230769231	2	38	1
0.155555555555556	2	38	1
0.3	2	38	1
0.3125	2	38	1
0.416666666666667	2	38	1
0.613636363636364	2	38	1
0.44	2	38	1
0.176470588235294	2	38	1
0.45	2	38	1
0.5	2	38	1
0.434782608695652	2	38	1
0.631578947368421	2	38	1
0.140845070422535	2	38	1
0.42	2	38	1
0.428571428571429	2	38	1
0.351851851851852	2	38	1
0.636363636363636	2	38	1
0.514285714285714	2	38	1
0.492957746478873	2	38	1
0.214285714285714	2	38	1
0.244444444444444	2	38	1
0.192982456140351	2	38	1
0.591836734693878	2	38	1
0.3	2	38	1
0.230769230769231	2	38	1
0.595744680851064	2	38	1
0.2	2	38	1
0.263157894736842	2	38	1
0.166666666666667	2	38	1
0.296296296296296	2	38	1
0.583333333333333	2	38	1
0.169491525423729	2	38	1
0.411764705882353	2	38	1
0.477272727272727	2	38	1
0.633333333333333	2	38	1
0.392857142857143	2	38	1
0.325	2	38	1
0.256410256410256	2	38	1
0.636363636363636	2	38	1
0.471428571428571	2	38	1
0.333333333333333	2	38	1
0.611111111111111	2	38	1
0.175	2	38	1
0.0897435897435897	2	38	1
0.225806451612903	2	38	1
0.369565217391304	2	38	1
0.428571428571429	2	38	1
0.5	2	38	1
0.222222222222222	2	38	1
0.17741935483871	2	38	1
0.486486486486487	2	38	1
0.178571428571429	2	38	1
0.347826086956522	2	38	1
0.387096774193548	2	38	1
0.368421052631579	2	38	1
0.411764705882353	2	38	1
0.205128205128205	2	38	1
0.454545454545455	2	38	1
0.242424242424242	2	38	1
0.484848484848485	2	38	1
0.48	2	38	1
0.473684210526316	2	38	1
0.129032258064516	2	38	1
0.108433734939759	2	38	1
0.351351351351351	2	38	1
0.435897435897436	2	38	1
0.636363636363636	2	38	1
0.405405405405405	2	38	1
0.307692307692308	2	38	1
0.259259259259259	2	38	1
0.3	2	38	1
0.5	2	38	1
0.545454545454545	2	38	1
0.568181818181818	2	38	1
0.470588235294118	2	38	1
0.551020408163265	2	38	1
0.5	2	38	1
0.422222222222222	2	38	1
0.55	2	38	1
0.2	2	38	1
0.194444444444444	2	38	1
0.529411764705882	2	38	1
0.34375	2	38	1
0.409090909090909	2	38	1
0.525	2	38	1
0.571428571428571	2	38	1
0.348837209302326	2	38	1
0.560975609756098	2	38	1
0.444444444444444	2	38	1
0.416666666666667	2	38	1
0.333333333333333	2	38	1
0.581395348837209	2	38	1
0.521739130434783	2	38	1
0.310344827586207	2	38	1
0.548387096774194	2	38	1
0.464285714285714	2	38	1
0.37037037037037	2	38	1
0.28	2	38	1
0.432432432432432	2	38	1
0.612244897959184	2	38	1
0.459459459459459	2	38	1
0.37037037037037	2	38	1
0.451612903225806	2	38	1
0.28	2	38	1
0.275862068965517	2	38	1
0.576923076923077	2	38	1
0.407407407407407	2	38	1
0.575757575757576	2	38	1
0.326086956521739	2	38	1
0.277777777777778	2	38	1
0.266666666666667	2	38	1
0.436619718309859	2	38	1
0.109375	2	38	1
0.109375	2	38	1
0.101449275362319	2	38	1
0.0958904109589041	2	38	1
0.0972222222222222	2	38	1
0.523255813953488	2	38	1
0.0594059405940594	2	38	1
0.0566037735849057	2	38	1
0.408163265306122	2	38	1
0.526315789473684	2	38	1
0.592592592592593	2	38	1
0.645161290322581	2	38	1
0.578947368421053	2	38	1
0.579710144927536	2	38	1
0.305555555555556	2	38	1
0.5	2	38	1
0.352941176470588	2	38	1
0.576923076923077	2	38	1
0.75	2	38	1
0.48	2	38	1
0.283582089552239	2	38	1
0.428571428571429	2	38	1
0.181818181818182	2	38	1
0.4	2	38	1
0.333333333333333	2	38	1
0.525	2	38	1
0.411764705882353	2	38	1
0.426470588235294	2	38	1
0.565217391304348	2	38	1
0.568627450980392	2	38	1
0.2	2	38	1
0.555555555555556	2	38	1
0.311111111111111	2	38	1
0.181818181818182	2	38	1
0.470588235294118	2	38	1
0.28125	2	38	1
0.68	2	38	1
0.285714285714286	2	38	1
0.583333333333333	2	38	1
0.448275862068966	2	38	1
0.53125	2	38	1
0.5	2	38	1
0.5	2	38	1
0.571428571428571	2	38	1
0.363636363636364	2	38	1
0.476190476190476	2	38	1
0.323529411764706	2	38	1
0.510204081632653	2	38	1
0.344827586206897	2	38	1
0.195652173913043	2	38	1
0.363636363636364	2	38	1
0.37037037037037	2	38	1
0.424242424242424	2	38	1
0.888888888888889	2	38	1
0.6	2	38	1
0.461538461538462	2	38	1
0.454545454545455	2	38	1
0.481481481481481	2	38	1
0.183673469387755	2	38	1
0.473684210526316	2	38	1
0.411764705882353	2	38	1
0.526315789473684	2	38	1
0.56	2	38	1
0.568181818181818	2	38	1
0.384615384615385	2	38	1
0.730769230769231	2	38	1
0.625	2	38	1
0.538461538461538	2	38	1
0.470588235294118	2	38	1
0.325	2	38	1
0.463414634146341	2	38	1
0.41304347826087	2	38	1
0.5	2	38	1
0.411764705882353	2	38	1
0.5	2	38	1
0.588235294117647	2	38	1
0.454545454545455	2	38	1
0.615384615384615	2	38	1
0.560975609756098	2	38	1
0.622641509433962	2	38	1
0.482758620689655	2	38	1
0.483870967741935	2	38	1
0.289473684210526	2	38	1
0.48	2	38	1
0.197368421052632	2	38	1
0.195121951219512	2	38	1
0.722222222222222	2	38	1
0.534883720930233	2	38	1
0.448275862068966	2	38	1
0.173913043478261	2	38	1
0.173076923076923	2	38	1
0.5	2	38	1
0.290909090909091	2	38	1
0.409090909090909	2	38	1
0.272727272727273	2	38	1
0.534883720930233	2	38	1
0.393939393939394	2	38	1
0.4375	2	38	1
0.451612903225806	2	38	1
0.357142857142857	2	38	1
0.272727272727273	2	38	1
0.137931034482759	2	38	1
0.418181818181818	2	38	1
0.434782608695652	2	38	1
0.485714285714286	2	38	1
0.666666666666667	2	38	1
0.232142857142857	2	38	1
0.166666666666667	2	38	1
0.4375	2	38	1
0.484848484848485	2	38	1
0.558823529411765	2	38	1
0.578947368421053	2	38	1
0.257575757575758	2	38	1
0.25	2	38	1
0.444444444444444	2	38	1
0.583333333333333	2	38	1
0.25531914893617	2	38	1
0.564102564102564	2	38	1
0.595238095238095	2	38	1
0.333333333333333	2	38	1
0.48	2	38	1
0.318181818181818	2	38	1
0.5	2	38	1
0.212121212121212	2	38	1
0.476190476190476	2	38	1
0.5	2	38	1
0.228070175438596	2	38	1
0.347826086956522	2	38	1
0.423076923076923	2	38	1
0.486486486486487	2	38	1
0.551020408163265	2	38	1
0.404761904761905	2	38	1
0.412698412698413	2	38	1
0.413793103448276	2	38	1
0.114754098360656	2	38	1
0.272727272727273	2	38	1
0.559322033898305	2	38	1
0.491803278688525	2	38	1
0.357142857142857	2	38	1
0.478260869565217	2	38	1
0.602941176470588	2	38	1
0.472222222222222	2	38	1
0.375	2	38	1
0.142857142857143	2	38	1
0.514285714285714	2	38	1
0.25	2	38	1
0.658536585365854	2	38	1
0.210526315789474	2	38	1
0.48936170212766	2	38	1
0.142857142857143	2	38	1
0.4375	2	38	1
0.380952380952381	2	38	1
0.355555555555556	2	38	1
0.28125	2	38	1
0.45	2	38	1
0.642857142857143	2	38	1
0.5	2	38	1
0.136363636363636	2	38	1
0.592592592592593	2	38	1
0.375	2	38	1
0.446428571428571	2	38	1
0.524590163934426	2	38	1
0.465116279069767	2	38	1
0.48936170212766	2	38	1
0.5625	2	38	1
0.4	2	38	1
0.222222222222222	2	38	1
0.5	2	38	1
0.636363636363636	2	38	1
0.127659574468085	2	38	1
0.125	2	38	1
0.428571428571429	2	38	1
0.550724637681159	2	38	1
0.111111111111111	2	38	1
0.555555555555556	2	38	1
0.470588235294118	2	38	1
0.522727272727273	2	38	1
0.428571428571429	2	38	1
1	2	38	1
0.416666666666667	2	38	1
0.25	2	38	1
0.454545454545455	2	38	1
0.4	2	38	1
0.448979591836735	2	38	1
0.433962264150943	2	38	1
0.454545454545455	2	38	1
0.428571428571429	2	38	1
0.542857142857143	2	38	1
0.357142857142857	2	38	1
0.448979591836735	2	38	1
0.466666666666667	2	38	1
0.513513513513513	2	38	1
0.232558139534884	2	38	1
0.27906976744186	2	38	1
0.533333333333333	2	38	1
0.516129032258065	2	38	1
0.630434782608696	2	38	1
0.478260869565217	2	38	1
0.296296296296296	2	38	1
0.594594594594595	2	38	1
0.625	2	38	1
0.638888888888889	2	38	1
0.428571428571429	2	38	1
0.463768115942029	2	38	1
0.3125	2	38	1
0.321428571428571	2	38	1
0.189189189189189	2	38	1
0.441860465116279	2	38	1
0.6	2	38	1
0.307692307692308	2	38	1
0.75	2	38	1
0.545454545454545	2	38	1
0.169491525423729	2	38	1
0.15	2	38	1
0.55	2	38	1
0.642857142857143	2	38	1
0.259259259259259	2	38	1
0.4	2	38	1
0.209302325581395	2	38	1
0.5	2	38	1
0.4	2	38	1
0.5	2	38	1
0.523809523809524	2	38	1
0.724137931034483	2	38	1
0.428571428571429	2	38	1
0.428571428571429	2	38	1
0.666666666666667	2	38	1
0.36	2	38	1
0.4375	2	38	1
0.13953488372093	2	38	1
0.215686274509804	2	38	1
0.325581395348837	2	38	1
0.428571428571429	2	38	1
0.478260869565217	2	38	1
0.51063829787234	2	38	1
0.224489795918367	2	38	1
0.560975609756098	2	38	1
0.527777777777778	2	38	1
0.526315789473684	2	38	1
0.540983606557377	2	38	1
0.277777777777778	2	38	1
0.547169811320755	2	38	1
0.513513513513513	2	38	1
0.171428571428571	2	38	1
0.463414634146341	2	38	1
0.452380952380952	2	38	1
0.0793650793650794	2	38	1
0.533333333333333	2	38	1
0.323943661971831	2	38	1
0.150943396226415	2	38	1
0.137931034482759	2	38	1
0.106060606060606	2	38	1
0.133333333333333	2	38	1
0.448979591836735	2	38	1
0.571428571428571	2	38	1
0.581818181818182	2	38	1
0.6	2	38	1
0.530612244897959	2	38	1
0.466666666666667	2	38	1
0.464285714285714	2	38	1
0.545454545454545	2	38	1
0.3	2	38	1
0.408163265306122	2	38	1
0.473684210526316	2	38	1
0.666666666666667	2	38	1
0.5	2	38	1
0.483870967741935	2	38	1
0.454545454545455	2	38	1
0.316666666666667	2	38	1
0.461538461538462	2	38	1
0.588235294117647	2	38	1
0.157894736842105	2	38	1
0.387096774193548	2	38	1
0.576923076923077	2	38	1
0.611111111111111	2	38	1
0.228571428571429	2	38	1
0.48	2	38	1
0.547619047619048	2	38	1
0.375	2	38	1
0.363636363636364	2	38	1
0.280701754385965	2	38	1
0.473684210526316	2	38	1
0.512820512820513	2	38	1
0.388888888888889	2	38	1
0.394736842105263	2	38	1
0.215686274509804	2	38	1
0.266666666666667	2	38	1
0.666666666666667	2	38	1
0.5	2	38	1
0.363636363636364	2	38	1
0.5	2	38	1
0.318181818181818	2	38	1
0.552941176470588	2	38	1
0.439024390243902	2	38	1
0.482758620689655	2	38	1
0.285714285714286	2	38	1
0.433333333333333	2	38	1
0.283582089552239	2	38	1
0.172413793103448	2	38	1
0.1	2	38	1
0.585365853658537	2	38	1
0.408163265306122	2	38	1
0.377777777777778	2	38	1
0.609756097560976	2	38	1
0.153846153846154	2	38	1
0.43859649122807	2	38	1
0.384615384615385	2	38	1
0.594594594594595	2	38	1
0.435897435897436	2	38	1
0.421052631578947	2	38	1
0.478260869565217	2	38	1
0.553191489361702	2	38	1
0.5	2	38	1
0.666666666666667	2	38	1
0.571428571428571	2	38	1
0.483870967741935	2	38	1
0.375	2	38	1
0.2	2	38	1
0.5	2	38	1
0.296296296296296	2	38	1
0.384615384615385	2	38	1
0.482142857142857	2	38	1
0.285714285714286	2	38	1
0.530612244897959	2	38	1
0.574468085106383	2	38	1
0.241379310344828	2	38	1
0.463414634146341	2	38	1
0.144736842105263	2	38	1
0.577777777777778	2	38	1
0.297872340425532	2	38	1
0.511111111111111	2	38	1
0.413793103448276	2	38	1
0.533333333333333	2	38	1
0.542372881355932	2	38	1
0.387755102040816	2	38	1
0.6	2	38	1
0.666666666666667	2	38	1
0.540540540540541	2	38	1
0.291666666666667	2	38	1
0.485714285714286	2	38	1
0.488372093023256	2	38	1
0.3	2	38	1
0.532258064516129	2	38	1
0.294117647058824	2	38	1
0.25	2	38	1
0.542857142857143	2	38	1
0.543478260869565	2	38	1
0.466666666666667	2	38	1
0.103448275862069	2	38	1
0.538461538461538	2	38	1
0.25531914893617	2	38	1
0.521739130434783	2	38	1
0.65625	2	38	1
0.357142857142857	2	38	1
0.521739130434783	2	38	1
0.660714285714286	2	38	1
0.543478260869565	2	38	1
0.27906976744186	2	38	1
0.414634146341463	2	38	1
0.64	2	38	1
0.666666666666667	2	38	1
0.470588235294118	2	38	1
0.622641509433962	2	38	1
0.0882352941176471	2	38	1
0.0869565217391304	2	38	1
0.392156862745098	2	38	1
0.436363636363636	2	38	1
0.162162162162162	2	38	1
0.486111111111111	2	38	1
0.37037037037037	2	38	1
0.55	2	38	1
0.315789473684211	2	38	1
0.6	2	38	1
0.170731707317073	2	38	1
0.444444444444444	2	38	1
0.452380952380952	2	38	1
0.395348837209302	2	38	1
0.51685393258427	2	38	1
0.361702127659574	2	38	1
0.235294117647059	2	38	1
0.325	2	38	1
0.363636363636364	2	38	1
0.413793103448276	2	38	1
0.3	2	38	1
0.181818181818182	2	38	1
0.444444444444444	2	38	1
0.214285714285714	2	38	1
0.59375	2	38	1
0.4375	2	38	1
0.485714285714286	2	38	1
0.486486486486487	2	38	1
0.296296296296296	2	38	1
0.676470588235294	2	38	1
0.295454545454545	2	38	1
0.5	2	38	1
0.153846153846154	2	38	1
0.402597402597403	2	38	1
0.5	2	38	1
0.51219512195122	2	38	1
0.466666666666667	2	38	1
0.21875	2	38	1
0.363636363636364	2	38	1
0.463414634146341	2	38	1
0.470588235294118	2	38	1
0.529411764705882	2	38	1
0.571428571428571	2	38	1
0.315789473684211	2	38	1
0.25	2	38	1
0.466666666666667	2	38	1
0.727272727272727	2	38	1
0.540540540540541	2	38	1
0.478260869565217	2	38	1
0.193548387096774	2	38	1
0.272727272727273	2	38	1
0.256410256410256	2	38	1
0.441176470588235	2	38	1
0.483870967741935	2	38	1
0.617021276595745	2	38	1
0.454545454545455	2	38	1
0.441860465116279	2	38	1
0.333333333333333	2	38	1
0.428571428571429	2	38	1
0.28	2	38	1
0.444444444444444	2	38	1
0.579710144927536	2	38	1
0.310344827586207	2	38	1
0.227272727272727	2	38	1
0.458333333333333	2	38	1
0.547619047619048	2	38	1
0.157894736842105	2	38	1
0.553846153846154	2	38	1
0.552941176470588	2	38	1
0.413793103448276	2	38	1
0.486486486486487	2	38	1
0.103448275862069	2	38	1
0.264705882352941	2	38	1
0.377049180327869	2	38	1
0.25	2	38	1
0.46551724137931	2	38	1
0.368421052631579	2	38	1
0.111111111111111	2	38	1
0.517241379310345	2	38	1
0.488372093023256	2	38	1
0.25	2	38	1
0.51219512195122	2	38	1
0.173913043478261	2	38	1
0.48780487804878	2	38	1
0.194444444444444	2	38	1
0.446808510638298	2	38	1
0.431034482758621	2	38	1
0.418181818181818	2	38	1
0.348837209302326	2	38	1
0.424242424242424	2	38	1
0.460526315789474	2	38	1
0.489795918367347	2	38	1
0.166666666666667	2	38	1
0.380952380952381	2	38	1
0.540540540540541	2	38	1
0.116666666666667	2	38	1
0.509090909090909	2	38	1
0.463414634146341	2	38	1
0.131147540983607	2	38	1
0.528301886792453	2	38	1
0.483333333333333	2	38	1
0.232558139534884	2	38	1
0.45	2	38	1
0.321428571428571	2	38	1
0.566666666666667	2	38	1
0.390243902439024	2	38	1
0.363636363636364	2	38	1
0.684210526315789	2	38	1
0.46875	2	38	1
0.228571428571429	2	38	1
0.36	2	38	1
0.307692307692308	2	38	1
0.181818181818182	2	38	1
0.19047619047619	2	38	1
0.333333333333333	2	38	1
0.233333333333333	2	38	1
0.404255319148936	2	38	1
0.551724137931034	2	38	1
0.324324324324324	2	38	1
0.333333333333333	2	38	1
0.372093023255814	2	38	1
0.651162790697674	2	38	1
0.627906976744186	2	38	1
0.0925925925925926	2	38	1
0.423728813559322	2	38	1
0.538461538461538	2	38	1
0.121212121212121	2	38	1
0.347826086956522	2	38	1
0.333333333333333	2	38	1
0.153846153846154	2	38	1
0.473684210526316	2	38	1
0.444444444444444	2	38	1
0.325	2	38	1
0.478260869565217	2	38	1
0.625	2	38	1
0.388888888888889	2	38	1
0.409090909090909	2	38	1
0.521739130434783	2	38	1
0.523809523809524	2	38	1
0.1875	2	38	1
0.545454545454545	2	38	1
0.430769230769231	2	38	1
0.516129032258065	2	38	1
0.514285714285714	2	38	1
0.511111111111111	2	38	1
0.485714285714286	2	38	1
0.302325581395349	2	38	1
0.415384615384615	2	38	1
0.166666666666667	2	38	1
0.125	2	38	1
0.118421052631579	2	38	1
0.155555555555556	2	38	1
0.206896551724138	2	38	1
0.103448275862069	2	38	1
0.14	2	38	1
0.21875	2	38	1
0.451612903225806	2	38	1
0.405405405405405	2	38	1
0.157894736842105	2	38	1
0.508771929824561	2	38	1
0.142857142857143	2	38	1
0.705882352941177	2	38	1
0.133333333333333	2	38	1
0.507042253521127	2	38	1
0.189189189189189	2	38	1
0.2	2	38	1
0.340425531914894	2	38	1
0.388888888888889	2	38	1
0.363636363636364	2	38	1
0.541666666666667	2	38	1
0.274193548387097	3	59	1
0.511111111111111	3	59	1
0.189189189189189	3	59	1
0.127659574468085	3	59	1
0.189189189189189	3	59	1
0.296875	3	59	1
0.240506329113924	3	59	1
0.596153846153846	3	59	1
0.358974358974359	3	59	1
0.159090909090909	3	59	1
0.183098591549296	3	59	1
0.632352941176471	3	59	1
0.321428571428571	3	59	1
0.137931034482759	3	59	1
0.170731707317073	3	59	1
0.666666666666667	3	59	1
0.402985074626866	3	59	1
0.353846153846154	3	59	1
0.277777777777778	3	59	1
0.528301886792453	3	59	1
0.671875	3	59	1
0.315068493150685	3	59	1
0.273972602739726	3	59	1
0.666666666666667	3	59	1
0.538461538461538	3	59	1
0.263157894736842	3	59	1
0.278481012658228	3	59	1
0.166666666666667	3	59	1
0.415094339622642	3	59	1
0.136363636363636	3	59	1
0.76	3	59	1
0.739130434782609	3	59	1
0.235294117647059	3	59	1
0.0810810810810811	3	59	1
0.0467289719626168	3	59	1
0.166666666666667	3	59	1
0.282051282051282	3	59	1
0.1375	3	59	1
0.348837209302326	3	59	1
0.189873417721519	3	59	1
0.315315315315315	3	59	1
0.735294117647059	3	59	1
0.277777777777778	3	59	1
0.136986301369863	3	59	1
0.310344827586207	3	59	1
0.4375	3	59	1
0.369565217391304	3	59	1
0.133333333333333	3	59	1
0.230769230769231	3	59	1
0.2	3	59	1
0.313725490196078	3	59	1
0.595238095238095	3	59	1
0.584905660377358	3	59	1
0.752941176470588	3	59	1
0.454545454545455	3	59	1
0.266666666666667	3	59	1
0.571428571428571	3	59	1
0.142857142857143	3	59	1
0.62962962962963	3	59	1
0.195652173913043	3	59	1
0.298245614035088	3	59	1
0.64	3	59	1
0.313432835820896	3	59	1
0.134615384615385	3	59	1
0.215384615384615	3	59	1
0.380281690140845	3	59	1
0.25974025974026	3	59	1
0.240506329113924	3	59	1
0.0561797752808989	3	59	1
0.115942028985507	3	59	1
0.705882352941177	3	59	1
0.402597402597403	3	59	1
0.0571428571428571	3	59	1
0.2	3	59	1
0.1875	3	59	1
0.2	3	59	1
0.3	3	59	1
0.205882352941176	3	59	1
0.136363636363636	3	59	1
0.109090909090909	3	59	1
0.163636363636364	3	59	1
0.441176470588235	3	59	1
0.166666666666667	3	59	1
0.232558139534884	3	59	1
0.422222222222222	3	59	1
0.242857142857143	3	59	1
0.270833333333333	3	59	1
0.377049180327869	3	59	1
0.258823529411765	3	59	1
0.326530612244898	3	59	1
0.421052631578947	3	59	1
0.0574712643678161	3	59	1
0.142857142857143	3	59	1
0.32	3	59	1
0.243243243243243	3	59	1
0.285714285714286	3	59	1
0.239130434782609	3	59	1
0.28169014084507	3	59	1
0.272727272727273	3	59	1
0.125	3	59	1
0.325	3	59	1
0.352941176470588	3	59	1
0.269230769230769	3	59	1
0.282608695652174	3	59	1
0.163461538461538	3	59	1
0.223880597014925	3	59	1
0.208955223880597	3	59	1
0.404494382022472	3	59	1
0.28	3	59	1
0.342105263157895	3	59	1
0.260869565217391	3	59	1
0.406779661016949	3	59	1
0.168831168831169	3	59	1
0.304878048780488	3	59	1
0.308823529411765	3	59	1
0.192307692307692	3	59	1
0.233766233766234	3	59	1
0.225806451612903	3	59	1
0.103896103896104	3	59	1
0.325581395348837	3	59	1
0.338028169014085	3	59	1
0.269230769230769	3	59	1
0.361904761904762	3	59	1
0.0847457627118644	3	59	1
0.181818181818182	3	59	1
0.344262295081967	3	59	1
