VAF	CN	avg.depth	purity
0.944444444444444	1	20	1
1	1	20	1
1	1	20	1
1	1	20	1
0.176470588235294	1	20	1
0.952380952380952	1	20	1
1	1	20	1
1	1	20	1
0.947368421052632	1	20	1
1	1	20	1
0.9375	1	20	1
0.5	2	33	1
0.44	2	33	1
0.428571428571429	2	33	1
0.311111111111111	2	33	1
0.617647058823529	2	33	1
0.814814814814815	2	33	1
0.405405405405405	2	33	1
0.566037735849057	2	33	1
0.302325581395349	2	33	1
0.153846153846154	2	33	1
0.529411764705882	2	33	1
0.416666666666667	2	33	1
0.24	2	33	1
0.275862068965517	2	33	1
0.266666666666667	2	33	1
0.266666666666667	2	33	1
0.275862068965517	2	33	1
0.296296296296296	2	33	1
0.296296296296296	2	33	1
0.588235294117647	2	33	1
0.162790697674419	2	33	1
0.545454545454545	2	33	1
0.214285714285714	2	33	1
0.529411764705882	2	33	1
0.222222222222222	2	33	1
0.384615384615385	2	33	1
0.461538461538462	2	33	1
0.590909090909091	2	33	1
0.447368421052632	2	33	1
0.620689655172414	2	33	1
0.5	2	33	1
0.4	2	33	1
0.585365853658537	2	33	1
0.583333333333333	2	33	1
0.210526315789474	2	33	1
0.111111111111111	2	33	1
0.464285714285714	2	33	1
0.35	2	33	1
0.36	2	33	1
0.647058823529412	2	33	1
0.25	2	33	1
0.448275862068966	2	33	1
0.24	2	33	1
0.459459459459459	2	33	1
0.409090909090909	2	33	1
0.463414634146341	2	33	1
0.32	2	33	1
0.470588235294118	2	33	1
0.555555555555556	2	33	1
0.48	2	33	1
0.303030303030303	2	33	1
0.523809523809524	2	33	1
0.142857142857143	2	33	1
0.560975609756098	2	33	1
0.409090909090909	2	33	1
0.428571428571429	2	33	1
0.45	2	33	1
0.543478260869565	2	33	1
0.153846153846154	2	33	1
0.476190476190476	2	33	1
0.137254901960784	2	33	1
0.222222222222222	2	33	1
0.571428571428571	2	33	1
0.538461538461538	2	33	1
0.578947368421053	2	33	1
0.136363636363636	2	33	1
0.170212765957447	2	33	1
0.2	2	33	1
0.678571428571429	2	33	1
0.666666666666667	2	33	1
0.19047619047619	2	33	1
0.476190476190476	2	33	1
0.48	2	33	1
0.214285714285714	2	33	1
0.40625	2	33	1
0.574468085106383	2	33	1
0.565217391304348	2	33	1
0.0882352941176471	2	33	1
0.272727272727273	2	33	1
0.515151515151515	2	33	1
0.523809523809524	2	33	1
0.5	2	33	1
0.333333333333333	2	33	1
0.407407407407407	2	33	1
0.620689655172414	2	33	1
0.75	2	33	1
0.565217391304348	2	33	1
0.4	2	33	1
0.583333333333333	2	33	1
0.53125	2	33	1
0.379310344827586	2	33	1
0.454545454545455	2	33	1
0.655172413793103	2	33	1
0.473684210526316	2	33	1
0.566666666666667	2	33	1
0.315789473684211	2	33	1
0.333333333333333	2	33	1
0.514285714285714	2	33	1
0.444444444444444	2	33	1
0.5	2	33	1
0.212765957446809	2	33	1
0.212765957446809	2	33	1
0.192307692307692	2	33	1
0.52	2	33	1
0.526315789473684	2	33	1
0.655172413793103	2	33	1
0.12	2	33	1
0.414634146341463	2	33	1
0.56	2	33	1
0.451612903225806	2	33	1
0.441176470588235	2	33	1
0.217391304347826	2	33	1
0.5	2	33	1
0.484848484848485	2	33	1
0.266666666666667	2	33	1
0.0909090909090909	2	33	1
0.52	2	33	1
0.25	2	33	1
0.523809523809524	2	33	1
0.434782608695652	2	33	1
0.548387096774194	2	33	1
0.538461538461538	2	33	1
0.542857142857143	2	33	1
0.4375	2	33	1
0.461538461538462	2	33	1
0.384615384615385	2	33	1
0.483870967741935	2	33	1
0.647058823529412	2	33	1
0.45	2	33	1
0.37037037037037	2	33	1
0.45	2	33	1
0.526315789473684	2	33	1
0.517241379310345	2	33	1
0.384615384615385	2	33	1
0.465116279069767	2	33	1
0.173076923076923	2	33	1
0.142857142857143	2	33	1
0.555555555555556	2	33	1
0.366666666666667	2	33	1
0.56	2	33	1
0.536585365853659	2	33	1
0.461538461538462	2	33	1
0.488372093023256	2	33	1
0.714285714285714	2	33	1
0.470588235294118	2	33	1
0.425	2	33	1
0.210526315789474	2	33	1
0.153846153846154	2	33	1
0.52	2	33	1
0.515151515151515	2	33	1
0.488372093023256	2	33	1
0.516129032258065	2	33	1
0.4	2	33	1
0.515151515151515	2	33	1
0.388888888888889	2	33	1
0.75	2	33	1
0.4	2	33	1
0.291666666666667	2	33	1
0.41304347826087	2	33	1
0.625	2	33	1
0.55	2	33	1
0.666666666666667	2	33	1
0.3	2	33	1
0.363636363636364	2	33	1
0.523809523809524	2	33	1
0.263157894736842	2	33	1
0.371428571428571	2	33	1
0.564102564102564	2	33	1
0.435897435897436	2	33	1
0.586206896551724	2	33	1
0.58974358974359	2	33	1
0.472222222222222	2	33	1
0.545454545454545	2	33	1
0.529411764705882	2	33	1
0.391304347826087	2	33	1
0.157894736842105	2	33	1
0.5	2	33	1
0.586206896551724	2	33	1
0.157894736842105	2	33	1
0.565217391304348	2	33	1
0.5	2	33	1
0.552631578947368	2	33	1
0.454545454545455	2	33	1
0.652173913043478	2	33	1
0.461538461538462	2	33	1
0.583333333333333	2	33	1
0.114285714285714	2	33	1
0.571428571428571	2	33	1
0.457142857142857	2	33	1
0.235294117647059	2	33	1
0.166666666666667	2	33	1
0.3	2	33	1
0.434782608695652	2	33	1
0.666666666666667	2	33	1
0.384615384615385	2	33	1
0.419354838709677	2	33	1
0.333333333333333	2	33	1
0.444444444444444	2	33	1
0.4	2	33	1
0.4375	2	33	1
0.473684210526316	2	33	1
0.46	2	33	1
0.666666666666667	2	33	1
0.428571428571429	2	33	1
0.235294117647059	2	33	1
0.411764705882353	2	33	1
0.421052631578947	2	33	1
0.666666666666667	2	33	1
0.413793103448276	2	33	1
0.13953488372093	2	33	1
0.130434782608696	2	33	1
0.513513513513513	2	33	1
0.407407407407407	2	33	1
0.404761904761905	2	33	1
0.464285714285714	2	33	1
0.441860465116279	2	33	1
0.446808510638298	2	33	1
0.541666666666667	2	33	1
0.212765957446809	2	33	1
0.541666666666667	2	33	1
0.416666666666667	2	33	1
0.481481481481481	2	33	1
0.454545454545455	2	33	1
0.617647058823529	2	33	1
0.636363636363636	2	33	1
0.142857142857143	2	33	1
0.461538461538462	2	33	1
0.153846153846154	2	33	1
0.558139534883721	2	33	1
0.391304347826087	2	33	1
0.516129032258065	2	33	1
0.55	2	33	1
0.333333333333333	2	33	1
0.3125	2	33	1
0.515151515151515	2	33	1
0.391304347826087	2	33	1
0.5	2	33	1
0.608695652173913	2	33	1
0.5	2	33	1
0.428571428571429	2	33	1
0.555555555555556	2	33	1
0.428571428571429	2	33	1
0.642857142857143	2	33	1
0.583333333333333	2	33	1
0.529411764705882	2	33	1
0.478260869565217	2	33	1
0.481481481481481	2	33	1
0.333333333333333	2	33	1
0.5	2	33	1
0.545454545454545	2	33	1
0.375	2	33	1
0.41025641025641	2	33	1
0.416666666666667	2	33	1
0.444444444444444	2	33	1
0.571428571428571	2	33	1
0.545454545454545	2	33	1
0.333333333333333	2	33	1
0.51219512195122	2	33	1
0.433333333333333	2	33	1
0.4	2	33	1
0.513513513513513	2	33	1
0.6875	2	33	1
0.461538461538462	2	33	1
0.157894736842105	2	33	1
0.571428571428571	2	33	1
0.35	2	33	1
0.419354838709677	2	33	1
0.24	2	33	1
0.733333333333333	2	33	1
0.52	2	33	1
0.571428571428571	2	33	1
0.543859649122807	2	33	1
0.142857142857143	2	33	1
0.421052631578947	2	33	1
0.422222222222222	2	33	1
0.395348837209302	2	33	1
0.333333333333333	2	33	1
0.333333333333333	2	33	1
0.481481481481481	2	33	1
0.526315789473684	2	33	1
0.571428571428571	2	33	1
0.5	2	33	1
0.404761904761905	2	33	1
0.468085106382979	2	33	1
0.540540540540541	2	33	1
0.458333333333333	2	33	1
0.481481481481481	2	33	1
0.42	2	33	1
0.244897959183673	2	33	1
0.542857142857143	2	33	1
0.432432432432432	2	33	1
0.416666666666667	2	33	1
0.433333333333333	2	33	1
0.578947368421053	2	33	1
0.617647058823529	2	33	1
0.513513513513513	2	33	1
0.424242424242424	2	33	1
0.525	2	33	1
0.655172413793103	2	33	1
0.222222222222222	2	33	1
0.454545454545455	2	33	1
0.529411764705882	2	33	1
0.428571428571429	2	33	1
0.421052631578947	2	33	1
0.44	2	33	1
0.40625	2	33	1
0.566666666666667	2	33	1
0.515151515151515	2	33	1
0.523809523809524	2	33	1
0.291666666666667	2	33	1
0.441860465116279	2	33	1
0.542857142857143	2	33	1
0.5	2	33	1
0.464285714285714	2	33	1
0.487179487179487	2	33	1
0.5	2	33	1
0.545454545454545	2	33	1
0.488888888888889	2	33	1
0.431034482758621	2	33	1
0.369565217391304	2	33	1
0.395348837209302	2	33	1
0.580645161290323	2	33	1
0.388888888888889	2	33	1
0.424242424242424	2	33	1
0.256410256410256	2	33	1
0.407407407407407	2	33	1
0.2	2	33	1
0.2	2	33	1
0.2	2	33	1
0.448275862068966	2	33	1
0.666666666666667	2	33	1
1	2	33	1
0.333333333333333	2	33	1
0.538461538461538	2	33	1
0.5	2	33	1
0.393939393939394	2	33	1
0.463414634146341	2	33	1
0.236842105263158	2	33	1
0.551020408163265	2	33	1
0.25	2	33	1
0.380952380952381	2	33	1
0.540540540540541	2	33	1
0.421052631578947	2	33	1
0.5	2	33	1
0.611111111111111	2	33	1
0.560975609756098	2	33	1
0.434782608695652	2	33	1
0.439024390243902	2	33	1
0.418604651162791	2	33	1
0.36	2	33	1
0.461538461538462	2	33	1
0.314285714285714	2	33	1
0.2	2	33	1
0.428571428571429	2	33	1
0.4	2	33	1
0.523809523809524	2	33	1
0.171428571428571	2	33	1
0.545454545454545	2	33	1
0.346153846153846	2	33	1
0.297297297297297	2	33	1
0.166666666666667	2	33	1
1	2	33	1
0.170731707317073	2	33	1
0.363636363636364	2	33	1
0.466666666666667	2	33	1
0.52	2	33	1
0.666666666666667	2	33	1
0.583333333333333	2	33	1
0.4375	2	33	1
0.393939393939394	2	33	1
0.578947368421053	2	33	1
0.514285714285714	2	33	1
0.459459459459459	2	33	1
0.473684210526316	2	33	1
0.540540540540541	2	33	1
0.475	2	33	1
0.45	2	33	1
0.541666666666667	2	33	1
0.534883720930233	2	33	1
0.475	2	33	1
0.5	2	33	1
0.52	2	33	1
0.5	2	33	1
0.56	2	33	1
0.181818181818182	2	33	1
0.695652173913043	2	33	1
0.534883720930233	2	33	1
0.439024390243902	2	33	1
0.5	2	33	1
0.428571428571429	2	33	1
0.476190476190476	2	33	1
0.52	2	33	1
0.40625	2	33	1
0.48	2	33	1
0.6	2	33	1
0.181818181818182	2	33	1
0.695652173913043	2	33	1
0.393939393939394	2	33	1
0.53125	2	33	1
0.275862068965517	2	33	1
0.411764705882353	2	33	1
0.214285714285714	2	33	1
0.104166666666667	2	33	1
0.642857142857143	2	33	1
0.347826086956522	2	33	1
0.3	2	33	1
0.477272727272727	2	33	1
0.439024390243902	2	33	1
0.62962962962963	2	33	1
0.363636363636364	2	33	1
0.210526315789474	2	33	1
0.153846153846154	2	33	1
0.568181818181818	2	33	1
0.588235294117647	2	33	1
0.875	2	33	1
0.244444444444444	2	33	1
0.428571428571429	2	33	1
0.411764705882353	2	33	1
0.548387096774194	2	33	1
0.583333333333333	2	33	1
0.527777777777778	2	33	1
0.571428571428571	2	33	1
0.5	2	33	1
0.176470588235294	2	33	1
0.478260869565217	2	33	1
0.588235294117647	2	33	1
0.375	2	33	1
0.36	2	33	1
0.481481481481481	2	33	1
0.6875	2	33	1
0.393939393939394	2	33	1
0.380952380952381	2	33	1
0.388888888888889	2	33	1
0.369565217391304	2	33	1
0.447368421052632	2	33	1
0.333333333333333	2	33	1
0.527777777777778	2	33	1
0.534883720930233	2	33	1
0.352941176470588	2	33	1
0.317073170731707	2	33	1
0.416666666666667	2	33	1
0.5	2	33	1
0.5	2	33	1
0.2	2	33	1
0.240740740740741	2	33	1
0.5625	2	33	1
0.386363636363636	2	33	1
0.538461538461538	2	33	1
0.608695652173913	2	33	1
0.404761904761905	2	33	1
0.56	2	33	1
0.225806451612903	2	33	1
0.4375	2	33	1
0.428571428571429	2	33	1
0.454545454545455	2	33	1
0.307692307692308	2	33	1
0.566666666666667	2	33	1
0.384615384615385	2	33	1
0.255813953488372	2	33	1
0.576923076923077	2	33	1
0.391304347826087	2	33	1
0.65625	2	33	1
0.363636363636364	2	33	1
0.431818181818182	2	33	1
0.162162162162162	2	33	1
0.5	2	33	1
0.241379310344828	2	33	1
0.5	2	33	1
0.481481481481481	2	33	1
0.535714285714286	2	33	1
0.411764705882353	2	33	1
0.428571428571429	2	33	1
0.486486486486487	2	33	1
0.5	2	33	1
0.380952380952381	2	33	1
0.75	2	33	1
0.318181818181818	2	33	1
0.372549019607843	2	33	1
0.375	2	33	1
0.482758620689655	2	33	1
0.454545454545455	2	33	1
0.588235294117647	2	33	1
0.5	2	33	1
0.24	2	33	1
0.24	2	33	1
0.259259259259259	2	33	1
0.37037037037037	2	33	1
0.32	2	33	1
0.565217391304348	2	33	1
0.394736842105263	2	33	1
0.511111111111111	2	33	1
0.291666666666667	2	33	1
0.607142857142857	2	33	1
0.18	2	33	1
0.176470588235294	2	33	1
0.428571428571429	2	33	1
0.470588235294118	2	33	1
0.53125	2	33	1
0.117647058823529	2	33	1
0.315789473684211	2	33	1
0.482758620689655	2	33	1
0.622222222222222	2	33	1
0.483870967741935	2	33	1
0.444444444444444	2	33	1
0.479166666666667	2	33	1
0.230769230769231	2	33	1
0.416666666666667	2	33	1
0.482758620689655	2	33	1
0.171428571428571	2	33	1
0.166666666666667	2	33	1
0.3	2	33	1
0.37037037037037	2	33	1
0.407407407407407	2	33	1
0.552631578947368	2	33	1
0.175	2	33	1
0.475	2	33	1
0.127659574468085	2	33	1
0.692307692307692	2	33	1
0.394736842105263	2	33	1
0.461538461538462	2	33	1
0.513513513513513	2	33	1
0.608695652173913	2	33	1
0.40625	2	33	1
0.113636363636364	2	33	1
0.488888888888889	2	33	1
0.48	2	33	1
0.545454545454545	2	33	1
0.517241379310345	2	33	1
0.536585365853659	2	33	1
0.413793103448276	2	33	1
0.448275862068966	2	33	1
0.5	2	33	1
0.40625	2	33	1
0.151515151515152	2	33	1
0.36	2	33	1
0.545454545454545	2	33	1
0.470588235294118	2	33	1
0.521739130434783	2	33	1
0.725	2	33	1
0.476190476190476	2	33	1
0.475	2	33	1
0.470588235294118	2	33	1
0.296296296296296	2	33	1
0.476190476190476	2	33	1
0.46875	2	33	1
0.625	2	33	1
0.444444444444444	2	33	1
0.478260869565217	2	33	1
0.552631578947368	2	33	1
0.419354838709677	2	33	1
0.388888888888889	2	33	1
0.458333333333333	2	33	1
0.407407407407407	2	33	1
0.390243902439024	2	33	1
0.5	2	33	1
0.51219512195122	2	33	1
0.527777777777778	2	33	1
0.631578947368421	2	33	1
0.157894736842105	2	33	1
0.527272727272727	2	33	1
0.409090909090909	2	33	1
0.419354838709677	2	33	1
0.421052631578947	2	33	1
0.428571428571429	2	33	1
0.483870967741935	2	33	1
0.538461538461538	2	33	1
0.484848484848485	2	33	1
0.568627450980392	2	33	1
0.166666666666667	2	33	1
0.125	2	33	1
0.3	2	33	1
0.473684210526316	2	33	1
0.314285714285714	2	33	1
0.583333333333333	2	33	1
0.378378378378378	2	33	1
0.638888888888889	2	33	1
0.5	2	33	1
0.59375	2	33	1
0.529411764705882	2	33	1
0.3	2	33	1
0.235294117647059	2	33	1
0.472222222222222	2	33	1
0.533333333333333	2	33	1
0.4	2	33	1
0.428571428571429	2	33	1
0.555555555555556	2	33	1
0.15	2	33	1
0.452380952380952	2	33	1
0.32	2	33	1
0.428571428571429	2	33	1
0.5	2	33	1
0.529411764705882	2	33	1
0.125	2	33	1
0.409090909090909	2	33	1
0.5625	2	33	1
0.0833333333333333	2	33	1
0.428571428571429	2	33	1
0.472222222222222	2	33	1
0.4	2	33	1
0.454545454545455	2	33	1
0.476190476190476	2	33	1
0.466666666666667	2	33	1
0.428571428571429	2	33	1
0.477272727272727	2	33	1
0.478260869565217	2	33	1
0.605263157894737	2	33	1
0.408163265306122	2	33	1
0.428571428571429	2	33	1
0.571428571428571	2	33	1
0.761904761904762	2	33	1
0.454545454545455	2	33	1
0.416666666666667	2	33	1
0.564102564102564	2	33	1
0.405405405405405	2	33	1
0.351351351351351	2	33	1
0.537037037037037	2	33	1
0.617021276595745	2	33	1
0.310344827586207	2	33	1
0.522727272727273	2	33	1
0.428571428571429	2	33	1
0.333333333333333	2	33	1
0.53125	2	33	1
0.6	2	33	1
0.583333333333333	2	33	1
0.375	2	33	1
0.347826086956522	2	33	1
0.347826086956522	2	33	1
0.382352941176471	2	33	1
0.655172413793103	2	33	1
0.473684210526316	2	33	1
0.384615384615385	2	33	1
0.545454545454545	2	33	1
0.45	2	33	1
0.179487179487179	2	33	1
0.184210526315789	2	33	1
0.0487804878048781	2	33	1
0.127659574468085	2	33	1
0.529411764705882	2	33	1
0.514285714285714	2	33	1
0.275	2	33	1
0.318181818181818	2	33	1
0.481481481481481	2	33	1
0.416666666666667	2	33	1
0.423076923076923	2	33	1
1	2	33	1
0.5	2	33	1
0.516129032258065	2	33	1
0.6	2	33	1
0.275862068965517	2	33	1
0.421052631578947	2	33	1
0.526315789473684	2	33	1
0.428571428571429	2	33	1
0.212765957446809	2	33	1
0.219512195121951	2	33	1
0.67741935483871	2	33	1
0.519230769230769	2	33	1
0.476190476190476	2	33	1
0.485714285714286	2	33	1
0.411764705882353	2	33	1
0.333333333333333	2	33	1
0.5	2	33	1
0.260869565217391	2	33	1
0.636363636363636	2	33	1
0.24	2	33	1
0.392857142857143	2	33	1
0.4	2	33	1
0.266666666666667	2	33	1
0.568181818181818	2	33	1
0.354166666666667	2	33	1
0.252631578947368	2	33	1
0.533333333333333	2	33	1
0.366666666666667	2	33	1
0.4	2	33	1
0.483870967741935	2	33	1
0.448275862068966	2	33	1
0.523809523809524	2	33	1
0.541666666666667	2	33	1
0.170212765957447	2	33	1
0.468085106382979	2	33	1
0.375	2	33	1
0.477272727272727	2	33	1
0.432432432432432	2	33	1
0.475	2	33	1
0.666666666666667	2	33	1
0.5	2	33	1
0.5	2	33	1
0.25	2	33	1
0.466666666666667	2	33	1
0.4375	2	33	1
0.58974358974359	2	33	1
0.543859649122807	2	33	1
0.431372549019608	2	33	1
0.55	2	33	1
0.146341463414634	2	33	1
0.5	2	33	1
0.46875	2	33	1
0.380952380952381	2	33	1
0.535714285714286	2	33	1
0.478260869565217	2	33	1
0.0857142857142857	2	33	1
0.106382978723404	2	33	1
0.433333333333333	2	33	1
0.219512195121951	2	33	1
0.391304347826087	2	33	1
0.36	2	33	1
0.463414634146341	2	33	1
0.378378378378378	2	33	1
0.535714285714286	2	33	1
0.285714285714286	2	33	1
0.478260869565217	2	33	1
0.214285714285714	2	33	1
0.620689655172414	2	33	1
0.28125	2	33	1
0.58974358974359	2	33	1
0.52	2	33	1
0.465116279069767	2	33	1
0.611111111111111	2	33	1
0.583333333333333	2	33	1
0.481481481481481	2	33	1
0.488372093023256	2	33	1
0.5	2	33	1
0.571428571428571	2	33	1
0.482758620689655	2	33	1
0.341463414634146	2	33	1
0.468085106382979	2	33	1
0.577777777777778	2	33	1
0.51219512195122	2	33	1
0.510204081632653	2	33	1
0.333333333333333	2	33	1
0.140625	2	33	1
0.285714285714286	2	33	1
0.434782608695652	2	33	1
0.232142857142857	2	33	1
0.192307692307692	2	33	1
0.1875	2	33	1
0.511111111111111	2	33	1
0.269230769230769	2	33	1
0.119047619047619	2	33	1
0.514285714285714	2	33	1
0.470588235294118	2	33	1
0.260869565217391	2	33	1
0.549019607843137	2	33	1
0.346153846153846	2	33	1
0.380952380952381	2	33	1
0.5	2	33	1
0.457627118644068	2	33	1
0.172413793103448	2	33	1
0.54	2	33	1
0.133333333333333	2	33	1
0.186046511627907	2	33	1
0.16	2	33	1
0.36	2	33	1
0.5625	2	33	1
0.483870967741935	2	33	1
0.482758620689655	2	33	1
0.368421052631579	2	33	1
0.428571428571429	2	33	1
0.473684210526316	2	33	1
0.444444444444444	2	33	1
0.25	2	33	1
0.407407407407407	2	33	1
0.611111111111111	2	33	1
0.263157894736842	2	33	1
0.454545454545455	2	33	1
0.511111111111111	2	33	1
0.388888888888889	2	33	1
0.5	2	33	1
0.476190476190476	2	33	1
0.235294117647059	2	33	1
0.585365853658537	2	33	1
0.6875	2	33	1
0.517241379310345	2	33	1
0.32	2	33	1
0.439024390243902	2	33	1
0.538461538461538	2	33	1
0.159090909090909	2	33	1
0.25	2	33	1
0.568181818181818	2	33	1
0.441176470588235	2	33	1
0.132075471698113	2	33	1
0.108108108108108	2	33	1
0.5	2	33	1
0.487179487179487	2	33	1
0.636363636363636	2	33	1
0.477272727272727	2	33	1
0.529411764705882	2	33	1
0.419354838709677	2	33	1
0.538461538461538	2	33	1
0.230769230769231	2	33	1
0.136363636363636	2	33	1
0.436363636363636	2	33	1
0.25	2	33	1
0.24	2	33	1
0.2	2	33	1
0.163934426229508	2	33	1
0.390625	3	50	1
0.71830985915493	3	50	1
0.107142857142857	3	50	1
0.287671232876712	3	50	1
0.375	3	50	1
0.721311475409836	3	50	1
0.262295081967213	3	50	1
0.114285714285714	3	50	1
0.298245614035088	3	50	1
0.171428571428571	3	50	1
0.707317073170732	3	50	1
0.606060606060606	3	50	1
0.274509803921569	3	50	1
0.301587301587302	3	50	1
0.804347826086957	3	50	1
0.145454545454545	3	50	1
0.204081632653061	3	50	1
0.232558139534884	3	50	1
0.80952380952381	3	50	1
0.311111111111111	3	50	1
0.380952380952381	3	50	1
0.272727272727273	3	50	1
0.595238095238095	3	50	1
0.327586206896552	3	50	1
0.342857142857143	3	50	1
0.644444444444444	3	50	1
0.764705882352941	3	50	1
0.352112676056338	3	50	1
0.342105263157895	3	50	1
0.214285714285714	3	50	1
0.307692307692308	3	50	1
0.0810810810810811	3	50	1
0.641025641025641	3	50	1
0.296296296296296	3	50	1
0.348837209302326	3	50	1
0.25	3	50	1
0.857142857142857	3	50	1
0.303030303030303	3	50	1
0.326530612244898	3	50	1
0.155172413793103	3	50	1
0.619047619047619	3	50	1
0.694915254237288	3	50	1
0.74	3	50	1
0.129032258064516	3	50	1
0.386363636363636	3	50	1
0.270833333333333	3	50	1
0.296875	3	50	1
0.298245614035088	3	50	1
0.28125	3	50	1
0.208333333333333	3	50	1
0.322033898305085	3	50	1
0.28125	3	50	1
0.447368421052632	3	50	1
0.175	3	50	1
0.25	3	50	1
0.693548387096774	3	50	1
0.37037037037037	3	50	1
0.30952380952381	3	50	1
0.344827586206897	3	50	1
0.136363636363636	3	50	1
0.170731707317073	3	50	1
0.152173913043478	3	50	1
0.133333333333333	3	50	1
0.319444444444444	3	50	1
0.142857142857143	3	50	1
0.62962962962963	3	50	1
0.390625	3	50	1
0.434782608695652	3	50	1
0.333333333333333	3	50	1
0.260869565217391	3	50	1
0.384615384615385	3	50	1
0.137254901960784	3	50	1
0.134615384615385	3	50	1
0.12962962962963	3	50	1
0.580645161290323	3	50	1
0.105263157894737	3	50	1
0.324324324324324	3	50	1
0.648648648648649	3	50	1
0.343283582089552	3	50	1
0.285714285714286	3	50	1
0.625	3	50	1
0.173913043478261	3	50	1
0.327272727272727	3	50	1
0.333333333333333	3	50	1
0.13953488372093	3	50	1
0.333333333333333	3	50	1
0.43859649122807	3	50	1
0.384615384615385	3	50	1
0.163265306122449	3	50	1
0.2	3	50	1
0.181818181818182	3	50	1
0.34375	3	50	1
0.350877192982456	3	50	1
0.157894736842105	3	50	1
0.166666666666667	3	50	1
0.354838709677419	3	50	1
0.407407407407407	3	50	1
0.333333333333333	3	50	1
0.384615384615385	3	50	1
0.355555555555556	3	50	1
0.4	3	50	1
0.557692307692308	3	50	1
0.277777777777778	3	50	1
0.255813953488372	3	50	1
0.321428571428571	3	50	1
0.25	3	50	1
0.75	3	50	1
0.175	3	50	1
0.127659574468085	3	50	1
0.324324324324324	3	50	1
0.357142857142857	3	50	1
0.672413793103448	3	50	1
0.709677419354839	3	50	1
0.37037037037037	3	50	1
0.4	3	50	1
0.636363636363636	3	50	1
0.333333333333333	3	50	1
0.485714285714286	3	50	1
0.384615384615385	3	50	1
0.107692307692308	3	50	1
0.745098039215686	3	50	1
0.34	3	50	1
0.671641791044776	3	50	1
0.142857142857143	3	50	1
0.310344827586207	3	50	1
0.65	3	50	1
0.771929824561403	3	50	1
0.409090909090909	3	50	1
0.409090909090909	3	50	1
0.0857142857142857	3	50	1
0.1	3	50	1
0.352112676056338	3	50	1
0.32258064516129	3	50	1
0.161764705882353	3	50	1
0.372881355932203	3	50	1
0.242424242424242	3	50	1
0.280701754385965	3	50	1
0.307692307692308	3	50	1
0.264705882352941	3	50	1
0.137931034482759	3	50	1
0.120689655172414	3	50	1
0.12280701754386	3	50	1
0.12280701754386	3	50	1
0.163636363636364	3	50	1
0.101694915254237	3	50	1
0.35	3	50	1
0.326086956521739	3	50	1
0.361702127659574	3	50	1
0.132352941176471	3	50	1
0.371428571428571	3	50	1
0.538461538461538	3	50	1
0.26	3	50	1
0.3	3	50	1
0.684210526315789	3	50	1
0.36986301369863	3	50	1
0.392156862745098	3	50	1
0.12	3	50	1
0.12	3	50	1
0.186440677966102	3	50	1
0.164179104477612	3	50	1
0.282051282051282	3	50	1
0.397435897435897	3	50	1
0.256756756756757	3	50	1
0.263888888888889	3	50	1
0.301369863013699	3	50	1
0.377777777777778	3	50	1
0.148148148148148	3	50	1
0.243243243243243	3	50	1
0.40625	3	50	1
0.366666666666667	3	50	1
0.283018867924528	3	50	1
0.228571428571429	3	50	1
0.361111111111111	3	50	1
0.346153846153846	3	50	1
0.285714285714286	3	50	1
0.25	3	50	1
0.372549019607843	3	50	1
0.291666666666667	3	50	1
0.45	3	50	1
0.239130434782609	3	50	1
0.136363636363636	3	50	1
0.238095238095238	3	50	1
0.342857142857143	3	50	1
0.194444444444444	3	50	1
0.234042553191489	3	50	1
0.433962264150943	3	50	1
0.388888888888889	3	50	1
0.448979591836735	3	50	1
0.137254901960784	3	50	1
0.382978723404255	3	50	1
0.333333333333333	3	50	1
0.384615384615385	3	50	1
0.274193548387097	3	50	1
0.214285714285714	3	50	1
0.297297297297297	3	50	1
0.232558139534884	3	50	1
0.3	3	50	1
0.218181818181818	3	50	1
0.368421052631579	3	50	1
0.152173913043478	3	50	1
0.125	3	50	1
0.319444444444444	3	50	1
0.523809523809524	3	50	1
0.204545454545455	3	50	1
0.345679012345679	3	50	1
0.296296296296296	3	50	1
0.0769230769230769	3	50	1
0.2	3	50	1
0.2	3	50	1
0.238095238095238	3	50	1
0.384615384615385	3	50	1
0.40625	3	50	1
0.326923076923077	3	50	1
0.339622641509434	3	50	1
0.230769230769231	3	50	1
0.317460317460317	3	50	1
0.326086956521739	3	50	1
0.267605633802817	3	50	1
0.346938775510204	3	50	1
0.159090909090909	3	50	1
0.25	3	50	1
0.381818181818182	3	50	1
0.3125	3	50	1
0.425531914893617	3	50	1
0.382352941176471	3	50	1
0.15625	3	50	1
0.236363636363636	3	50	1
0.383333333333333	3	50	1
0.666666666666667	3	50	1
0.288888888888889	3	50	1
0.105263157894737	3	50	1
0.306451612903226	3	50	1
0.340425531914894	3	50	1
0.425925925925926	3	50	1
0.4625	3	50	1
0.157894736842105	3	50	1
0.162162162162162	3	50	1
0.142857142857143	3	50	1
0.766666666666667	3	50	1
0.194444444444444	3	50	1
0.2	3	50	1
0.705882352941177	3	50	1
0.324324324324324	3	50	1
0.296875	3	50	1
0.186046511627907	3	50	1
0.241379310344828	3	50	1
0.743243243243243	3	50	1
0.133333333333333	3	50	1
0.157894736842105	3	50	1
0.142857142857143	3	50	1
0.767857142857143	3	50	1
0.142857142857143	3	50	1
0.777777777777778	3	50	1
0.258064516129032	3	50	1
0.661016949152542	3	50	1
0.0882352941176471	3	50	1
0.6	3	50	1
0.128205128205128	3	50	1
0.285714285714286	3	50	1
0.5	3	50	1
0.719298245614035	3	50	1
0.542857142857143	3	50	1
0.357142857142857	3	50	1
0.616666666666667	3	50	1
0.5	3	50	1
0.363636363636364	3	50	1
0.528301886792453	3	50	1
0.222222222222222	3	50	1
0.19047619047619	3	50	1
0.285714285714286	3	50	1
0.763157894736842	3	50	1
0.152173913043478	3	50	1
0.574074074074074	3	50	1
0.0759493670886076	3	50	1
0.135593220338983	3	50	1
0.3125	3	50	1
0.684210526315789	3	50	1
0.666666666666667	3	50	1
0.304347826086957	3	50	1
0.101694915254237	3	50	1
0.230769230769231	3	50	1
0.217391304347826	3	50	1
0.721311475409836	3	50	1
0.193548387096774	3	50	1
0.275862068965517	3	50	1
0.24	3	50	1
0.3	3	50	1
0.526315789473684	3	50	1
0.157894736842105	3	50	1
0.156862745098039	3	50	1
0.650602409638554	3	50	1
0.240740740740741	3	50	1
0.171428571428571	3	50	1
0.210526315789474	3	50	1
0.127659574468085	3	50	1
0.12280701754386	3	50	1
0.477272727272727	3	50	1
0.273972602739726	3	50	1
0.333333333333333	3	50	1
0.307692307692308	3	50	1
0.262295081967213	3	50	1
0.19672131147541	3	50	1
0.263157894736842	3	50	1
0.313432835820896	3	50	1
0.361111111111111	3	50	1
0.38961038961039	3	50	1
0.193548387096774	3	50	1
0.118421052631579	3	50	1
0.382716049382716	3	50	1
0.317073170731707	3	50	1
0.326530612244898	3	50	1
0.338235294117647	3	50	1
0.333333333333333	3	50	1
0.25	3	50	1
0.210526315789474	3	50	1
0.362068965517241	3	50	1
0.111111111111111	3	50	1
0.26530612244898	3	50	1
0.578947368421053	3	50	1
0.383561643835616	3	50	1
0.466666666666667	3	50	1
0.238095238095238	3	50	1
0.372549019607843	3	50	1
0.2	3	50	1
0.122448979591837	3	50	1
0.278481012658228	3	50	1
0.137931034482759	4	29	1
