VAF	CN	avg.depth	purity
0.842105263157895	2	14	1
0.954545454545455	2	14	1
1	2	14	1
0.916666666666667	2	14	1
1	2	14	1
0.846153846153846	2	14	1
0.916666666666667	2	14	1
1	2	14	1
0.823529411764706	2	14	1
0.875	2	14	1
0.52	4	28	1
0.466666666666667	4	28	1
0.421052631578947	4	28	1
0.413793103448276	4	28	1
0.617647058823529	4	28	1
0.409090909090909	4	28	1
0.285714285714286	4	28	1
0.428571428571429	4	28	1
0.612903225806452	4	28	1
0.6	4	28	1
0.526315789473684	4	28	1
0.68	4	28	1
0.333333333333333	4	28	1
0.571428571428571	4	28	1
0.517241379310345	4	28	1
0.433333333333333	4	28	1
0.46875	4	28	1
0.451612903225806	4	28	1
0.407407407407407	4	28	1
0.676470588235294	4	28	1
0.272727272727273	4	28	1
0.375	4	28	1
0.551724137931034	4	28	1
0.36	4	28	1
0.583333333333333	4	28	1
0.484848484848485	4	28	1
0.434782608695652	4	28	1
0.608695652173913	4	28	1
0.5	4	28	1
0.695652173913043	4	28	1
0.475	4	28	1
0.6	4	28	1
0.5	4	28	1
0.548387096774194	4	28	1
0.5	4	28	1
0.272727272727273	4	28	1
0.272727272727273	4	28	1
0.5	4	28	1
0.405405405405405	4	28	1
0.413793103448276	4	28	1
0.470588235294118	4	28	1
0.451612903225806	4	28	1
0.483870967741935	4	28	1
0.481481481481481	4	28	1
0.487179487179487	4	28	1
0.481481481481481	4	28	1
0.409090909090909	4	28	1
0.583333333333333	4	28	1
0.533333333333333	4	28	1
0.558823529411765	4	28	1
0.238095238095238	4	28	1
0.476190476190476	4	28	1
0.538461538461538	4	28	1
0.304347826086957	4	28	1
0.285714285714286	4	28	1
0.461538461538462	4	28	1
0.25	4	28	1
0.434782608695652	4	28	1
0.619047619047619	4	28	1
0.4	4	28	1
0.565217391304348	4	28	1
0.451612903225806	4	28	1
0.5	4	28	1
0.28125	4	28	1
0.482758620689655	4	28	1
0.333333333333333	4	28	1
0.424242424242424	4	28	1
0.5	4	28	1
0.444444444444444	4	28	1
0.791666666666667	4	28	1
0.380952380952381	4	28	1
0.612903225806452	4	28	1
0.53125	4	28	1
0.473684210526316	4	28	1
0.458333333333333	4	28	1
0.4	4	28	1
0.4	4	28	1
0.4	4	28	1
0.565217391304348	4	28	1
0.5	4	28	1
0.407407407407407	4	28	1
0.5	4	28	1
0.6	4	28	1
0.521739130434783	4	28	1
0.5	4	28	1
0.514285714285714	4	28	1
0.5625	4	28	1
0.413793103448276	4	28	1
0.434782608695652	4	28	1
0.461538461538462	4	28	1
0.53125	4	28	1
0.4	4	28	1
0.5	4	28	1
0.518518518518518	4	28	1
0.56	4	28	1
0.444444444444444	4	28	1
0.714285714285714	4	28	1
0.44	4	28	1
0.9	4	28	1
0.636363636363636	4	28	1
0.52	4	28	1
0.538461538461538	4	28	1
0.388888888888889	4	28	1
0.568181818181818	4	28	1
0.368421052631579	4	28	1
0.458333333333333	4	28	1
0.346153846153846	4	28	1
0.578947368421053	4	28	1
0.193548387096774	4	28	1
0.2	4	28	1
0.518518518518518	4	28	1
0.555555555555556	4	28	1
0.214285714285714	4	28	1
0.272727272727273	4	28	1
0.5	4	28	1
0.5	4	28	1
0.425	4	28	1
0.5	4	28	1
0.419354838709677	4	28	1
0.466666666666667	4	28	1
0.294117647058824	4	28	1
0.413793103448276	4	28	1
0.486486486486487	4	28	1
0.481481481481481	4	28	1
0.46875	4	28	1
0.3	4	28	1
0.472222222222222	4	28	1
0.454545454545455	4	28	1
0.565217391304348	4	28	1
0.485714285714286	4	28	1
0.305555555555556	4	28	1
0.307692307692308	4	28	1
0.551724137931034	4	28	1
0.551724137931034	4	28	1
0.444444444444444	4	28	1
0.424242424242424	4	28	1
0.53125	4	28	1
0.341463414634146	4	28	1
0.433333333333333	4	28	1
0.36	4	28	1
0.65625	4	28	1
0.411764705882353	4	28	1
0.37037037037037	4	28	1
0.525	4	28	1
0.263157894736842	4	28	1
0.611111111111111	4	28	1
0.184210526315789	4	28	1
0.461538461538462	4	28	1
0.354838709677419	4	28	1
0.315789473684211	4	28	1
0.173913043478261	4	28	1
0.481481481481481	4	28	1
0.454545454545455	4	28	1
0.461538461538462	4	28	1
0.636363636363636	4	28	1
0.307692307692308	4	28	1
0.296296296296296	4	28	1
0.5	4	28	1
0.518518518518518	4	28	1
0.5	4	28	1
0.130434782608696	4	28	1
0.4	4	28	1
0.611111111111111	4	28	1
0.454545454545455	4	28	1
0.523809523809524	4	28	1
0.565217391304348	4	28	1
0.424242424242424	4	28	1
0.583333333333333	4	28	1
0.529411764705882	4	28	1
0.464285714285714	4	28	1
0.583333333333333	4	28	1
0.454545454545455	4	28	1
0.428571428571429	4	28	1
0.162162162162162	4	28	1
0.25	4	28	1
0.457142857142857	4	28	1
0.235294117647059	4	28	1
0.285714285714286	4	28	1
0.484848484848485	4	28	1
0.5	4	28	1
0.514285714285714	4	28	1
0.454545454545455	4	28	1
0.655172413793103	4	28	1
0.551724137931034	4	28	1
0.321428571428571	4	28	1
0.5	4	28	1
0.35	4	28	1
0.44	4	28	1
0.178571428571429	4	28	1
0.296296296296296	4	28	1
0.413793103448276	4	28	1
0.5	4	28	1
0.2	4	28	1
0.166666666666667	4	28	1
0.571428571428571	4	28	1
0.407407407407407	4	28	1
0.419354838709677	4	28	1
0.516129032258065	4	28	1
0.416666666666667	4	28	1
0.586206896551724	4	28	1
0.344827586206897	4	28	1
0.454545454545455	4	28	1
0.392857142857143	4	28	1
0.666666666666667	4	28	1
0.607142857142857	4	28	1
0.458333333333333	4	28	1
0.37037037037037	4	28	1
0.413793103448276	4	28	1
0.55	4	28	1
0.580645161290323	4	28	1
0.3	4	28	1
0.454545454545455	4	28	1
0.444444444444444	4	28	1
0.3	4	28	1
0.46	4	28	1
0.551724137931034	4	28	1
0.652173913043478	4	28	1
0.36	4	28	1
0.538461538461538	4	28	1
0.482758620689655	4	28	1
0.606060606060606	4	28	1
0.514285714285714	4	28	1
0.545454545454545	4	28	1
0.424242424242424	4	28	1
0.1875	4	28	1
0.5	4	28	1
0.125	4	28	1
0.607142857142857	4	28	1
0.32258064516129	4	28	1
0.368421052631579	4	28	1
0.272727272727273	4	28	1
0.692307692307692	4	28	1
0.461538461538462	4	28	1
0.545454545454545	4	28	1
0.390243902439024	4	28	1
0.380952380952381	4	28	1
0.571428571428571	4	28	1
0.485714285714286	4	28	1
0.472222222222222	4	28	1
0.465116279069767	4	28	1
0.464285714285714	4	28	1
0.3125	4	28	1
0.448275862068966	4	28	1
0.464285714285714	4	28	1
0.166666666666667	4	28	1
0.451612903225806	4	28	1
0.46875	4	28	1
0.4	4	28	1
0.666666666666667	4	28	1
0.458333333333333	4	28	1
0.48936170212766	4	28	1
0.208333333333333	4	28	1
0.35	4	28	1
0.484848484848485	4	28	1
0.392857142857143	4	28	1
0.4	4	28	1
0.4	4	28	1
0.517241379310345	4	28	1
0.515151515151515	4	28	1
0.483870967741935	4	28	1
0.176470588235294	4	28	1
0.4	4	28	1
0.48	4	28	1
0.44	4	28	1
0.411764705882353	4	28	1
0.542857142857143	4	28	1
0.44	4	28	1
0.4	4	28	1
0.513513513513513	4	28	1
0.5	4	28	1
0.321428571428571	4	28	1
0.485714285714286	4	28	1
0.344827586206897	4	28	1
0.485714285714286	4	28	1
0.473684210526316	4	28	1
0.157894736842105	4	28	1
0.354838709677419	4	28	1
0.3	4	28	1
0.285714285714286	4	28	1
0.439024390243902	4	28	1
0.685714285714286	4	28	1
0.444444444444444	4	28	1
0.157894736842105	4	28	1
0.153846153846154	4	28	1
0.15	4	28	1
0.153846153846154	4	28	1
0.571428571428571	4	28	1
0.384615384615385	4	28	1
0.551724137931034	4	28	1
0.32	4	28	1
0.260869565217391	4	28	1
0.513513513513513	4	28	1
0.333333333333333	4	28	1
0.28125	4	28	1
0.5	4	28	1
0.32	4	28	1
0.32	4	28	1
0.314285714285714	4	28	1
0.5	4	28	1
0.4	4	28	1
0.46875	4	28	1
0.184210526315789	4	28	1
0.166666666666667	4	28	1
0.166666666666667	4	28	1
0.368421052631579	4	28	1
0.388888888888889	4	28	1
0.6	4	28	1
0.4375	4	28	1
0.433333333333333	4	28	1
0.592592592592593	4	28	1
0.583333333333333	4	28	1
0.333333333333333	4	28	1
0.458333333333333	4	28	1
0.575757575757576	4	28	1
0.538461538461538	4	28	1
0.558823529411765	4	28	1
0.5	4	28	1
0.176470588235294	4	28	1
0.210526315789474	4	28	1
0.64	4	28	1
0.307692307692308	4	28	1
0.413793103448276	4	28	1
0.609756097560976	4	28	1
0.44	4	28	1
0.4375	4	28	1
0.434782608695652	4	28	1
0.379310344827586	4	28	1
0.407407407407407	4	28	1
0.5	4	28	1
0.4	4	28	1
0.5	4	28	1
0.5625	4	28	1
0.526315789473684	4	28	1
0.44	4	28	1
0.5	4	28	1
0.285714285714286	4	28	1
0.592592592592593	4	28	1
0.421052631578947	4	28	1
0.192307692307692	4	28	1
0.6	4	28	1
0.52	4	28	1
0.451612903225806	4	28	1
0.533333333333333	4	28	1
0.321428571428571	4	28	1
0.692307692307692	4	28	1
0.523809523809524	4	28	1
0.571428571428571	4	28	1
0.517241379310345	4	28	1
0.461538461538462	4	28	1
0.333333333333333	4	28	1
0.571428571428571	4	28	1
0.421052631578947	4	28	1
0.541666666666667	4	28	1
0.628571428571429	4	28	1
0.541666666666667	4	28	1
0.304347826086957	4	28	1
0.470588235294118	4	28	1
0.2	4	28	1
0.382352941176471	4	28	1
0.6	4	28	1
0.608695652173913	4	28	1
0.379310344827586	4	28	1
0.46875	4	28	1
0.461538461538462	4	28	1
0.558823529411765	4	28	1
0.571428571428571	4	28	1
0.428571428571429	4	28	1
0.466666666666667	4	28	1
0.4	4	28	1
0.482758620689655	4	28	1
0.344827586206897	4	28	1
0.2	4	28	1
0.478260869565217	4	28	1
0.34375	4	28	1
0.551724137931034	4	28	1
0.619047619047619	4	28	1
0.461538461538462	4	28	1
0.444444444444444	4	28	1
0.424242424242424	4	28	1
0.7	4	28	1
0.607142857142857	4	28	1
0.476190476190476	4	28	1
0.307692307692308	4	28	1
0.424242424242424	4	28	1
0.518518518518518	4	28	1
0.6	4	28	1
0.428571428571429	4	28	1
0.464285714285714	4	28	1
0.586206896551724	4	28	1
0.6	4	28	1
0.36	4	28	1
0.409090909090909	4	28	1
0.483870967741935	4	28	1
0.565217391304348	4	28	1
0.296296296296296	4	28	1
0.347826086956522	4	28	1
0.318181818181818	4	28	1
0.4375	4	28	1
0.416666666666667	4	28	1
0.153846153846154	4	28	1
0.483870967741935	4	28	1
0.485714285714286	4	28	1
0.592592592592593	4	28	1
0.413793103448276	4	28	1
0.55	4	28	1
0.25	4	28	1
0.5	4	28	1
0.129032258064516	4	28	1
0.566666666666667	4	28	1
0.64	4	28	1
0.28125	4	28	1
0.5	4	28	1
0.642857142857143	4	28	1
0.4375	4	28	1
0.19047619047619	4	28	1
0.5	4	28	1
0.5	4	28	1
0.512820512820513	4	28	1
0.458333333333333	4	28	1
0.478260869565217	4	28	1
0.37037037037037	4	28	1
0.421052631578947	4	28	1
0.75	4	28	1
0.5	4	28	1
0.523809523809524	4	28	1
0.444444444444444	4	28	1
0.448275862068966	4	28	1
0.40625	4	28	1
0.5	4	28	1
0.470588235294118	4	28	1
0.545454545454545	4	28	1
0.521739130434783	4	28	1
0.466666666666667	4	28	1
0.307692307692308	4	28	1
0.5	4	28	1
0.46875	4	28	1
0.608695652173913	4	28	1
0.36	4	28	1
0.428571428571429	4	28	1
0.394736842105263	4	28	1
0.48	4	28	1
0.333333333333333	4	28	1
0.4	4	28	1
0.444444444444444	4	28	1
0.6	4	28	1
0.352941176470588	4	28	1
0.181818181818182	4	28	1
0.208333333333333	4	28	1
0.461538461538462	4	28	1
0.5	4	28	1
0.5	4	28	1
0.461538461538462	4	28	1
0.517241379310345	4	28	1
0.5	4	28	1
0.173913043478261	4	28	1
0.391304347826087	4	28	1
0.59375	4	28	1
0.457142857142857	4	28	1
0.59375	4	28	1
0.45	4	28	1
0.542857142857143	4	28	1
0.228571428571429	4	28	1
0.454545454545455	4	28	1
0.454545454545455	4	28	1
0.521739130434783	4	28	1
0.641025641025641	4	28	1
0.379310344827586	4	28	1
0.464285714285714	4	28	1
0.459459459459459	4	28	1
0.416666666666667	4	28	1
0.347826086956522	4	28	1
0.384615384615385	4	28	1
0.684210526315789	4	28	1
0.472222222222222	4	28	1
0.433333333333333	4	28	1
0.147058823529412	4	28	1
0.321428571428571	4	28	1
0.421052631578947	4	28	1
0.6	4	28	1
0.285714285714286	4	28	1
0.34375	4	28	1
0.586206896551724	4	28	1
0.333333333333333	4	28	1
0.555555555555556	4	28	1
0.434782608695652	4	28	1
0.514285714285714	4	28	1
0.551724137931034	4	28	1
0.484848484848485	4	28	1
0.533333333333333	4	28	1
0.666666666666667	4	28	1
0.448275862068966	4	28	1
0.379310344827586	4	28	1
0.58974358974359	4	28	1
0.419354838709677	4	28	1
0.857142857142857	4	28	1
0.571428571428571	4	28	1
0.146341463414634	4	28	1
0.5	4	28	1
0.181818181818182	4	28	1
0.409090909090909	4	28	1
0.366666666666667	4	28	1
0.4	4	28	1
0.363636363636364	4	28	1
0.5	4	28	1
0.384615384615385	4	28	1
0.159090909090909	4	28	1
0.518518518518518	4	28	1
0.46875	4	28	1
0.363636363636364	4	28	1
0.384615384615385	4	28	1
0.46875	4	28	1
0.352941176470588	4	28	1
0.275862068965517	4	28	1
0.571428571428571	4	28	1
0.318181818181818	4	28	1
0.368421052631579	4	28	1
0.310344827586207	4	28	1
0.609756097560976	4	28	1
0.387096774193548	4	28	1
0.576923076923077	4	28	1
0.3	4	28	1
0.3125	4	28	1
0.523809523809524	4	28	1
0.407407407407407	4	28	1
0.478260869565217	4	28	1
0.586206896551724	4	28	1
0.321428571428571	4	28	1
0.4	4	28	1
0.523809523809524	4	28	1
0.439024390243902	4	28	1
0.538461538461538	4	28	1
0.5	4	28	1
0.607142857142857	4	28	1
0.590909090909091	4	28	1
0.666666666666667	4	28	1
0.413793103448276	4	28	1
0.541666666666667	4	28	1
0.558823529411765	4	28	1
0.32	4	28	1
0.56	4	28	1
0.5	4	28	1
0.419354838709677	4	28	1
0.393939393939394	4	28	1
0.315789473684211	4	28	1
0.194444444444444	4	28	1
0.407407407407407	4	28	1
0.615384615384615	4	28	1
0.571428571428571	4	28	1
0.333333333333333	4	28	1
0.416666666666667	4	28	1
0.413793103448276	4	28	1
0.645161290322581	4	28	1
0.521739130434783	4	28	1
0.607142857142857	4	28	1
0.4	4	28	1
0.5	4	28	1
0.485714285714286	4	28	1
0.555555555555556	4	28	1
0.416666666666667	4	28	1
0.476190476190476	4	28	1
0.392857142857143	4	28	1
0.333333333333333	4	28	1
0.521739130434783	4	28	1
0.392857142857143	4	28	1
0.451612903225806	4	28	1
0.666666666666667	4	28	1
0.421052631578947	4	28	1
0.146341463414634	4	28	1
0.448275862068966	4	28	1
0.607142857142857	4	28	1
0.53125	4	28	1
0.513513513513513	4	28	1
0.419354838709677	4	28	1
0.55	4	28	1
0.333333333333333	4	28	1
0.432432432432432	4	28	1
0.5	4	28	1
0.375	4	28	1
0.352941176470588	4	28	1
0.315789473684211	4	28	1
0.448275862068966	4	28	1
0.535714285714286	4	28	1
0.514285714285714	4	28	1
0.148148148148148	4	28	1
0.484848484848485	4	28	1
0.260869565217391	4	28	1
0.558823529411765	4	28	1
0.28	4	28	1
0.4	4	28	1
0.428571428571429	4	28	1
0.5	4	28	1
0.36	4	28	1
0.583333333333333	4	28	1
0.478260869565217	4	28	1
0.525	4	28	1
0.294117647058824	4	28	1
0.3125	4	28	1
0.448275862068966	4	28	1
0.407407407407407	4	28	1
0.484848484848485	4	28	1
0.375	4	28	1
0.588235294117647	4	28	1
0.566666666666667	4	28	1
0.416666666666667	4	28	1
0.428571428571429	4	28	1
0.36	4	28	1
0.444444444444444	4	28	1
0.64	4	28	1
0.230769230769231	4	28	1
0.56	4	28	1
0.5625	4	28	1
0.392857142857143	4	28	1
0.384615384615385	4	28	1
0.451612903225806	4	28	1
0.46875	4	28	1
0.5625	4	28	1
0.451612903225806	4	28	1
0.2	4	28	1
0.380952380952381	4	28	1
0.617647058823529	4	28	1
0.392857142857143	4	28	1
0.45	4	28	1
0.5	4	28	1
0.409090909090909	4	28	1
0.9	4	28	1
0.179487179487179	4	28	1
0.548387096774194	4	28	1
0.551724137931034	4	28	1
0.461538461538462	4	28	1
0.4375	4	28	1
0.384615384615385	4	28	1
0.566666666666667	4	28	1
0.379310344827586	4	28	1
0.6	4	28	1
0.5	4	28	1
0.5	4	28	1
0.5	4	28	1
0.5	4	28	1
0.4	4	28	1
0.428571428571429	4	28	1
0.4	4	28	1
0.4	4	28	1
0.666666666666667	4	28	1
0.565217391304348	4	28	1
0.695652173913043	4	28	1
0.434782608695652	4	28	1
0.48	4	28	1
0.612903225806452	4	28	1
0.333333333333333	4	28	1
0.590909090909091	4	28	1
0.444444444444444	4	28	1
0.6	4	28	1
0.517241379310345	4	28	1
0.481481481481481	4	28	1
0.583333333333333	4	28	1
0.555555555555556	4	28	1
0.36	4	28	1
0.5	4	28	1
0.533333333333333	4	28	1
0.258064516129032	4	28	1
0.384615384615385	4	28	1
0.363636363636364	4	28	1
0.375	4	28	1
0.586206896551724	4	28	1
0.375	4	28	1
0.540540540540541	4	28	1
0.241379310344828	4	28	1
0.423076923076923	4	28	1
0.41304347826087	4	28	1
0.230769230769231	4	28	1
0.488372093023256	4	28	1
0.475	4	28	1
0.419354838709677	4	28	1
0.5	4	28	1
0.129032258064516	4	28	1
0.444444444444444	4	28	1
0.411764705882353	4	28	1
0.4	4	28	1
0.464285714285714	4	28	1
0.448275862068966	4	28	1
0.5	4	28	1
0.5	4	28	1
0.555555555555556	4	28	1
0.55	4	28	1
0.193548387096774	4	28	1
0.458333333333333	4	28	1
0.684210526315789	4	28	1
0.625	4	28	1
0.478260869565217	4	28	1
0.6	4	28	1
0.37037037037037	4	28	1
0.444444444444444	4	28	1
0.4	4	28	1
0.516129032258065	4	28	1
0.5625	4	28	1
0.36	4	28	1
0.405405405405405	4	28	1
0.117647058823529	4	28	1
0.466666666666667	4	28	1
0.394736842105263	4	28	1
0.575757575757576	4	28	1
0.484848484848485	4	28	1
0.476190476190476	4	28	1
0.56	4	28	1
0.5	4	28	1
0.485714285714286	4	28	1
0.581395348837209	4	28	1
0.517241379310345	4	28	1
0.583333333333333	4	28	1
0.5	4	28	1
0.518518518518518	4	28	1
0.513513513513513	4	28	1
0.6	4	28	1
0.40625	4	28	1
0.476190476190476	4	28	1
0.424242424242424	4	28	1
0.6	4	28	1
0.567567567567568	4	28	1
0.363636363636364	4	28	1
0.433333333333333	4	28	1
0.529411764705882	4	28	1
0.355555555555556	4	28	1
0.478260869565217	4	28	1
0.482758620689655	4	28	1
0.428571428571429	4	28	1
0.272727272727273	4	28	1
0.576923076923077	4	28	1
0.448275862068966	4	28	1
0.40625	4	28	1
0.523809523809524	4	28	1
0.142857142857143	4	28	1
0.52	4	28	1
0.375	4	28	1
0.15	4	28	1
0.15	4	28	1
0.323529411764706	4	28	1
0.387096774193548	4	28	1
0.391304347826087	4	28	1
0.464285714285714	4	28	1
0.833333333333333	4	28	1
0.444444444444444	4	28	1
0.523809523809524	4	28	1
0.296296296296296	4	28	1
0.523809523809524	4	28	1
0.44	4	28	1
0.529411764705882	4	28	1
0.111111111111111	4	28	1
0.56	4	28	1
0.5	4	28	1
0.388888888888889	4	28	1
0.703703703703704	4	28	1
0.542857142857143	4	28	1
0.484848484848485	4	28	1
0.481481481481481	4	28	1
0.551724137931034	4	28	1
1	4	28	1
0.857142857142857	4	28	1
0.259259259259259	4	28	1
0.346153846153846	4	28	1
0.457142857142857	4	28	1
0.125	4	28	1
0.516129032258065	4	28	1
0.482758620689655	4	28	1
0.470588235294118	4	28	1
0.4	4	28	1
0.392857142857143	4	28	1
0.523809523809524	4	28	1
0.285714285714286	4	28	1
0.464285714285714	4	28	1
0.642857142857143	4	28	1
0.516129032258065	4	28	1
0.5	4	28	1
0.5	4	28	1
0.484848484848485	4	28	1
0.5	4	28	1
0.473684210526316	4	28	1
0.5	4	28	1
0.457142857142857	4	28	1
0.419354838709677	4	28	1
0.564102564102564	4	28	1
0.59375	4	28	1
0.518518518518518	4	28	1
0.172413793103448	4	28	1
0.319148936170213	4	28	1
0.512820512820513	4	28	1
0.481481481481481	4	28	1
0.607142857142857	4	28	1
0.516129032258065	4	28	1
0.689655172413793	4	28	1
0.555555555555556	4	28	1
0.611111111111111	4	28	1
0.516129032258065	4	28	1
0.346153846153846	4	28	1
0.947368421052632	4	28	1
0.538461538461538	4	28	1
0.4375	4	28	1
0.46875	4	28	1
0.48	4	28	1
0.625	4	28	1
0.379310344827586	4	28	1
0.4	4	28	1
0.2	4	28	1
0.529411764705882	4	28	1
0.333333333333333	4	28	1
0.423076923076923	4	28	1
0.486486486486487	4	28	1
0.368421052631579	4	28	1
0.434782608695652	4	28	1
0.424242424242424	4	28	1
0.545454545454545	4	28	1
0.476190476190476	4	28	1
0.458333333333333	4	28	1
0.461538461538462	4	28	1
0.483870967741935	4	28	1
0.318181818181818	4	28	1
0.4375	4	28	1
0.321428571428571	4	28	1
0.514285714285714	4	28	1
0.75	4	28	1
0.419354838709677	4	28	1
0.516129032258065	4	28	1
0.28	4	28	1
0.540540540540541	4	28	1
0.387096774193548	4	28	1
0.459459459459459	4	28	1
0.466666666666667	4	28	1
0.625	4	28	1
0.378378378378378	4	28	1
0.5	4	28	1
0.1875	4	28	1
0.388888888888889	4	28	1
0.391304347826087	4	28	1
0.518518518518518	4	28	1
0.4	4	28	1
0.466666666666667	4	28	1
0.170731707317073	4	28	1
0.346153846153846	4	28	1
0.75	4	28	1
0.25	4	28	1
0.428571428571429	4	28	1
0.487179487179487	4	28	1
0.625	4	28	1
0.225806451612903	4	28	1
0.5	4	28	1
0.428571428571429	4	28	1
0.153846153846154	4	28	1
0.551724137931034	4	28	1
0.486486486486487	4	28	1
0.44	4	28	1
0.5	4	28	1
0.633333333333333	4	28	1
0.346153846153846	4	28	1
0.130434782608696	4	28	1
0.32	4	28	1
0.409090909090909	4	28	1
0.379310344827586	4	28	1
0.375	4	28	1
0.346153846153846	4	28	1
0.428571428571429	4	28	1
0.473684210526316	4	28	1
0.266666666666667	4	28	1
0.535714285714286	4	28	1
0.6	4	28	1
0.53125	4	28	1
0.551724137931034	4	28	1
0.552631578947368	4	28	1
0.483870967741935	4	28	1
0.461538461538462	4	28	1
0.461538461538462	4	28	1
0.55	4	28	1
0.6	4	28	1
0.482758620689655	4	28	1
0.466666666666667	4	28	1
0.272727272727273	4	28	1
0.583333333333333	4	28	1
0.478260869565217	4	28	1
0.481481481481481	4	28	1
0.461538461538462	4	28	1
0.659090909090909	4	28	1
0.166666666666667	4	28	1
0.36	4	28	1
0.6	4	28	1
0.15	4	28	1
0.206896551724138	4	28	1
0.421052631578947	4	28	1
0.545454545454545	4	28	1
0.5	4	28	1
0.684210526315789	4	28	1
0.321428571428571	4	28	1
0.5	4	28	1
0.5	4	28	1
0.46875	4	28	1
0.1875	4	28	1
0.193548387096774	4	28	1
0.2	4	28	1
0.451612903225806	4	28	1
0.375	4	28	1
0.458333333333333	4	28	1
0.464285714285714	4	28	1
0.444444444444444	4	28	1
0.434782608695652	4	28	1
0.625	4	28	1
0.51219512195122	4	28	1
0.347826086956522	4	28	1
0.521739130434783	4	28	1
0.285714285714286	4	28	1
0.189189189189189	4	28	1
0.166666666666667	4	28	1
0.515151515151515	4	28	1
0.620689655172414	4	28	1
0.517241379310345	4	28	1
0.586206896551724	4	28	1
0.444444444444444	4	28	1
0.371428571428571	4	28	1
0.6	4	28	1
0.625	4	28	1
0.55	4	28	1
0.380952380952381	4	28	1
0.6	4	28	1
0.464285714285714	4	28	1
0.5	4	28	1
0.636363636363636	4	28	1
0.346153846153846	4	28	1
0.458333333333333	4	28	1
0.65	4	28	1
0.2	4	28	1
0.193548387096774	4	28	1
0.473684210526316	4	28	1
0.40625	4	28	1
0.142857142857143	4	28	1
0.387096774193548	4	28	1
0.473684210526316	4	28	1
0.351351351351351	4	28	1
0.461538461538462	4	28	1
0.466666666666667	4	28	1
0.62962962962963	4	28	1
0.48	4	28	1
0.448275862068966	4	28	1
0.363636363636364	4	28	1
0.5	4	28	1
0.461538461538462	4	28	1
0.451612903225806	4	28	1
0.5625	4	28	1
0.607142857142857	4	28	1
0.454545454545455	4	28	1
0.461538461538462	4	28	1
0.56	4	28	1
0.4	4	28	1
0.612903225806452	4	28	1
0.615384615384615	4	28	1
0.379310344827586	4	28	1
0.592592592592593	4	28	1
0.5	4	28	1
0.461538461538462	4	28	1
0.382352941176471	4	28	1
0.3	4	28	1
0.5	4	28	1
0.464285714285714	4	28	1
0.548387096774194	4	28	1
0.545454545454545	4	28	1
0.733333333333333	4	28	1
0.333333333333333	4	28	1
0.615384615384615	4	28	1
0.409090909090909	4	28	1
0.225806451612903	4	28	1
0.590909090909091	4	28	1
0.576923076923077	4	28	1
0.538461538461538	4	28	1
0.375	4	28	1
0.416666666666667	4	28	1
0.461538461538462	4	28	1
0.434782608695652	4	28	1
0.583333333333333	4	28	1
0.363636363636364	4	28	1
0.423076923076923	4	28	1
0.56	4	28	1
0.5	4	28	1
0.352941176470588	4	28	1
0.517241379310345	4	28	1
0.37037037037037	4	28	1
0.478260869565217	4	28	1
0.157894736842105	4	28	1
0.533333333333333	4	28	1
0.473684210526316	4	28	1
0.339622641509434	4	28	1
0.375	4	28	1
0.375	4	28	1
0.578947368421053	4	28	1
0.451612903225806	4	28	1
0.357142857142857	4	28	1
0.466666666666667	4	28	1
0.466666666666667	4	28	1
0.64	4	28	1
0.357142857142857	4	28	1
0.611111111111111	4	28	1
0.266666666666667	4	28	1
0.384615384615385	4	28	1
0.409090909090909	4	28	1
0.653846153846154	4	28	1
0.483870967741935	4	28	1
0.428571428571429	4	28	1
0.5	4	28	1
0.476190476190476	4	28	1
0.48	4	28	1
1	4	28	1
0.448275862068966	4	28	1
0.608695652173913	4	28	1
0.285714285714286	4	28	1
0.482758620689655	4	28	1
0.448275862068966	4	28	1
0.37037037037037	4	28	1
0.333333333333333	4	28	1
0.444444444444444	4	28	1
0.535714285714286	4	28	1
0.458333333333333	4	28	1
0.419354838709677	4	28	1
0.21875	4	28	1
0.7	4	28	1
0.633333333333333	4	28	1
0.41025641025641	4	28	1
0.65	4	28	1
0.518518518518518	4	28	1
0.571428571428571	4	28	1
0.523809523809524	4	28	1
0.5625	4	28	1
0.4	4	28	1
0.2	4	28	1
0.472222222222222	4	28	1
0.678571428571429	4	28	1
0.333333333333333	4	28	1
0.5	4	28	1
0.24	4	28	1
0.464285714285714	4	28	1
0.266666666666667	4	28	1
0.434782608695652	4	28	1
0.464285714285714	4	28	1
0.375	4	28	1
0.533333333333333	4	28	1
0.433333333333333	4	28	1
0.451612903225806	4	28	1
0.428571428571429	4	28	1
0.5	4	28	1
0.357142857142857	4	28	1
0.428571428571429	4	28	1
0.523809523809524	4	28	1
0.517241379310345	4	28	1
0.384615384615385	4	28	1
0.4	4	28	1
0.181818181818182	4	28	1
0.481481481481481	4	28	1
0.384615384615385	4	28	1
0.423076923076923	4	28	1
0.571428571428571	4	28	1
0.409090909090909	4	28	1
0.153846153846154	4	28	1
0.59375	4	28	1
0.32	4	28	1
0.533333333333333	4	28	1
0.642857142857143	4	28	1
0.55	4	28	1
0.393939393939394	4	28	1
0.547619047619048	4	28	1
0.590909090909091	4	28	1
0.421052631578947	4	28	1
0.392857142857143	4	28	1
0.526315789473684	4	28	1
0.555555555555556	4	28	1
0.56	4	28	1
