VAF	CN	avg.depth	purity
0.25	1	18	0.95
0.157894736842105	1	18	0.95
0.157894736842105	1	18	0.95
1	1	18	0.95
1	1	18	0.95
0.136363636363636	1	18	0.95
0.888888888888889	1	18	0.95
0.894736842105263	1	18	0.95
0.142857142857143	2	31	0.95
0.413793103448276	2	31	0.95
0.529411764705882	2	31	0.95
0.131578947368421	2	31	0.95
0.5	2	31	0.95
0.315789473684211	2	31	0.95
0.458333333333333	2	31	0.95
0.388888888888889	2	31	0.95
0.625	2	31	0.95
0.473684210526316	2	31	0.95
0.5	2	31	0.95
0.4	2	31	0.95
0.0967741935483871	2	31	0.95
0.382352941176471	2	31	0.95
0.294117647058824	2	31	0.95
0.464285714285714	2	31	0.95
0.428571428571429	2	31	0.95
0.555555555555556	2	31	0.95
0.111111111111111	2	31	0.95
0.108108108108108	2	31	0.95
0.272727272727273	2	31	0.95
0.32	2	31	0.95
0.482758620689655	2	31	0.95
0.357142857142857	2	31	0.95
0.119047619047619	2	31	0.95
0.470588235294118	2	31	0.95
0.483870967741935	2	31	0.95
0.652173913043478	2	31	0.95
0.428571428571429	2	31	0.95
0.461538461538462	2	31	0.95
0.46875	2	31	0.95
0.4	2	31	0.95
0.357142857142857	2	31	0.95
0.379310344827586	2	31	0.95
0.46875	2	31	0.95
0.342857142857143	2	31	0.95
0.833333333333333	2	31	0.95
0.314285714285714	2	31	0.95
0.0967741935483871	2	31	0.95
0.461538461538462	2	31	0.95
0.441176470588235	2	31	0.95
0.5	2	31	0.95
0.30952380952381	2	31	0.95
0.566666666666667	2	31	0.95
0.685714285714286	2	31	0.95
0.558823529411765	2	31	0.95
0.470588235294118	2	31	0.95
0.527777777777778	2	31	0.95
0.583333333333333	2	31	0.95
0.441860465116279	2	31	0.95
0.432432432432432	2	31	0.95
0.354838709677419	2	31	0.95
0.45	2	31	0.95
0.388888888888889	2	31	0.95
0.111111111111111	2	31	0.95
0.171428571428571	2	31	0.95
0.488372093023256	2	31	0.95
0.483870967741935	2	31	0.95
0.378378378378378	2	31	0.95
0.136363636363636	2	31	0.95
0.696969696969697	2	31	0.95
0.37037037037037	2	31	0.95
0.447368421052632	2	31	0.95
0.56	2	31	0.95
0.617647058823529	2	31	0.95
0.216216216216216	2	31	0.95
0.105263157894737	2	31	0.95
0.5	2	31	0.95
0.434782608695652	2	31	0.95
0.194444444444444	2	31	0.95
0.45	2	31	0.95
0.458333333333333	2	31	0.95
0.357142857142857	2	31	0.95
0.5	2	31	0.95
0.133333333333333	2	31	0.95
0.129032258064516	2	31	0.95
0.375	2	31	0.95
0.342105263157895	2	31	0.95
0.461538461538462	2	31	0.95
0.666666666666667	2	31	0.95
0.392857142857143	2	31	0.95
0.514285714285714	2	31	0.95
0.666666666666667	2	31	0.95
0.428571428571429	2	31	0.95
0.146341463414634	2	31	0.95
0.225	2	31	0.95
0.521739130434783	2	31	0.95
0.486486486486487	2	31	0.95
0.5	2	31	0.95
0.368421052631579	2	31	0.95
0.428571428571429	2	31	0.95
0.583333333333333	2	31	0.95
0.529411764705882	2	31	0.95
0.4	2	31	0.95
0.269230769230769	2	31	0.95
0.407407407407407	2	31	0.95
0.393939393939394	2	31	0.95
0.585365853658537	2	31	0.95
0.535714285714286	2	31	0.95
0.464285714285714	2	31	0.95
0.45	2	31	0.95
0.375	2	31	0.95
0.571428571428571	2	31	0.95
0.413793103448276	2	31	0.95
0.461538461538462	2	31	0.95
0.419354838709677	2	31	0.95
0.162162162162162	2	31	0.95
0.535714285714286	2	31	0.95
0.393939393939394	2	31	0.95
0.32	2	31	0.95
0.527777777777778	2	31	0.95
0.142857142857143	2	31	0.95
0.391304347826087	2	31	0.95
0.678571428571429	2	31	0.95
0.285714285714286	2	31	0.95
0.571428571428571	2	31	0.95
0.540540540540541	2	31	0.95
0.32258064516129	2	31	0.95
0.782608695652174	2	31	0.95
0.521739130434783	2	31	0.95
0.351351351351351	2	31	0.95
0.368421052631579	2	31	0.95
0.129032258064516	2	31	0.95
0.53125	2	31	0.95
0.555555555555556	2	31	0.95
0.513513513513513	2	31	0.95
0.382352941176471	2	31	0.95
0.52	2	31	0.95
0.459459459459459	2	31	0.95
0.6	2	31	0.95
0.347826086956522	2	31	0.95
0.481481481481481	2	31	0.95
0.125	2	31	0.95
0.333333333333333	2	31	0.95
0.515151515151515	2	31	0.95
0.48780487804878	2	31	0.95
0.48780487804878	2	31	0.95
0.708333333333333	2	31	0.95
0.5	2	31	0.95
0.464285714285714	2	31	0.95
0.4375	2	31	0.95
0.314285714285714	2	31	0.95
0.5	2	31	0.95
0.162790697674419	2	31	0.95
0.181818181818182	2	31	0.95
0.6	2	31	0.95
0.529411764705882	2	31	0.95
0.40625	2	31	0.95
0.615384615384615	2	31	0.95
0.583333333333333	2	31	0.95
0.428571428571429	2	31	0.95
0.384615384615385	2	31	0.95
0.454545454545455	2	31	0.95
0.466666666666667	2	31	0.95
0.148936170212766	2	31	0.95
0.444444444444444	2	31	0.95
0.392857142857143	2	31	0.95
0.275	2	31	0.95
0.441860465116279	2	31	0.95
0.423076923076923	2	31	0.95
0.642857142857143	2	31	0.95
0.608695652173913	2	31	0.95
0.125	2	31	0.95
0.361111111111111	2	31	0.95
0.25	2	31	0.95
0.525	2	31	0.95
0.228571428571429	2	31	0.95
0.53125	2	31	0.95
0.4	2	31	0.95
0.512820512820513	2	31	0.95
0.476190476190476	2	31	0.95
0.483870967741935	2	31	0.95
0.428571428571429	2	31	0.95
0.418604651162791	2	31	0.95
0.5	2	31	0.95
0.297297297297297	2	31	0.95
0.473684210526316	2	31	0.95
0.212121212121212	2	31	0.95
0.457142857142857	2	31	0.95
0.184210526315789	2	31	0.95
0.59375	2	31	0.95
0.433333333333333	2	31	0.95
0.105263157894737	2	31	0.95
0.342105263157895	2	31	0.95
0.290322580645161	2	31	0.95
0.476190476190476	2	31	0.95
0.114285714285714	2	31	0.95
0.578947368421053	2	31	0.95
0.387096774193548	2	31	0.95
0.147058823529412	2	31	0.95
0.655172413793103	2	31	0.95
0.5	2	31	0.95
0.411764705882353	2	31	0.95
0.461538461538462	2	31	0.95
0.142857142857143	2	31	0.95
0.130434782608696	2	31	0.95
0.348837209302326	2	31	0.95
0.5	2	31	0.95
0.487179487179487	2	31	0.95
0.153846153846154	2	31	0.95
0.392857142857143	2	31	0.95
0.290322580645161	2	31	0.95
0.419354838709677	2	31	0.95
0.5	2	31	0.95
0.333333333333333	2	31	0.95
0.566666666666667	2	31	0.95
0.488888888888889	2	31	0.95
0.583333333333333	2	31	0.95
0.4	2	31	0.95
0.486486486486487	2	31	0.95
0.548387096774194	2	31	0.95
0.348837209302326	2	31	0.95
0.333333333333333	2	31	0.95
0.352941176470588	2	31	0.95
0.444444444444444	2	31	0.95
0.125	2	31	0.95
0.514285714285714	2	31	0.95
0.533333333333333	2	31	0.95
0.157894736842105	2	31	0.95
0.157894736842105	2	31	0.95
0.147058823529412	2	31	0.95
0.486486486486487	2	31	0.95
0.416666666666667	2	31	0.95
0.641025641025641	2	31	0.95
0.121212121212121	2	31	0.95
0.464285714285714	2	31	0.95
0.387096774193548	2	31	0.95
0.394736842105263	2	31	0.95
0.37037037037037	2	31	0.95
0.424242424242424	2	31	0.95
0.540540540540541	2	31	0.95
0.542857142857143	2	31	0.95
0.333333333333333	2	31	0.95
0.666666666666667	2	31	0.95
0.5	2	31	0.95
0.525	2	31	0.95
0.375	2	31	0.95
0.4	2	31	0.95
0.227272727272727	2	31	0.95
0.5	2	31	0.95
0.516129032258065	2	31	0.95
0.4	2	31	0.95
0.527777777777778	2	31	0.95
0.107142857142857	2	31	0.95
0.210526315789474	2	31	0.95
0.375	2	31	0.95
0.258064516129032	2	31	0.95
0.478260869565217	2	31	0.95
0.5	2	31	0.95
0.342857142857143	2	31	0.95
0.366666666666667	2	31	0.95
0.555555555555556	2	31	0.95
0.592592592592593	2	31	0.95
0.51219512195122	2	31	0.95
0.3125	2	31	0.95
0.5	2	31	0.95
0.454545454545455	2	31	0.95
0.3125	2	31	0.95
0.357142857142857	2	31	0.95
0.424242424242424	2	31	0.95
0.321428571428571	2	31	0.95
0.375	2	31	0.95
0.434782608695652	2	31	0.95
0.0882352941176471	2	31	0.95
0.482758620689655	2	31	0.95
0.4	2	31	0.95
0.146341463414634	2	31	0.95
0.386363636363636	2	31	0.95
0.444444444444444	2	31	0.95
0.44	2	31	0.95
0.542857142857143	2	31	0.95
0.533333333333333	2	31	0.95
0.166666666666667	2	31	0.95
0.428571428571429	2	31	0.95
0.15	2	31	0.95
0.615384615384615	2	31	0.95
0.5	2	31	0.95
0.464285714285714	2	31	0.95
0.540540540540541	2	31	0.95
0.230769230769231	2	31	0.95
0.666666666666667	2	31	0.95
0.6	2	31	0.95
0.28125	2	31	0.95
0.111111111111111	2	31	0.95
0.382352941176471	2	31	0.95
0.391304347826087	2	31	0.95
0.428571428571429	2	31	0.95
0.4	2	31	0.95
0.485714285714286	2	31	0.95
0.45	2	31	0.95
0.162162162162162	2	31	0.95
0.46875	2	31	0.95
0.636363636363636	2	31	0.95
0.371428571428571	2	31	0.95
0.473684210526316	2	31	0.95
0.275862068965517	2	31	0.95
0.444444444444444	2	31	0.95
0.380952380952381	2	31	0.95
0.439024390243902	2	31	0.95
0.478260869565217	2	31	0.95
0.5	2	31	0.95
0.458333333333333	2	31	0.95
0.516129032258065	2	31	0.95
0.428571428571429	2	31	0.95
0.428571428571429	2	31	0.95
0.588235294117647	2	31	0.95
0.375	2	31	0.95
0.363636363636364	2	31	0.95
0.551724137931034	2	31	0.95
0.652173913043478	2	31	0.95
0.166666666666667	2	31	0.95
0.129032258064516	2	31	0.95
0.342857142857143	2	31	0.95
0.477272727272727	2	31	0.95
0.393939393939394	2	31	0.95
0.176470588235294	2	31	0.95
0.441176470588235	2	31	0.95
0.421052631578947	2	31	0.95
0.567567567567568	2	31	0.95
0.275862068965517	2	31	0.95
0.379310344827586	2	31	0.95
0.447368421052632	2	31	0.95
0.428571428571429	2	31	0.95
0.32	2	31	0.95
0.555555555555556	2	31	0.95
0.36	2	31	0.95
0.394736842105263	2	31	0.95
0.122448979591837	2	31	0.95
0.533333333333333	2	31	0.95
0.344827586206897	2	31	0.95
0.413793103448276	2	31	0.95
0.176470588235294	2	31	0.95
0.574468085106383	2	31	0.95
0.387096774193548	2	31	0.95
0.548387096774194	2	31	0.95
0.441176470588235	2	31	0.95
0.571428571428571	2	31	0.95
0.5	2	31	0.95
0.520833333333333	2	31	0.95
0.393939393939394	2	31	0.95
0.433333333333333	2	31	0.95
0.241379310344828	2	31	0.95
0.444444444444444	2	31	0.95
0.5	2	31	0.95
0.142857142857143	2	31	0.95
0.108108108108108	2	31	0.95
0.451612903225806	2	31	0.95
0.46875	2	31	0.95
0.514285714285714	2	31	0.95
0.117647058823529	2	31	0.95
0.44	2	31	0.95
0.4	2	31	0.95
0.555555555555556	2	31	0.95
0.387096774193548	2	31	0.95
0.5	2	31	0.95
0.384615384615385	2	31	0.95
0.375	2	31	0.95
0.375	2	31	0.95
0.40625	2	31	0.95
0.259259259259259	2	31	0.95
0.129032258064516	2	31	0.95
0.382352941176471	2	31	0.95
0.138888888888889	2	31	0.95
0.5	2	31	0.95
0.416666666666667	2	31	0.95
0.4	2	31	0.95
0.428571428571429	2	31	0.95
0.366666666666667	2	31	0.95
0.3125	2	31	0.95
0.529411764705882	2	31	0.95
0.488372093023256	2	31	0.95
0.181818181818182	2	31	0.95
0.456521739130435	2	31	0.95
0.571428571428571	2	31	0.95
0.105263157894737	2	31	0.95
0.09375	2	31	0.95
0.348837209302326	2	31	0.95
0.333333333333333	2	31	0.95
0.137931034482759	2	31	0.95
0.513513513513513	2	31	0.95
0.363636363636364	2	31	0.95
0.526315789473684	2	31	0.95
0.382352941176471	2	31	0.95
0.416666666666667	2	31	0.95
0.428571428571429	2	31	0.95
0.318181818181818	2	31	0.95
0.461538461538462	2	31	0.95
0.375	2	31	0.95
0.46875	2	31	0.95
0.192307692307692	2	31	0.95
0.4	2	31	0.95
0.571428571428571	2	31	0.95
0.34375	2	31	0.95
0.525	2	31	0.95
0.222222222222222	2	31	0.95
0.428571428571429	2	31	0.95
0.611111111111111	2	31	0.95
0.5	2	31	0.95
0.481481481481481	2	31	0.95
0.344827586206897	2	31	0.95
0.48	2	31	0.95
0.433333333333333	2	31	0.95
0.636363636363636	2	31	0.95
0.135135135135135	2	31	0.95
0.354838709677419	2	31	0.95
0.177777777777778	2	31	0.95
0.482758620689655	2	31	0.95
0.4375	2	31	0.95
0.40625	2	31	0.95
0.5625	2	31	0.95
0.264705882352941	2	31	0.95
0.382352941176471	2	31	0.95
0.523809523809524	2	31	0.95
0.457142857142857	2	31	0.95
0.296296296296296	2	31	0.95
0.46875	2	31	0.95
0.171428571428571	2	31	0.95
0.432432432432432	2	31	0.95
0.529411764705882	2	31	0.95
0.1875	2	31	0.95
0.517241379310345	2	31	0.95
0.517241379310345	2	31	0.95
0.214285714285714	2	31	0.95
0.372549019607843	2	31	0.95
0.647058823529412	2	31	0.95
0.481481481481481	2	31	0.95
0.4375	2	31	0.95
0.428571428571429	2	31	0.95
0.448275862068966	2	31	0.95
0.48	2	31	0.95
0.269230769230769	2	31	0.95
0.571428571428571	2	31	0.95
0.117647058823529	2	31	0.95
0.444444444444444	2	31	0.95
0.444444444444444	2	31	0.95
0.393939393939394	2	31	0.95
0.53125	2	31	0.95
0.166666666666667	2	31	0.95
0.407407407407407	2	31	0.95
0.4	2	31	0.95
0.365853658536585	2	31	0.95
0.0967741935483871	2	31	0.95
0.1	2	31	0.95
0.515151515151515	2	31	0.95
0.56	2	31	0.95
0.379310344827586	2	31	0.95
0.433333333333333	2	31	0.95
0.315789473684211	2	31	0.95
0.478260869565217	2	31	0.95
0.15625	2	31	0.95
0.5	2	31	0.95
0.588235294117647	2	31	0.95
0.571428571428571	2	31	0.95
0.461538461538462	2	31	0.95
0.5	2	31	0.95
0.5	2	31	0.95
0.517241379310345	2	31	0.95
0.384615384615385	2	31	0.95
0.344827586206897	2	31	0.95
0.375	2	31	0.95
0.432432432432432	2	31	0.95
0.583333333333333	2	31	0.95
0.428571428571429	2	31	0.95
0.142857142857143	2	31	0.95
0.483870967741935	2	31	0.95
0.4	2	31	0.95
0.517241379310345	2	31	0.95
0.285714285714286	2	31	0.95
0.461538461538462	2	31	0.95
0.263157894736842	2	31	0.95
0.522727272727273	2	31	0.95
0.142857142857143	2	31	0.95
0.1	2	31	0.95
0.423076923076923	2	31	0.95
0.540540540540541	2	31	0.95
0.366666666666667	2	31	0.95
0.428571428571429	2	31	0.95
0.333333333333333	2	31	0.95
0.457142857142857	2	31	0.95
0.172413793103448	2	31	0.95
0.354838709677419	2	31	0.95
0.405405405405405	2	31	0.95
0.392857142857143	2	31	0.95
0.421052631578947	2	31	0.95
0.3	2	31	0.95
0.52	2	31	0.95
0.464285714285714	2	31	0.95
0.181818181818182	2	31	0.95
0.09375	2	31	0.95
0.365853658536585	2	31	0.95
0.3125	2	31	0.95
0.416666666666667	2	31	0.95
0.32	2	31	0.95
0.457142857142857	2	31	0.95
0.2	2	31	0.95
0.653846153846154	2	31	0.95
0.5	2	31	0.95
0.594594594594595	2	31	0.95
0.46875	2	31	0.95
0.423076923076923	2	31	0.95
0.515151515151515	2	31	0.95
0.466666666666667	2	31	0.95
0.481481481481481	2	31	0.95
0.615384615384615	2	31	0.95
0.466666666666667	2	31	0.95
0.411764705882353	2	31	0.95
0.387096774193548	2	31	0.95
0.434782608695652	2	31	0.95
0.114754098360656	2	31	0.95
0.425	2	31	0.95
0.131578947368421	2	31	0.95
0.230769230769231	2	31	0.95
0.214285714285714	2	31	0.95
0.378378378378378	2	31	0.95
0.571428571428571	2	31	0.95
0.384615384615385	2	31	0.95
0.612903225806452	2	31	0.95
0.25	2	31	0.95
0.451612903225806	2	31	0.95
0.366666666666667	2	31	0.95
0.555555555555556	2	31	0.95
0.375	2	31	0.95
0.157894736842105	2	31	0.95
0.142857142857143	2	31	0.95
0.375	2	31	0.95
0.645161290322581	2	31	0.95
0.625	2	31	0.95
0.393939393939394	2	31	0.95
0.428571428571429	2	31	0.95
0.454545454545455	2	31	0.95
0.444444444444444	2	31	0.95
0.454545454545455	2	31	0.95
0.1875	2	31	0.95
0.411764705882353	2	31	0.95
0.65	2	31	0.95
0.483870967741935	2	31	0.95
0.323529411764706	2	31	0.95
0.368421052631579	2	31	0.95
0.421052631578947	2	31	0.95
0.5	2	31	0.95
0.169811320754717	2	31	0.95
0.169811320754717	2	31	0.95
0.173076923076923	2	31	0.95
0.407407407407407	2	31	0.95
0.486486486486487	2	31	0.95
0.142857142857143	2	31	0.95
0.4	2	31	0.95
0.527777777777778	2	31	0.95
0.393939393939394	2	31	0.95
0.3	2	31	0.95
0.529411764705882	2	31	0.95
0.461538461538462	2	31	0.95
0.391304347826087	2	31	0.95
0.617647058823529	2	31	0.95
0.487179487179487	2	31	0.95
0.424242424242424	2	31	0.95
0.451612903225806	2	31	0.95
0.407407407407407	2	31	0.95
0.37037037037037	2	31	0.95
0.526315789473684	2	31	0.95
0.694444444444444	2	31	0.95
0.36	2	31	0.95
0.5	2	31	0.95
0.137931034482759	2	31	0.95
0.37037037037037	2	31	0.95
0.454545454545455	2	31	0.95
0.428571428571429	2	31	0.95
0.620689655172414	2	31	0.95
0.555555555555556	2	31	0.95
0.428571428571429	2	31	0.95
0.459459459459459	2	31	0.95
0.666666666666667	2	31	0.95
0.447368421052632	2	31	0.95
0.566666666666667	2	31	0.95
0.382352941176471	2	31	0.95
0.516129032258065	2	31	0.95
0.461538461538462	2	31	0.95
0.133333333333333	2	31	0.95
0.636363636363636	2	31	0.95
0.615384615384615	2	31	0.95
0.46875	2	31	0.95
0.130434782608696	2	31	0.95
0.125	2	31	0.95
0.217391304347826	2	31	0.95
0.513513513513513	2	31	0.95
0.44	2	31	0.95
0.484848484848485	2	31	0.95
0.135135135135135	2	31	0.95
0.48780487804878	2	31	0.95
0.384615384615385	2	31	0.95
0.125	2	31	0.95
0.475	2	31	0.95
0.571428571428571	2	31	0.95
0.53125	2	31	0.95
0.347826086956522	2	31	0.95
0.35	2	31	0.95
0.4375	2	31	0.95
0.5	2	31	0.95
0.464285714285714	2	31	0.95
0.09375	2	31	0.95
0.5	2	31	0.95
0.583333333333333	2	31	0.95
0.48780487804878	2	31	0.95
0.121951219512195	2	31	0.95
0.0952380952380952	2	31	0.95
0.107142857142857	2	31	0.95
0.472222222222222	2	31	0.95
0.483870967741935	2	31	0.95
0.5625	2	31	0.95
0.423076923076923	2	31	0.95
0.518518518518518	2	31	0.95
0.407407407407407	2	31	0.95
0.230769230769231	2	31	0.95
0.137931034482759	2	31	0.95
0.321428571428571	2	31	0.95
0.458333333333333	2	31	0.95
0.285714285714286	2	31	0.95
0.52	2	31	0.95
0.487179487179487	2	31	0.95
0.59375	2	31	0.95
0.461538461538462	2	31	0.95
0.464285714285714	2	31	0.95
0.451612903225806	2	31	0.95
0.428571428571429	2	31	0.95
0.540540540540541	2	31	0.95
0.388888888888889	2	31	0.95
0.466666666666667	2	31	0.95
0.107142857142857	2	31	0.95
0.121212121212121	2	31	0.95
0.575	2	31	0.95
0.352941176470588	2	31	0.95
0.416666666666667	2	31	0.95
0.571428571428571	2	31	0.95
0.457142857142857	2	31	0.95
0.475	2	31	0.95
0.127659574468085	2	31	0.95
0.103448275862069	2	31	0.95
0.125	2	31	0.95
0.4	2	31	0.95
0.382352941176471	2	31	0.95
0.24	2	31	0.95
0.428571428571429	2	31	0.95
0.444444444444444	2	31	0.95
0.473684210526316	2	31	0.95
0.533333333333333	2	31	0.95
0.395348837209302	2	31	0.95
0.46875	2	31	0.95
0.482758620689655	2	31	0.95
0.296296296296296	2	31	0.95
0.32258064516129	2	31	0.95
0.2	2	31	0.95
0.387755102040816	2	31	0.95
0.411764705882353	2	31	0.95
0.405405405405405	2	31	0.95
0.428571428571429	2	31	0.95
0.464285714285714	2	31	0.95
0.175	2	31	0.95
0.258064516129032	2	31	0.95
0.310344827586207	2	31	0.95
0.538461538461538	2	31	0.95
0.451612903225806	2	31	0.95
0.583333333333333	2	31	0.95
0.566666666666667	2	31	0.95
0.5	2	31	0.95
0.542857142857143	2	31	0.95
0.181818181818182	2	31	0.95
0.454545454545455	2	31	0.95
0.555555555555556	2	31	0.95
0.5	2	31	0.95
0.387096774193548	2	31	0.95
0.291666666666667	2	31	0.95
0.459459459459459	2	31	0.95
0.315789473684211	2	31	0.95
0.153846153846154	2	31	0.95
0.1875	2	31	0.95
0.179487179487179	2	31	0.95
0.357142857142857	2	31	0.95
0.514285714285714	2	31	0.95
0.58974358974359	2	31	0.95
0.111111111111111	2	31	0.95
0.487179487179487	2	31	0.95
0.155555555555556	2	31	0.95
0.134615384615385	2	31	0.95
0.258064516129032	2	31	0.95
0.45	2	31	0.95
0.5	2	31	0.95
0.615384615384615	2	31	0.95
0.458333333333333	2	31	0.95
0.258064516129032	2	31	0.95
0.315789473684211	2	31	0.95
0.333333333333333	2	31	0.95
0.34375	2	31	0.95
0.551724137931034	2	31	0.95
0.277777777777778	2	31	0.95
0.157894736842105	2	31	0.95
0.459459459459459	2	31	0.95
0.151515151515152	2	31	0.95
0.303030303030303	2	31	0.95
0.113636363636364	2	31	0.95
0.444444444444444	2	31	0.95
0.333333333333333	2	31	0.95
0.25	2	31	0.95
0.321428571428571	2	31	0.95
0.515151515151515	2	31	0.95
0.416666666666667	2	31	0.95
0.447368421052632	2	31	0.95
0.441176470588235	2	31	0.95
0.536585365853659	2	31	0.95
0.466666666666667	2	31	0.95
0.5	2	31	0.95
0.541666666666667	2	31	0.95
0.421052631578947	2	31	0.95
0.513513513513513	2	31	0.95
0.272727272727273	2	31	0.95
0.535714285714286	2	31	0.95
0.458333333333333	2	31	0.95
0.15625	2	31	0.95
0.466666666666667	2	31	0.95
0.258064516129032	2	31	0.95
0.444444444444444	2	31	0.95
0.473684210526316	2	31	0.95
0.15	2	31	0.95
0.4	2	31	0.95
0.5	2	31	0.95
0.4	2	31	0.95
0.483870967741935	2	31	0.95
0.48	2	31	0.95
0.516129032258065	2	31	0.95
0.36	2	31	0.95
0.576923076923077	2	31	0.95
0.235294117647059	2	31	0.95
0.586206896551724	2	31	0.95
0.2	2	31	0.95
0.260869565217391	2	31	0.95
0.5	2	31	0.95
0.583333333333333	2	31	0.95
0.131578947368421	2	31	0.95
0.583333333333333	2	31	0.95
0.517241379310345	2	31	0.95
0.125	2	31	0.95
0.41304347826087	2	31	0.95
0.666666666666667	2	31	0.95
0.517241379310345	2	31	0.95
0.6	2	31	0.95
0.454545454545455	2	31	0.95
0.393939393939394	2	31	0.95
0.5	2	31	0.95
0.45	2	31	0.95
0.342105263157895	2	31	0.95
0.548387096774194	2	31	0.95
0.28	2	31	0.95
0.5	2	31	0.95
0.354838709677419	2	31	0.95
0.558823529411765	2	31	0.95
0.136363636363636	2	31	0.95
0.310344827586207	2	31	0.95
0.580645161290323	2	31	0.95
0.2	2	31	0.95
0.333333333333333	2	31	0.95
0.142857142857143	2	31	0.95
0.371428571428571	2	31	0.95
0.136363636363636	2	31	0.95
0.551724137931034	2	31	0.95
0.4375	2	31	0.95
0.351351351351351	2	31	0.95
0.590909090909091	2	31	0.95
0.227272727272727	2	31	0.95
0.304347826086957	2	31	0.95
0.104166666666667	2	31	0.95
0.113636363636364	2	31	0.95
0.433333333333333	2	31	0.95
0.466666666666667	2	31	0.95
0.4	2	31	0.95
0.24	2	31	0.95
0.6	2	31	0.95
0.133333333333333	2	31	0.95
0.157142857142857	2	31	0.95
0.285714285714286	2	31	0.95
0.6	2	31	0.95
0.483870967741935	2	31	0.95
0.242424242424242	2	31	0.95
0.392857142857143	2	31	0.95
0.521739130434783	2	31	0.95
0.225	2	31	0.95
0.291666666666667	2	31	0.95
0.393939393939394	2	31	0.95
0.722222222222222	2	31	0.95
0.46875	2	31	0.95
0.2	2	31	0.95
0.352941176470588	2	31	0.95
0.357142857142857	2	31	0.95
0.34375	2	31	0.95
0.435897435897436	2	31	0.95
0.428571428571429	2	31	0.95
0.09375	2	31	0.95
0.4	2	31	0.95
0.5	2	31	0.95
0.428571428571429	2	31	0.95
0.358974358974359	2	31	0.95
0.5	2	31	0.95
0.441176470588235	2	31	0.95
0.166666666666667	2	31	0.95
0.457142857142857	2	31	0.95
0.384615384615385	2	31	0.95
0.470588235294118	2	31	0.95
0.518518518518518	2	31	0.95
0.2	2	31	0.95
0.481481481481481	2	31	0.95
0.48	2	31	0.95
0.409090909090909	2	31	0.95
0.214285714285714	2	31	0.95
0.514285714285714	2	31	0.95
0.171428571428571	2	31	0.95
0.294117647058824	2	31	0.95
0.166666666666667	2	31	0.95
0.379310344827586	2	31	0.95
0.45	2	31	0.95
0.238095238095238	2	31	0.95
0.642857142857143	2	31	0.95
0.162162162162162	2	31	0.95
0.586206896551724	2	31	0.95
0.486486486486487	2	31	0.95
0.451612903225806	2	31	0.95
0.571428571428571	2	31	0.95
0.454545454545455	2	31	0.95
0.558823529411765	2	31	0.95
0.5	2	31	0.95
0.269230769230769	2	31	0.95
0.466666666666667	2	31	0.95
0.527777777777778	2	31	0.95
0.340909090909091	2	31	0.95
0.185185185185185	2	31	0.95
0.333333333333333	2	31	0.95
0.416666666666667	2	31	0.95
0.333333333333333	2	31	0.95
0.533333333333333	2	31	0.95
0.523809523809524	2	31	0.95
0.333333333333333	2	31	0.95
0.129032258064516	2	31	0.95
0.125	2	31	0.95
0.153846153846154	2	31	0.95
0.470588235294118	2	31	0.95
0.285714285714286	2	31	0.95
0.354838709677419	2	31	0.95
0.272727272727273	2	31	0.95
0.615384615384615	2	31	0.95
0.333333333333333	2	31	0.95
0.241379310344828	2	31	0.95
0.375	2	31	0.95
0.277777777777778	2	31	0.95
0.193548387096774	2	31	0.95
0.470588235294118	2	31	0.95
0.45	2	31	0.95
0.454545454545455	2	31	0.95
0.25	2	31	0.95
0.606060606060606	2	31	0.95
0.555555555555556	2	31	0.95
0.130434782608696	2	31	0.95
0.354838709677419	2	31	0.95
0.714285714285714	3	42	0.95
0.290322580645161	3	42	0.95
0.613636363636364	3	42	0.95
0.155555555555556	3	42	0.95
0.127659574468085	3	42	0.95
0.290322580645161	3	42	0.95
0.137931034482759	3	42	0.95
0.2	3	42	0.95
0.314814814814815	3	42	0.95
0.323529411764706	3	42	0.95
0.263157894736842	3	42	0.95
0.372881355932203	3	42	0.95
0.519230769230769	3	42	0.95
0.521739130434783	3	42	0.95
0.372093023255814	3	42	0.95
0.659574468085106	3	42	0.95
0.348837209302326	3	42	0.95
0.153846153846154	3	42	0.95
0.307692307692308	3	42	0.95
0.711111111111111	3	42	0.95
0.450980392156863	3	42	0.95
0.291666666666667	3	42	0.95
0.274509803921569	3	42	0.95
0.390243902439024	3	42	0.95
0.285714285714286	3	42	0.95
0.12280701754386	3	42	0.95
0.729166666666667	3	42	0.95
0.304347826086957	3	42	0.95
0.106382978723404	3	42	0.95
0.191489361702128	3	42	0.95
0.260869565217391	3	42	0.95
0.674418604651163	3	42	0.95
0.659574468085106	3	42	0.95
0.225	3	42	0.95
0.32	3	42	0.95
0.0892857142857143	3	42	0.95
0.32258064516129	3	42	0.95
0.346938775510204	3	42	0.95
0.714285714285714	3	42	0.95
0.245614035087719	3	42	0.95
0.217391304347826	3	42	0.95
0.102040816326531	3	42	0.95
0.302325581395349	3	42	0.95
0.142857142857143	3	42	0.95
0.176470588235294	3	42	0.95
0.325	3	42	0.95
0.382352941176471	3	42	0.95
0.733333333333333	3	42	0.95
0.591836734693878	3	42	0.95
0.184210526315789	3	42	0.95
0.207547169811321	3	42	0.95
0.678571428571429	3	42	0.95
0.741935483870968	3	42	0.95
0.341463414634146	3	42	0.95
0.761904761904762	3	42	0.95
0.4375	3	42	0.95
0.186046511627907	3	42	0.95
0.428571428571429	3	42	0.95
0.384615384615385	3	42	0.95
0.222222222222222	3	42	0.95
0.288888888888889	3	42	0.95
0.3125	3	42	0.95
0.739130434782609	3	42	0.95
0.595744680851064	3	42	0.95
0.319148936170213	3	42	0.95
0.327586206896552	3	42	0.95
0.255813953488372	3	42	0.95
0.413793103448276	3	42	0.95
0.193548387096774	3	42	0.95
0.303571428571429	3	42	0.95
0.12	3	42	0.95
0.733333333333333	3	42	0.95
0.674418604651163	3	42	0.95
0.1875	3	42	0.95
0.63265306122449	3	42	0.95
0.288888888888889	3	42	0.95
0.565217391304348	3	42	0.95
0.205882352941176	3	42	0.95
0.225	3	42	0.95
0.210526315789474	3	42	0.95
0.230769230769231	3	42	0.95
0.292682926829268	3	42	0.95
0.259259259259259	3	42	0.95
0.239130434782609	3	42	0.95
0.210526315789474	3	42	0.95
0.214285714285714	3	42	0.95
0.208333333333333	3	42	0.95
0.475	3	42	0.95
0.58	3	42	0.95
0.241379310344828	3	42	0.95
0.638888888888889	3	42	0.95
0.666666666666667	3	42	0.95
0.305084745762712	3	42	0.95
0.271186440677966	3	42	0.95
0.301587301587302	3	42	0.95
0.421052631578947	3	42	0.95
0.638888888888889	3	42	0.95
0.523809523809524	3	42	0.95
0.302325581395349	3	42	0.95
0.25	3	42	0.95
0.25	3	42	0.95
0.263157894736842	3	42	0.95
0.263157894736842	3	42	0.95
0.277777777777778	3	42	0.95
0.291666666666667	3	42	0.95
0.0967741935483871	3	42	0.95
0.1	3	42	0.95
0.103448275862069	3	42	0.95
0.103448275862069	3	42	0.95
0.333333333333333	3	42	0.95
0.354166666666667	3	42	0.95
0.666666666666667	3	42	0.95
0.6	3	42	0.95
0.375	3	42	0.95
0.270833333333333	3	42	0.95
0.74468085106383	3	42	0.95
0.0806451612903226	3	42	0.95
0.375	3	42	0.95
0.367647058823529	3	42	0.95
0.757575757575758	3	42	0.95
0.64	3	42	0.95
0.25	3	42	0.95
0.105263157894737	3	42	0.95
0.347826086956522	3	42	0.95
0.695652173913043	3	42	0.95
0.102941176470588	3	42	0.95
0.371428571428571	3	42	0.95
0.327868852459016	3	42	0.95
0.372093023255814	3	42	0.95
0.294117647058824	3	42	0.95
0.583333333333333	3	42	0.95
0.583333333333333	3	42	0.95
0.538461538461538	3	42	0.95
0.521739130434783	3	42	0.95
0.625	3	42	0.95
0.333333333333333	3	42	0.95
0.368421052631579	3	42	0.95
0.683333333333333	3	42	0.95
0.709677419354839	3	42	0.95
0.333333333333333	3	42	0.95
0.362068965517241	3	42	0.95
0.685714285714286	3	42	0.95
0.695652173913043	3	42	0.95
0.271186440677966	3	42	0.95
0.611111111111111	3	42	0.95
0.610169491525424	3	42	0.95
0.270833333333333	3	42	0.95
0.24390243902439	3	42	0.95
0.366666666666667	3	42	0.95
0.34	3	42	0.95
0.222222222222222	3	42	0.95
0.170731707317073	3	42	0.95
0.627906976744186	3	42	0.95
0.619047619047619	3	42	0.95
0.291666666666667	3	42	0.95
0.578947368421053	3	42	0.95
0.418604651162791	3	42	0.95
0.297872340425532	3	42	0.95
0.152173913043478	3	42	0.95
0.307692307692308	3	42	0.95
0.743589743589744	3	42	0.95
0.177777777777778	3	42	0.95
0.333333333333333	3	42	0.95
0.326086956521739	3	42	0.95
0.346938775510204	3	42	0.95
0.282608695652174	3	42	0.95
0.32	3	42	0.95
0.146341463414634	3	42	0.95
0.36	3	42	0.95
0.4	3	42	0.95
0.422222222222222	3	42	0.95
0.111111111111111	3	42	0.95
0.0961538461538462	3	42	0.95
0.439024390243902	3	42	0.95
0.5	3	42	0.95
0.688888888888889	3	42	0.95
0.245283018867925	3	42	0.95
0.64	3	42	0.95
0.637931034482759	3	42	0.95
0.0952380952380952	3	42	0.95
0.35	3	42	0.95
0.627906976744186	3	42	0.95
0.470588235294118	3	42	0.95
0.34375	3	42	0.95
0.25	3	42	0.95
0.326086956521739	3	42	0.95
0.380952380952381	3	42	0.95
0.333333333333333	3	42	0.95
0.152173913043478	3	42	0.95
0.137931034482759	3	42	0.95
0.145454545454545	3	42	0.95
0.145454545454545	3	42	0.95
0.259259259259259	3	42	0.95
0.319148936170213	3	42	0.95
0.342105263157895	3	42	0.95
0.36734693877551	3	42	0.95
0.333333333333333	3	42	0.95
0.347826086956522	3	42	0.95
0.307692307692308	3	42	0.95
0.3	3	42	0.95
0.3	3	42	0.95
0.25531914893617	3	42	0.95
0.228571428571429	3	42	0.95
0.107142857142857	3	42	0.95
0.244444444444444	3	42	0.95
0.347826086956522	3	42	0.95
0.105263157894737	3	42	0.95
0.244897959183673	3	42	0.95
0.258064516129032	3	42	0.95
0.352941176470588	3	42	0.95
0.288461538461538	3	42	0.95
0.25	3	42	0.95
0.340909090909091	3	42	0.95
0.393939393939394	3	42	0.95
0.775	3	42	0.95
0.195652173913043	3	42	0.95
0.727272727272727	3	42	0.95
0.647058823529412	3	42	0.95
0.355555555555556	3	42	0.95
0.612903225806452	3	42	0.95
0.655172413793103	3	42	0.95
0.62962962962963	3	42	0.95
0.3	3	42	0.95
0.568627450980392	3	42	0.95
0.333333333333333	3	42	0.95
0.36	3	42	0.95
0.155555555555556	3	42	0.95
0.209302325581395	3	42	0.95
0.303030303030303	3	42	0.95
0.294117647058824	3	42	0.95
0.275	3	42	0.95
0.613636363636364	3	42	0.95
0.591836734693878	3	42	0.95
0.693877551020408	3	42	0.95
0.151515151515152	3	42	0.95
0.384615384615385	3	42	0.95
0.7	3	42	0.95
0.3	3	42	0.95
0.377777777777778	3	42	0.95
0.5	3	42	0.95
0.607142857142857	3	42	0.95
0.608695652173913	3	42	0.95
0.333333333333333	3	42	0.95
0.333333333333333	3	42	0.95
0.733333333333333	3	42	0.95
0.625	3	42	0.95
0.657142857142857	3	42	0.95
0.55	3	42	0.95
0.130434782608696	3	42	0.95
0.127659574468085	3	42	0.95
0.558139534883721	3	42	0.95
0.675	3	42	0.95
0.136363636363636	3	42	0.95
0.675	3	42	0.95
0.25	3	42	0.95
