VAF	CN	avg.depth	purity
0.684210526315789	1	19	1
1	1	19	1
1	1	19	1
0.136363636363636	1	19	1
1	1	19	1
0.173913043478261	1	19	1
1	1	19	1
1	1	19	1
0.314285714285714	2	34	1
0.476190476190476	2	34	1
0.5	2	34	1
0.260869565217391	2	34	1
0.475	2	34	1
0.181818181818182	2	34	1
0.482758620689655	2	34	1
0.162162162162162	2	34	1
0.233333333333333	2	34	1
0.659090909090909	2	34	1
0.681818181818182	2	34	1
0.48780487804878	2	34	1
0.452380952380952	2	34	1
0.162790697674419	2	34	1
0.473684210526316	2	34	1
0.393939393939394	2	34	1
0.483870967741935	2	34	1
0.466666666666667	2	34	1
0.212765957446809	2	34	1
0.194444444444444	2	34	1
0.741935483870968	2	34	1
0.538461538461538	2	34	1
0.375	2	34	1
0.424242424242424	2	34	1
0.363636363636364	2	34	1
0.125	2	34	1
0.55	2	34	1
0.540540540540541	2	34	1
0.285714285714286	2	34	1
0.575	2	34	1
0.411764705882353	2	34	1
0.205128205128205	2	34	1
0.303030303030303	2	34	1
0.5	2	34	1
0.142857142857143	2	34	1
0.428571428571429	2	34	1
0.530612244897959	2	34	1
0.153846153846154	2	34	1
0.696969696969697	2	34	1
0.166666666666667	2	34	1
0.148936170212766	2	34	1
0.119047619047619	2	34	1
0.487179487179487	2	34	1
0.452380952380952	2	34	1
0.176470588235294	2	34	1
0.470588235294118	2	34	1
0.424242424242424	2	34	1
0.4375	2	34	1
0.333333333333333	2	34	1
0.153846153846154	2	34	1
0.317073170731707	2	34	1
0.411764705882353	2	34	1
0.470588235294118	2	34	1
0.25	2	34	1
0.371428571428571	2	34	1
0.422222222222222	2	34	1
0.657142857142857	2	34	1
0.36	2	34	1
0.425	2	34	1
0.441176470588235	2	34	1
0.4	2	34	1
0.390243902439024	2	34	1
0.515151515151515	2	34	1
0.473684210526316	2	34	1
0.612903225806452	2	34	1
0.257142857142857	2	34	1
0.148936170212766	2	34	1
0.333333333333333	2	34	1
0.523809523809524	2	34	1
0.363636363636364	2	34	1
0.456521739130435	2	34	1
0.469387755102041	2	34	1
0.392857142857143	2	34	1
0.488888888888889	2	34	1
0.146341463414634	2	34	1
0.425531914893617	2	34	1
0.428571428571429	2	34	1
0.2	2	34	1
0.516129032258065	2	34	1
0.5	2	34	1
0.421052631578947	2	34	1
0.555555555555556	2	34	1
0.518518518518518	2	34	1
0.181818181818182	2	34	1
0.560975609756098	2	34	1
0.375	2	34	1
0.25	2	34	1
0.113636363636364	2	34	1
0.117647058823529	2	34	1
0.583333333333333	2	34	1
0.162162162162162	2	34	1
0.225806451612903	2	34	1
0.225806451612903	2	34	1
0.1875	2	34	1
0.185185185185185	2	34	1
0.222222222222222	2	34	1
0.516129032258065	2	34	1
0.444444444444444	2	34	1
0.377777777777778	2	34	1
0.555555555555556	2	34	1
0.40625	2	34	1
0.522727272727273	2	34	1
0.121212121212121	2	34	1
0.2	2	34	1
0.34375	2	34	1
0.25	2	34	1
0.473684210526316	2	34	1
0.0909090909090909	2	34	1
0.476190476190476	2	34	1
0.233333333333333	2	34	1
0.681818181818182	2	34	1
0.5	2	34	1
0.714285714285714	2	34	1
0.296296296296296	2	34	1
0.454545454545455	2	34	1
0.375	2	34	1
0.452380952380952	2	34	1
0.482758620689655	2	34	1
0.2	2	34	1
0.318181818181818	2	34	1
0.3125	2	34	1
0.44	2	34	1
0.195652173913043	2	34	1
0.588235294117647	2	34	1
0.393939393939394	2	34	1
0.535714285714286	2	34	1
0.448275862068966	2	34	1
0.421052631578947	2	34	1
0.5	2	34	1
0.461538461538462	2	34	1
0.233333333333333	2	34	1
0.233333333333333	2	34	1
0.294117647058824	2	34	1
0.25	2	34	1
0.25	2	34	1
0.25	2	34	1
0.2	2	34	1
0.590909090909091	2	34	1
0.125	2	34	1
0.264705882352941	2	34	1
0.25	2	34	1
0.5	2	34	1
0.592592592592593	2	34	1
0.487179487179487	2	34	1
0.476190476190476	2	34	1
0.121951219512195	2	34	1
0.297297297297297	2	34	1
0.171428571428571	2	34	1
0.447368421052632	2	34	1
0.428571428571429	2	34	1
0.466666666666667	2	34	1
0.44	2	34	1
0.470588235294118	2	34	1
0.136363636363636	2	34	1
0.233333333333333	2	34	1
0.542857142857143	2	34	1
0.538461538461538	2	34	1
0.393939393939394	2	34	1
0.625	2	34	1
0.484848484848485	2	34	1
0.418604651162791	2	34	1
0.46875	2	34	1
0.1875	2	34	1
0.386363636363636	2	34	1
0.647058823529412	2	34	1
0.206896551724138	2	34	1
0.409090909090909	2	34	1
0.545454545454545	2	34	1
0.266666666666667	2	34	1
0.6	2	34	1
0.371428571428571	2	34	1
0.482758620689655	2	34	1
0.135135135135135	2	34	1
0.441860465116279	2	34	1
0.444444444444444	2	34	1
0.444444444444444	2	34	1
0.181818181818182	2	34	1
0.547619047619048	2	34	1
0.114285714285714	2	34	1
0.458333333333333	2	34	1
0.764705882352941	2	34	1
0.4	2	34	1
0.541666666666667	2	34	1
0.365853658536585	2	34	1
0.568181818181818	2	34	1
0.424242424242424	2	34	1
0.354838709677419	2	34	1
0.46	2	34	1
0.428571428571429	2	34	1
0.142857142857143	2	34	1
0.14	2	34	1
0.191489361702128	2	34	1
0.476190476190476	2	34	1
0.4375	2	34	1
0.51219512195122	2	34	1
0.371428571428571	2	34	1
0.142857142857143	2	34	1
0.303030303030303	2	34	1
0.484848484848485	2	34	1
0.55	2	34	1
0.216216216216216	2	34	1
0.133333333333333	2	34	1
0.333333333333333	2	34	1
0.363636363636364	2	34	1
0.488372093023256	2	34	1
0.210526315789474	2	34	1
0.121212121212121	2	34	1
0.486486486486487	2	34	1
0.428571428571429	2	34	1
0.136363636363636	2	34	1
0.516129032258065	2	34	1
0.58974358974359	2	34	1
0.40625	2	34	1
0.558139534883721	2	34	1
0.625	2	34	1
0.552631578947368	2	34	1
0.176470588235294	2	34	1
0.452380952380952	2	34	1
0.702702702702703	2	34	1
0.161290322580645	2	34	1
0.511111111111111	2	34	1
0.19047619047619	2	34	1
0.7	2	34	1
0.666666666666667	2	34	1
0.2	2	34	1
0.51219512195122	2	34	1
0.522727272727273	2	34	1
0.179487179487179	2	34	1
0.214285714285714	2	34	1
0.32	2	34	1
0.705882352941177	2	34	1
0.518518518518518	2	34	1
0.571428571428571	2	34	1
0.342857142857143	2	34	1
0.479166666666667	2	34	1
0.333333333333333	2	34	1
0.53125	2	34	1
0.692307692307692	2	34	1
0.104166666666667	2	34	1
0.625	2	34	1
0.142857142857143	2	34	1
0.146341463414634	2	34	1
0.604651162790698	2	34	1
0.138888888888889	2	34	1
0.666666666666667	2	34	1
0.123076923076923	2	34	1
0.571428571428571	2	34	1
0.444444444444444	2	34	1
0.585365853658537	2	34	1
0.536585365853659	2	34	1
0.44	2	34	1
0.4	2	34	1
0.511627906976744	2	34	1
0.48936170212766	2	34	1
0.15625	2	34	1
0.514285714285714	2	34	1
0.583333333333333	2	34	1
0.525	2	34	1
0.666666666666667	2	34	1
0.2	2	34	1
0.5	2	34	1
0.184210526315789	2	34	1
0.575	2	34	1
0.222222222222222	2	34	1
0.25	2	34	1
0.454545454545455	2	34	1
0.666666666666667	2	34	1
0.55	2	34	1
0.5	2	34	1
0.581395348837209	2	34	1
0.5	2	34	1
0.181818181818182	2	34	1
0.102040816326531	2	34	1
0.511111111111111	2	34	1
0.5	2	34	1
0.212121212121212	2	34	1
0.333333333333333	2	34	1
0.522727272727273	2	34	1
0.545454545454545	2	34	1
0.5	2	34	1
0.347826086956522	2	34	1
0.162162162162162	2	34	1
0.409090909090909	2	34	1
0.195121951219512	2	34	1
0.171428571428571	2	34	1
0.444444444444444	2	34	1
0.486486486486487	2	34	1
0.522727272727273	2	34	1
0.15	2	34	1
0.464285714285714	2	34	1
0.416666666666667	2	34	1
0.235294117647059	2	34	1
0.404255319148936	2	34	1
0.176470588235294	2	34	1
0.488372093023256	2	34	1
0.5	2	34	1
0.518518518518518	2	34	1
0.483870967741935	2	34	1
0.428571428571429	2	34	1
0.5	2	34	1
0.285714285714286	2	34	1
0.217391304347826	2	34	1
0.185185185185185	2	34	1
0.189189189189189	2	34	1
0.225806451612903	2	34	1
0.156862745098039	2	34	1
0.375	2	34	1
0.67741935483871	2	34	1
0.416666666666667	2	34	1
0.2	2	34	1
0.586206896551724	2	34	1
0.25	2	34	1
0.486486486486487	2	34	1
0.434782608695652	2	34	1
0.4	2	34	1
0.307692307692308	2	34	1
0.333333333333333	2	34	1
0.686274509803922	2	34	1
0.527777777777778	2	34	1
0.194444444444444	2	34	1
0.525	2	34	1
0.411764705882353	2	34	1
0.225806451612903	2	34	1
0.630434782608696	2	34	1
0.447368421052632	2	34	1
0.592592592592593	2	34	1
0.605263157894737	2	34	1
0.2	2	34	1
0.170731707317073	2	34	1
0.631578947368421	2	34	1
0.583333333333333	2	34	1
0.526315789473684	2	34	1
0.166666666666667	2	34	1
0.466666666666667	2	34	1
0.25	2	34	1
0.458333333333333	2	34	1
0.352941176470588	2	34	1
0.590909090909091	2	34	1
0.352941176470588	2	34	1
0.136363636363636	2	34	1
0.189189189189189	2	34	1
0.409090909090909	2	34	1
0.175	2	34	1
0.545454545454545	2	34	1
0.189189189189189	2	34	1
0.391304347826087	2	34	1
0.166666666666667	2	34	1
0.175	2	34	1
0.545454545454545	2	34	1
0.375	2	34	1
0.5	2	34	1
0.51063829787234	2	34	1
0.560975609756098	2	34	1
0.520833333333333	2	34	1
0.32258064516129	2	34	1
0.210526315789474	2	34	1
0.631578947368421	2	34	1
0.576923076923077	2	34	1
0.175	2	34	1
0.633333333333333	2	34	1
0.513513513513513	2	34	1
0.25	2	34	1
0.256410256410256	2	34	1
0.435897435897436	2	34	1
0.25	2	34	1
0.222222222222222	2	34	1
0.592592592592593	2	34	1
0.142857142857143	2	34	1
0.388888888888889	2	34	1
0.461538461538462	2	34	1
0.666666666666667	3	44	1
0.578947368421053	3	44	1
0.258064516129032	3	44	1
0.384615384615385	3	44	1
0.26530612244898	3	44	1
0.333333333333333	3	44	1
0.156862745098039	3	44	1
0.176470588235294	3	44	1
0.195652173913043	3	44	1
0.75	3	44	1
0.361111111111111	3	44	1
0.171428571428571	3	44	1
0.239130434782609	3	44	1
0.25	3	44	1
0.280701754385965	3	44	1
0.226415094339623	3	44	1
0.320754716981132	3	44	1
0.259259259259259	3	44	1
0.25	3	44	1
0.4375	3	44	1
0.411764705882353	3	44	1
0.305084745762712	3	44	1
0.591836734693878	3	44	1
0.725806451612903	3	44	1
0.384615384615385	3	44	1
0.388888888888889	3	44	1
0.150943396226415	3	44	1
0.277777777777778	3	44	1
0.215384615384615	3	44	1
0.122448979591837	3	44	1
0.397058823529412	3	44	1
0.101694915254237	3	44	1
0.24	3	44	1
0.288461538461538	3	44	1
0.183673469387755	3	44	1
0.227272727272727	3	44	1
0.3	3	44	1
0.315789473684211	3	44	1
0.37037037037037	3	44	1
0.176470588235294	3	44	1
0.184210526315789	3	44	1
0.102564102564103	3	44	1
0.117647058823529	3	44	1
0.571428571428571	3	44	1
0.15625	3	44	1
0.225806451612903	3	44	1
0.259259259259259	3	44	1
