VAF	CN	avg.depth	purity
0.157894736842105	1	22	0.97
0.275862068965517	1	22	0.97
1	1	22	0.97
0.333333333333333	1	22	0.97
0.761904761904762	1	22	0.97
0.230769230769231	1	22	0.97
0.25	1	22	0.97
0.193548387096774	1	22	0.97
0.214285714285714	1	22	0.97
0.481481481481481	2	36	0.97
0.235294117647059	2	36	0.97
0.545454545454545	2	36	0.97
0.476190476190476	2	36	0.97
0.153846153846154	2	36	0.97
0.64	2	36	0.97
0.380952380952381	2	36	0.97
0.228571428571429	2	36	0.97
0.125	2	36	0.97
0.55	2	36	0.97
0.113636363636364	2	36	0.97
0.515151515151515	2	36	0.97
0.128205128205128	2	36	0.97
0.162162162162162	2	36	0.97
0.444444444444444	2	36	0.97
0.461538461538462	2	36	0.97
0.476190476190476	2	36	0.97
0.114285714285714	2	36	0.97
0.170731707317073	2	36	0.97
0.513513513513513	2	36	0.97
0.272727272727273	2	36	0.97
0.533333333333333	2	36	0.97
0.434782608695652	2	36	0.97
0.12	2	36	0.97
0.588235294117647	2	36	0.97
0.466666666666667	2	36	0.97
0.1875	2	36	0.97
0.136363636363636	2	36	0.97
0.526315789473684	2	36	0.97
0.152173913043478	2	36	0.97
0.1875	2	36	0.97
0.225806451612903	2	36	0.97
0.192307692307692	2	36	0.97
0.125	2	36	0.97
0.46875	2	36	0.97
0.259259259259259	2	36	0.97
0.117647058823529	2	36	0.97
0.21875	2	36	0.97
0.428571428571429	2	36	0.97
0.130434782608696	2	36	0.97
0.34375	2	36	0.97
0.15	2	36	0.97
0.12	2	36	0.97
0.416666666666667	2	36	0.97
0.421052631578947	2	36	0.97
0.4	2	36	0.97
0.116279069767442	2	36	0.97
0.272727272727273	2	36	0.97
0.375	2	36	0.97
0.12280701754386	2	36	0.97
0.12	2	36	0.97
0.120689655172414	2	36	0.97
0.162790697674419	2	36	0.97
0.446808510638298	2	36	0.97
0.146341463414634	2	36	0.97
0.12962962962963	2	36	0.97
0.541666666666667	2	36	0.97
0.5	2	36	0.97
0.470588235294118	2	36	0.97
0.625	2	36	0.97
0.416666666666667	2	36	0.97
0.314285714285714	2	36	0.97
0.558823529411765	2	36	0.97
0.5	2	36	0.97
0.170731707317073	2	36	0.97
0.157894736842105	2	36	0.97
0.521739130434783	2	36	0.97
0.179487179487179	2	36	0.97
0.162162162162162	2	36	0.97
0.230769230769231	2	36	0.97
0.4	2	36	0.97
0.566666666666667	2	36	0.97
0.40625	2	36	0.97
0.416666666666667	2	36	0.97
0.456521739130435	2	36	0.97
0.2	2	36	0.97
0.173913043478261	2	36	0.97
0.583333333333333	2	36	0.97
0.342857142857143	2	36	0.97
0.655172413793103	2	36	0.97
0.171428571428571	2	36	0.97
0.166666666666667	2	36	0.97
0.395348837209302	2	36	0.97
0.575757575757576	2	36	0.97
0.125	2	36	0.97
0.333333333333333	2	36	0.97
0.642857142857143	2	36	0.97
0.571428571428571	2	36	0.97
0.125	2	36	0.97
0.571428571428571	2	36	0.97
0.380952380952381	2	36	0.97
0.5	2	36	0.97
0.129032258064516	2	36	0.97
0.583333333333333	2	36	0.97
0.2	2	36	0.97
0.633333333333333	2	36	0.97
0.5	2	36	0.97
0.526315789473684	2	36	0.97
0.122448979591837	2	36	0.97
0.117647058823529	2	36	0.97
0.115384615384615	2	36	0.97
0.724137931034483	2	36	0.97
0.136363636363636	2	36	0.97
0.371428571428571	2	36	0.97
0.432432432432432	2	36	0.97
0.24	2	36	0.97
0.136363636363636	2	36	0.97
0.274509803921569	2	36	0.97
0.2	2	36	0.97
0.441176470588235	2	36	0.97
0.510204081632653	2	36	0.97
0.483333333333333	2	36	0.97
0.107142857142857	2	36	0.97
0.217391304347826	2	36	0.97
0.102564102564103	2	36	0.97
0.145454545454545	2	36	0.97
0.857142857142857	2	36	0.97
0.531914893617021	2	36	0.97
0.209302325581395	2	36	0.97
0.109090909090909	2	36	0.97
0.536585365853659	2	36	0.97
0.64	2	36	0.97
0.297297297297297	2	36	0.97
0.523809523809524	2	36	0.97
0.209302325581395	2	36	0.97
0.476190476190476	2	36	0.97
0.464285714285714	2	36	0.97
0.53125	2	36	0.97
0.105263157894737	2	36	0.97
0.36	2	36	0.97
0.65	2	36	0.97
0.107142857142857	2	36	0.97
0.138888888888889	2	36	0.97
0.378378378378378	2	36	0.97
0.2	2	36	0.97
0.111111111111111	2	36	0.97
0.346153846153846	2	36	0.97
0.151898734177215	2	36	0.97
0.12962962962963	2	36	0.97
0.432432432432432	2	36	0.97
0.636363636363636	2	36	0.97
0.5	2	36	0.97
0.129032258064516	2	36	0.97
0.583333333333333	2	36	0.97
0.127659574468085	2	36	0.97
0.666666666666667	2	36	0.97
0.463414634146341	2	36	0.97
0.395348837209302	2	36	0.97
0.136363636363636	2	36	0.97
0.459459459459459	2	36	0.97
0.137254901960784	2	36	0.97
0.315789473684211	2	36	0.97
0.108695652173913	2	36	0.97
0.333333333333333	2	36	0.97
0.104166666666667	2	36	0.97
0.166666666666667	2	36	0.97
0.565217391304348	2	36	0.97
0.551724137931034	2	36	0.97
0.260869565217391	2	36	0.97
0.24	2	36	0.97
0.315789473684211	2	36	0.97
0.3	2	36	0.97
0.125	2	36	0.97
0.155555555555556	2	36	0.97
0.129032258064516	2	36	0.97
0.136363636363636	2	36	0.97
0.133333333333333	2	36	0.97
0.565217391304348	2	36	0.97
0.2	2	36	0.97
0.588235294117647	2	36	0.97
0.461538461538462	2	36	0.97
0.465116279069767	2	36	0.97
0.161290322580645	2	36	0.97
0.13953488372093	2	36	0.97
0.857142857142857	2	36	0.97
0.108695652173913	2	36	0.97
0.181818181818182	2	36	0.97
0.413793103448276	2	36	0.97
0.142857142857143	2	36	0.97
0.538461538461538	2	36	0.97
0.418604651162791	2	36	0.97
0.636363636363636	2	36	0.97
0.627450980392157	2	36	0.97
0.24	2	36	0.97
0.625	2	36	0.97
0.5	2	36	0.97
0.541666666666667	2	36	0.97
0.5	2	36	0.97
0.176470588235294	2	36	0.97
0.588235294117647	2	36	0.97
0.0983606557377049	2	36	0.97
0.127659574468085	2	36	0.97
0.125	2	36	0.97
0.444444444444444	2	36	0.97
0.181818181818182	2	36	0.97
0.214285714285714	2	36	0.97
0.567567567567568	2	36	0.97
0.428571428571429	2	36	0.97
0.130434782608696	2	36	0.97
0.130434782608696	2	36	0.97
0.24	2	36	0.97
0.136363636363636	2	36	0.97
0.551724137931034	2	36	0.97
0.107142857142857	2	36	0.97
0.12280701754386	2	36	0.97
0.464285714285714	2	36	0.97
0.545454545454545	2	36	0.97
0.428571428571429	2	36	0.97
0.375	2	36	0.97
0.277777777777778	2	36	0.97
0.411764705882353	2	36	0.97
0.482758620689655	2	36	0.97
0.6	2	36	0.97
0.424242424242424	2	36	0.97
0.358974358974359	2	36	0.97
0.192307692307692	2	36	0.97
0.222222222222222	2	36	0.97
0.146341463414634	2	36	0.97
0.162162162162162	2	36	0.97
0.2	2	36	0.97
0.25	2	36	0.97
0.222222222222222	2	36	0.97
0.476190476190476	2	36	0.97
0.230769230769231	2	36	0.97
0.423076923076923	2	36	0.97
0.552631578947368	2	36	0.97
0.162162162162162	2	36	0.97
0.194029850746269	2	36	0.97
0.446428571428571	2	36	0.97
0.115384615384615	2	36	0.97
0.41025641025641	2	36	0.97
0.212121212121212	2	36	0.97
0.347826086956522	2	36	0.97
0.421052631578947	2	36	0.97
0.173913043478261	2	36	0.97
0.37037037037037	2	36	0.97
0.423076923076923	2	36	0.97
0.125	2	36	0.97
0.159090909090909	2	36	0.97
0.142857142857143	2	36	0.97
0.136363636363636	2	36	0.97
0.529411764705882	2	36	0.97
0.214285714285714	2	36	0.97
0.285714285714286	2	36	0.97
0.130434782608696	2	36	0.97
0.121212121212121	2	36	0.97
0.111111111111111	2	36	0.97
0.419354838709677	2	36	0.97
0.136363636363636	2	36	0.97
0.0882352941176471	2	36	0.97
0.173913043478261	2	36	0.97
0.133333333333333	2	36	0.97
0.160714285714286	2	36	0.97
0.222222222222222	2	36	0.97
0.354838709677419	2	36	0.97
0.285714285714286	2	36	0.97
0.230769230769231	2	36	0.97
0.206896551724138	2	36	0.97
0.24	2	36	0.97
0.269230769230769	2	36	0.97
0.255813953488372	2	36	0.97
0.25	2	36	0.97
0.346153846153846	2	36	0.97
0.380952380952381	2	36	0.97
0.0943396226415094	2	36	0.97
0.157894736842105	2	36	0.97
0.113207547169811	2	36	0.97
0.232558139534884	2	36	0.97
0.153846153846154	2	36	0.97
0.145833333333333	2	36	0.97
0.340425531914894	2	36	0.97
0.152173913043478	2	36	0.97
0.159090909090909	2	36	0.97
0.136363636363636	2	36	0.97
0.447368421052632	2	36	0.97
0.534883720930233	2	36	0.97
0.615384615384615	2	36	0.97
0.7	2	36	0.97
0.434782608695652	2	36	0.97
0.520833333333333	2	36	0.97
0.392857142857143	2	36	0.97
0.476190476190476	2	36	0.97
0.571428571428571	2	36	0.97
0.447368421052632	2	36	0.97
0.119047619047619	2	36	0.97
0.1	2	36	0.97
0.109090909090909	2	36	0.97
0.111111111111111	2	36	0.97
0.111111111111111	2	36	0.97
0.518518518518518	2	36	0.97
0.442307692307692	2	36	0.97
0.162162162162162	2	36	0.97
0.15	2	36	0.97
0.348837209302326	2	36	0.97
0.393939393939394	2	36	0.97
0.4	3	50	0.97
0.315789473684211	3	50	0.97
0.142857142857143	3	50	0.97
0.117647058823529	3	50	0.97
1	3	50	0.97
0.180327868852459	3	50	0.97
0.375	3	50	0.97
0.191489361702128	3	50	0.97
0.0857142857142857	3	50	0.97
0.130434782608696	3	50	0.97
0.102040816326531	3	50	0.97
0.175	3	50	0.97
0.0925925925925926	3	50	0.97
0.112676056338028	3	50	0.97
0.0921052631578947	3	50	0.97
0.129032258064516	3	50	0.97
0.22	3	50	0.97
0.125	3	50	0.97
0.102564102564103	3	50	0.97
0.0958904109589041	3	50	0.97
0.0985915492957746	3	50	0.97
0.125	3	50	0.97
0.115384615384615	3	50	0.97
0.2	3	50	0.97
0.12	3	50	0.97
0.192307692307692	3	50	0.97
0.1875	3	50	0.97
0.444444444444444	3	50	0.97
0.103448275862069	3	50	0.97
0.236842105263158	3	50	0.97
