VAF	CN	avg.depth	purity
0.296296296296296	2	26	0.9
0.321428571428571	2	26	0.9
0.166666666666667	2	26	0.9
0.166666666666667	4	40	0.9
0.153846153846154	4	40	0.9
0.230769230769231	4	40	0.9
0.25	4	40	0.9
0.333333333333333	4	40	0.9
0.19672131147541	4	40	0.9
0.181818181818182	4	40	0.9
0.348837209302326	4	40	0.9
0.112903225806452	4	40	0.9
0.162162162162162	4	40	0.9
0.109090909090909	4	40	0.9
0.107142857142857	4	40	0.9
0.412698412698413	4	40	0.9
0.107142857142857	4	40	0.9
0.529411764705882	4	40	0.9
0.416666666666667	4	40	0.9
0.162790697674419	4	40	0.9
0.218181818181818	4	40	0.9
0.216216216216216	4	40	0.9
0.157894736842105	4	40	0.9
0.175	4	40	0.9
0.180327868852459	4	40	0.9
0.375	4	40	0.9
0.388888888888889	4	40	0.9
0.226415094339623	4	40	0.9
0.212121212121212	4	40	0.9
0.48	4	40	0.9
0.266666666666667	4	40	0.9
0.108695652173913	4	40	0.9
0.113207547169811	4	40	0.9
0.207547169811321	4	40	0.9
0.666666666666667	4	40	0.9
0.4375	4	40	0.9
0.127272727272727	4	40	0.9
0.195121951219512	4	40	0.9
0.176470588235294	4	40	0.9
0.210526315789474	4	40	0.9
0.243243243243243	4	40	0.9
0.6	4	40	0.9
0.135135135135135	4	40	0.9
0.162162162162162	4	40	0.9
0.230769230769231	4	40	0.9
0.178571428571429	4	40	0.9
0.153846153846154	4	40	0.9
0.181818181818182	4	40	0.9
0.15	4	40	0.9
0.24390243902439	4	40	0.9
0.224489795918367	4	40	0.9
0.263157894736842	4	40	0.9
0.132075471698113	4	40	0.9
0.236842105263158	4	40	0.9
0.181818181818182	4	40	0.9
0.157894736842105	4	40	0.9
0.153846153846154	4	40	0.9
0.166666666666667	4	40	0.9
0.195652173913043	4	40	0.9
0.28	4	40	0.9
0.09375	4	40	0.9
0.135135135135135	4	40	0.9
0.537037037037037	4	40	0.9
0.375	4	40	0.9
0.113207547169811	4	40	0.9
0.142857142857143	4	40	0.9
0.148936170212766	4	40	0.9
0.4	4	40	0.9
0.48	4	40	0.9
0.106382978723404	4	40	0.9
0.488372093023256	4	40	0.9
0.428571428571429	4	40	0.9
0.244444444444444	4	40	0.9
0.0980392156862745	4	40	0.9
0.222222222222222	4	40	0.9
0.317073170731707	4	40	0.9
0.3	4	40	0.9
0.186046511627907	4	40	0.9
0.156862745098039	4	40	0.9
0.171428571428571	4	40	0.9
0.263157894736842	4	40	0.9
0.127659574468085	4	40	0.9
0.315789473684211	4	40	0.9
0.0882352941176471	4	40	0.9
0.244444444444444	4	40	0.9
0.388888888888889	4	40	0.9
0.22	4	40	0.9
0.171428571428571	4	40	0.9
0.264705882352941	4	40	0.9
0.152173913043478	4	40	0.9
0.433962264150943	4	40	0.9
0.283018867924528	4	40	0.9
0.294117647058824	4	40	0.9
0.36734693877551	4	40	0.9
0.184210526315789	4	40	0.9
0.173076923076923	4	40	0.9
0.2	4	40	0.9
0.122448979591837	4	40	0.9
0.260869565217391	4	40	0.9
0.179487179487179	4	40	0.9
0.230769230769231	4	40	0.9
0.166666666666667	4	40	0.9
0.205128205128205	4	40	0.9
0.296296296296296	4	40	0.9
0.536585365853659	4	40	0.9
0.333333333333333	4	40	0.9
0.461538461538462	4	40	0.9
0.0967741935483871	4	40	0.9
0.15	4	40	0.9
0.156862745098039	4	40	0.9
0.147058823529412	4	40	0.9
0.2	4	40	0.9
0.333333333333333	4	40	0.9
0.294117647058824	4	40	0.9
0.270833333333333	4	40	0.9
0.431372549019608	4	40	0.9
0.354838709677419	4	40	0.9
0.212765957446809	4	40	0.9
0.170212765957447	4	40	0.9
0.170212765957447	4	40	0.9
0.2	4	40	0.9
0.219512195121951	4	40	0.9
0.169811320754717	4	40	0.9
0.142857142857143	4	40	0.9
0.1	4	40	0.9
0.416666666666667	4	40	0.9
0.189189189189189	4	40	0.9
0.117647058823529	4	40	0.9
0.148148148148148	4	40	0.9
0.136363636363636	4	40	0.9
0.2	4	40	0.9
0.13953488372093	4	40	0.9
0.125	4	40	0.9
0.142857142857143	4	40	0.9
0.14	4	40	0.9
0.25	4	40	0.9
0.5	4	40	0.9
0.196428571428571	4	40	0.9
0.0909090909090909	4	40	0.9
0.274509803921569	4	40	0.9
0.120689655172414	4	40	0.9
0.264705882352941	4	40	0.9
0.192307692307692	4	40	0.9
0.181818181818182	4	40	0.9
0.518518518518518	4	40	0.9
0.636363636363636	4	40	0.9
0.2	4	40	0.9
0.444444444444444	4	40	0.9
0.242424242424242	4	40	0.9
0.3	4	40	0.9
0.266666666666667	4	40	0.9
0.127272727272727	4	40	0.9
0.416666666666667	4	40	0.9
0.0862068965517241	4	40	0.9
0.518518518518518	4	40	0.9
0.225	4	40	0.9
0.263157894736842	4	40	0.9
0.233333333333333	4	40	0.9
0.54	4	40	0.9
0.205128205128205	4	40	0.9
0.210526315789474	4	40	0.9
0.264705882352941	4	40	0.9
0.12	4	40	0.9
0.214285714285714	4	40	0.9
0.75	4	40	0.9
0.125	4	40	0.9
0.175	4	40	0.9
0.4375	4	40	0.9
0.4375	4	40	0.9
0.12962962962963	4	40	0.9
0.2	4	40	0.9
0.2	4	40	0.9
0.137931034482759	4	40	0.9
0.157894736842105	4	40	0.9
0.115384615384615	4	40	0.9
0.19047619047619	4	40	0.9
0.368421052631579	4	40	0.9
0.16	4	40	0.9
0.0952380952380952	4	40	0.9
0.14	4	40	0.9
0.135135135135135	4	40	0.9
0.32	4	40	0.9
0.173913043478261	4	40	0.9
0.122448979591837	4	40	0.9
0.259259259259259	4	40	0.9
0.0925925925925926	4	40	0.9
0.507692307692308	4	40	0.9
0.41025641025641	4	40	0.9
0.478260869565217	4	40	0.9
0.113207547169811	4	40	0.9
0.178571428571429	4	40	0.9
0.444444444444444	4	40	0.9
0.2	4	40	0.9
0.216216216216216	4	40	0.9
0.109090909090909	4	40	0.9
0.125	4	40	0.9
0.244897959183673	4	40	0.9
0.113636363636364	4	40	0.9
0.123287671232877	4	40	0.9
0.206896551724138	4	40	0.9
0.214285714285714	4	40	0.9
0.263157894736842	4	40	0.9
0.185185185185185	4	40	0.9
0.260869565217391	4	40	0.9
0.666666666666667	4	40	0.9
0.162162162162162	4	40	0.9
0.191489361702128	4	40	0.9
0.333333333333333	4	40	0.9
0.384615384615385	4	40	0.9
0.272727272727273	4	40	0.9
0.282051282051282	4	40	0.9
0.269230769230769	4	40	0.9
0.222222222222222	4	40	0.9
0.15	4	40	0.9
0.125	4	40	0.9
0.16	4	40	0.9
0.127272727272727	4	40	0.9
0.195652173913043	4	40	0.9
0.183673469387755	4	40	0.9
0.131578947368421	4	40	0.9
0.156862745098039	4	40	0.9
0.134615384615385	4	40	0.9
0.533333333333333	4	40	0.9
0.172413793103448	4	40	0.9
0.240740740740741	4	40	0.9
0.146341463414634	4	40	0.9
0.135135135135135	4	40	0.9
0.51063829787234	4	40	0.9
0.173913043478261	4	40	0.9
0.137254901960784	4	40	0.9
0.137254901960784	4	40	0.9
0.521739130434783	4	40	0.9
0.142857142857143	4	40	0.9
0.3	4	40	0.9
0.146341463414634	4	40	0.9
0.264150943396226	4	40	0.9
0.239130434782609	4	40	0.9
0.179487179487179	4	40	0.9
0.315789473684211	4	40	0.9
0.1875	4	40	0.9
0.115384615384615	4	40	0.9
0.152173913043478	4	40	0.9
0.34375	4	40	0.9
0.135135135135135	4	40	0.9
0.12280701754386	4	40	0.9
0.145454545454545	4	40	0.9
0.146341463414634	4	40	0.9
0.0980392156862745	4	40	0.9
0.175	4	40	0.9
0.242424242424242	4	40	0.9
0.27027027027027	4	40	0.9
0.48780487804878	4	40	0.9
0.236842105263158	4	40	0.9
0.444444444444444	4	40	0.9
0.181818181818182	4	40	0.9
0.647058823529412	4	40	0.9
0.230769230769231	4	40	0.9
0.111111111111111	4	40	0.9
0.210526315789474	4	40	0.9
0.5	4	40	0.9
0.618181818181818	4	40	0.9
0.180327868852459	4	40	0.9
0.166666666666667	4	40	0.9
0.14	4	40	0.9
0.204545454545455	4	40	0.9
0.241379310344828	4	40	0.9
0.222222222222222	4	40	0.9
0.15	4	40	0.9
0.272727272727273	4	40	0.9
0.333333333333333	4	40	0.9
0.333333333333333	4	40	0.9
0.266666666666667	4	40	0.9
0.4375	4	40	0.9
0.0909090909090909	4	40	0.9
0.239130434782609	4	40	0.9
0.0909090909090909	4	40	0.9
0.209302325581395	4	40	0.9
0.25	4	40	0.9
0.161290322580645	4	40	0.9
0.214285714285714	4	40	0.9
0.19047619047619	4	40	0.9
0.19047619047619	4	40	0.9
0.32258064516129	4	40	0.9
0.229166666666667	4	40	0.9
0.163636363636364	4	40	0.9
0.210526315789474	4	40	0.9
0.272727272727273	4	40	0.9
0.157894736842105	4	40	0.9
0.125	4	40	0.9
0.565217391304348	4	40	0.9
0.1875	4	40	0.9
0.25	4	40	0.9
0.222222222222222	4	40	0.9
0.128205128205128	4	40	0.9
0.162162162162162	4	40	0.9
0.238095238095238	4	40	0.9
0.518518518518518	4	40	0.9
0.446808510638298	4	40	0.9
0.192307692307692	4	40	0.9
0.2	4	40	0.9
0.296296296296296	4	40	0.9
0.148148148148148	4	40	0.9
0.324324324324324	4	40	0.9
0.260869565217391	4	40	0.9
0.254237288135593	4	40	0.9
0.6	4	40	0.9
0.0909090909090909	4	40	0.9
0.125	4	40	0.9
0.2	4	40	0.9
0.298245614035088	4	40	0.9
0.409090909090909	4	40	0.9
0.1875	4	40	0.9
0.15	4	40	0.9
0.277777777777778	4	40	0.9
0.215686274509804	4	40	0.9
0.230769230769231	4	40	0.9
0.390243902439024	4	40	0.9
0.285714285714286	4	40	0.9
0.368421052631579	4	40	0.9
0.333333333333333	4	40	0.9
0.147058823529412	4	40	0.9
0.255813953488372	4	40	0.9
0.388888888888889	4	40	0.9
0.375	4	40	0.9
0.170212765957447	4	40	0.9
0.163265306122449	4	40	0.9
0.2	4	40	0.9
0.24	4	40	0.9
0.371428571428571	4	40	0.9
0.354838709677419	4	40	0.9
0.157894736842105	4	40	0.9
0.159090909090909	4	40	0.9
0.196428571428571	4	40	0.9
0.1875	4	40	0.9
0.12	4	40	0.9
0.183673469387755	4	40	0.9
0.289855072463768	4	40	0.9
0.173913043478261	4	40	0.9
0.142857142857143	4	40	0.9
0.134615384615385	4	40	0.9
0.236842105263158	4	40	0.9
0.186046511627907	4	40	0.9
0.224489795918367	4	40	0.9
0.25	4	40	0.9
0.121951219512195	4	40	0.9
0.189189189189189	4	40	0.9
0.357142857142857	4	40	0.9
0.446808510638298	4	40	0.9
0.163265306122449	4	40	0.9
0.352941176470588	4	40	0.9
0.171428571428571	4	40	0.9
0.476190476190476	4	40	0.9
0.59375	4	40	0.9
0.225	4	40	0.9
0.307692307692308	4	40	0.9
0.107692307692308	4	40	0.9
0.275	4	40	0.9
0.205128205128205	4	40	0.9
0.215686274509804	4	40	0.9
0.296296296296296	4	40	0.9
0.121951219512195	4	40	0.9
0.642857142857143	4	40	0.9
0.321428571428571	4	40	0.9
0.230769230769231	4	40	0.9
0.19047619047619	4	40	0.9
0.191489361702128	4	40	0.9
0.6875	4	40	0.9
0.214285714285714	4	40	0.9
0.368421052631579	4	40	0.9
0.159090909090909	4	40	0.9
0.222222222222222	4	40	0.9
0.212121212121212	4	40	0.9
0.272727272727273	4	40	0.9
0.155555555555556	4	40	0.9
0.545454545454545	4	40	0.9
0.205882352941176	4	40	0.9
0.385964912280702	4	40	0.9
0.170731707317073	4	40	0.9
0.155172413793103	4	40	0.9
0.222222222222222	4	40	0.9
0.177777777777778	4	40	0.9
0.236842105263158	4	40	0.9
0.184210526315789	4	40	0.9
0.108695652173913	4	40	0.9
0.236842105263158	4	40	0.9
0.571428571428571	4	40	0.9
0.428571428571429	4	40	0.9
0.272727272727273	4	40	0.9
0.769230769230769	4	40	0.9
0.1875	4	40	0.9
0.157894736842105	4	40	0.9
0.216216216216216	4	40	0.9
0.222222222222222	4	40	0.9
0.235294117647059	4	40	0.9
0.185185185185185	4	40	0.9
0.523809523809524	4	40	0.9
0.219512195121951	4	40	0.9
0.119047619047619	4	40	0.9
0.0892857142857143	4	40	0.9
0.166666666666667	4	40	0.9
0.236842105263158	4	40	0.9
0.156862745098039	4	40	0.9
0.26530612244898	4	40	0.9
0.148936170212766	4	40	0.9
0.133333333333333	4	40	0.9
0.148148148148148	4	40	0.9
0.380952380952381	4	40	0.9
0.137931034482759	4	40	0.9
0.166666666666667	4	40	0.9
0.315789473684211	4	40	0.9
0.318181818181818	4	40	0.9
0.153846153846154	4	40	0.9
