VAF	CN	avg.depth	purity
1	1	21	1
0.588235294117647	1	21	1
0.944444444444444	1	21	1
1	1	21	1
0.15	1	21	1
0.363636363636364	1	21	1
0.909090909090909	1	21	1
0.194444444444444	1	21	1
0.454545454545455	1	21	1
0.230769230769231	1	21	1
0.91304347826087	1	21	1
0.375	1	21	1
0.923076923076923	1	21	1
0.185185185185185	1	21	1
0.157894736842105	1	21	1
0.585365853658537	1	21	1
1	1	21	1
0.846153846153846	1	21	1
1	1	21	1
0.9	1	21	1
0.230769230769231	1	21	1
0.5	1	21	1
0.157894736842105	1	21	1
0.222222222222222	1	21	1
0.157894736842105	1	21	1
0.344827586206897	1	21	1
0.261904761904762	2	39	1
0.538461538461538	2	39	1
0.135593220338983	2	39	1
0.259259259259259	2	39	1
0.2	2	39	1
0.145454545454545	2	39	1
0.111111111111111	2	39	1
0.120689655172414	2	39	1
0.463414634146341	2	39	1
0.529411764705882	2	39	1
0.0649350649350649	2	39	1
0.595238095238095	2	39	1
0.166666666666667	2	39	1
0.119402985074627	2	39	1
0.140350877192982	2	39	1
0.181818181818182	2	39	1
0.26	2	39	1
0.131147540983607	2	39	1
0.24	2	39	1
0.25	2	39	1
0.078125	2	39	1
0.36	2	39	1
0.487179487179487	2	39	1
0.24	2	39	1
0.4	2	39	1
0.463414634146341	2	39	1
0.333333333333333	2	39	1
0.151515151515152	2	39	1
0.19047619047619	2	39	1
0.170731707317073	2	39	1
0.266666666666667	2	39	1
0.266666666666667	2	39	1
0.645161290322581	2	39	1
0.214285714285714	2	39	1
0.538461538461538	2	39	1
0.540540540540541	2	39	1
0.558139534883721	2	39	1
0.285714285714286	2	39	1
0.573529411764706	2	39	1
0.193548387096774	2	39	1
0.260869565217391	2	39	1
0.428571428571429	2	39	1
0.275	2	39	1
0.5	2	39	1
0.5	2	39	1
0.39344262295082	2	39	1
0.195652173913043	2	39	1
0.41304347826087	2	39	1
0.25	2	39	1
0.545454545454545	2	39	1
0.555555555555556	2	39	1
0.461538461538462	2	39	1
0.459459459459459	2	39	1
0.393939393939394	2	39	1
0.131578947368421	2	39	1
0.620689655172414	2	39	1
0.434782608695652	2	39	1
0.30188679245283	2	39	1
0.288888888888889	2	39	1
0.425925925925926	2	39	1
0.444444444444444	2	39	1
0.479166666666667	2	39	1
0.133333333333333	2	39	1
0.620689655172414	2	39	1
0.325	2	39	1
0.2	2	39	1
0.325	2	39	1
0.210526315789474	2	39	1
0.260869565217391	2	39	1
0.204545454545455	2	39	1
0.384615384615385	2	39	1
0.51063829787234	2	39	1
0.432432432432432	2	39	1
0.28125	2	39	1
0.384615384615385	2	39	1
0.428571428571429	2	39	1
0.24	2	39	1
0.472222222222222	2	39	1
0.555555555555556	2	39	1
0.121212121212121	2	39	1
0.625	2	39	1
0.472222222222222	2	39	1
0.6	2	39	1
0.535714285714286	2	39	1
0.516129032258065	2	39	1
0.268292682926829	2	39	1
0.159090909090909	2	39	1
0.166666666666667	2	39	1
0.2	2	39	1
0.159090909090909	2	39	1
0.157894736842105	2	39	1
0.483870967741935	2	39	1
0.131578947368421	2	39	1
0.346153846153846	2	39	1
0.342857142857143	2	39	1
0.218181818181818	2	39	1
0.166666666666667	2	39	1
0.205882352941176	2	39	1
0.266666666666667	2	39	1
0.581818181818182	2	39	1
0.411764705882353	2	39	1
0.19047619047619	2	39	1
0.133333333333333	2	39	1
0.4	2	39	1
0.422222222222222	2	39	1
0.239130434782609	2	39	1
0.416666666666667	2	39	1
0.533333333333333	2	39	1
0.129032258064516	2	39	1
0.384615384615385	2	39	1
0.4	2	39	1
0.136363636363636	2	39	1
0.6	2	39	1
0.266666666666667	2	39	1
0.62962962962963	2	39	1
0.392857142857143	2	39	1
0.530612244897959	2	39	1
0.450980392156863	2	39	1
0.5	2	39	1
0.575	2	39	1
0.1875	2	39	1
0.394736842105263	2	39	1
0.357142857142857	2	39	1
0.473684210526316	2	39	1
0.239130434782609	2	39	1
0.48936170212766	2	39	1
0.108108108108108	2	39	1
0.447368421052632	2	39	1
0.366666666666667	2	39	1
0.125	2	39	1
0.541666666666667	2	39	1
0.272727272727273	2	39	1
0.285714285714286	2	39	1
0.588235294117647	2	39	1
0.375	2	39	1
0.551724137931034	2	39	1
0.291666666666667	2	39	1
0.568627450980392	2	39	1
0.48	2	39	1
0.578947368421053	2	39	1
0.119047619047619	2	39	1
0.484848484848485	2	39	1
0.357142857142857	2	39	1
0.608695652173913	2	39	1
0.147058823529412	2	39	1
0.555555555555556	2	39	1
0.217391304347826	2	39	1
0.0882352941176471	2	39	1
0.58695652173913	2	39	1
0.225806451612903	2	39	1
0.307692307692308	2	39	1
0.4	2	39	1
0.333333333333333	2	39	1
0.333333333333333	2	39	1
0.235294117647059	2	39	1
0.432432432432432	2	39	1
0.294117647058824	2	39	1
0.3	2	39	1
0.135135135135135	2	39	1
0.342857142857143	2	39	1
0.163636363636364	2	39	1
0.103448275862069	2	39	1
0.103448275862069	2	39	1
0.68	2	39	1
0.388888888888889	2	39	1
0.230769230769231	2	39	1
0.434782608695652	2	39	1
0.488372093023256	2	39	1
0.28	2	39	1
0.25	2	39	1
0.540540540540541	2	39	1
0.206896551724138	2	39	1
0.541666666666667	2	39	1
0.581395348837209	2	39	1
0.175438596491228	2	39	1
0.333333333333333	2	39	1
1	2	39	1
0.515151515151515	2	39	1
0.275	2	39	1
0.565217391304348	2	39	1
0.292682926829268	2	39	1
0.171428571428571	2	39	1
0.25	2	39	1
0.2	2	39	1
0.416666666666667	2	39	1
0.125	2	39	1
0.225	2	39	1
0.35	2	39	1
0.555555555555556	2	39	1
0.368421052631579	2	39	1
0.444444444444444	2	39	1
0.241379310344828	2	39	1
0.2	2	39	1
0.466666666666667	2	39	1
0.523809523809524	2	39	1
0.481481481481481	2	39	1
0.333333333333333	2	39	1
0.535714285714286	2	39	1
0.5	2	39	1
0.3125	2	39	1
0.354838709677419	2	39	1
0.1875	2	39	1
0.4375	2	39	1
0.42	2	39	1
0.310344827586207	2	39	1
0.64	2	39	1
0.15	2	39	1
0.4	2	39	1
0.5	2	39	1
0.169811320754717	2	39	1
0.428571428571429	2	39	1
0.5	2	39	1
0.531914893617021	2	39	1
0.454545454545455	2	39	1
0.24	2	39	1
0.580645161290323	2	39	1
0.333333333333333	2	39	1
0.193548387096774	2	39	1
0.490196078431373	2	39	1
0.387755102040816	2	39	1
0.272727272727273	2	39	1
0.583333333333333	2	39	1
0.466666666666667	2	39	1
0.25	2	39	1
0.171428571428571	2	39	1
0.588235294117647	2	39	1
0.444444444444444	2	39	1
0.130434782608696	2	39	1
0.571428571428571	2	39	1
0.423076923076923	2	39	1
0.478260869565217	2	39	1
0.431818181818182	2	39	1
0.372093023255814	2	39	1
0.220338983050847	2	39	1
0.0980392156862745	2	39	1
0.125	2	39	1
0.459459459459459	2	39	1
0.0972222222222222	2	39	1
0.181818181818182	2	39	1
0.474576271186441	2	39	1
0.160714285714286	2	39	1
0.423728813559322	2	39	1
0.14	2	39	1
0.13953488372093	2	39	1
0.09375	2	39	1
0.433333333333333	2	39	1
0.564102564102564	2	39	1
0.607142857142857	2	39	1
0.107142857142857	2	39	1
0.135135135135135	2	39	1
0.371428571428571	2	39	1
0.451612903225806	2	39	1
0.232558139534884	2	39	1
0.58974358974359	2	39	1
0.129032258064516	2	39	1
0.419354838709677	2	39	1
0.465116279069767	2	39	1
0.307692307692308	2	39	1
0.351351351351351	2	39	1
0.444444444444444	2	39	1
0.184210526315789	2	39	1
0.173913043478261	2	39	1
0.111111111111111	2	39	1
0.666666666666667	2	39	1
0.533333333333333	2	39	1
0.471698113207547	2	39	1
0.555555555555556	2	39	1
0.111111111111111	2	39	1
0.441176470588235	2	39	1
0.363636363636364	2	39	1
0.5	2	39	1
0.0845070422535211	2	39	1
0.51219512195122	2	39	1
0.3	2	39	1
0.444444444444444	2	39	1
0.25	2	39	1
0.486486486486487	2	39	1
0.555555555555556	2	39	1
0.58974358974359	2	39	1
0.125	2	39	1
0.606060606060606	2	39	1
0.166666666666667	2	39	1
0.2	2	39	1
0.486486486486487	2	39	1
0.5	2	39	1
0.25	2	39	1
0.605263157894737	2	39	1
0.191489361702128	2	39	1
0.53125	2	39	1
0.1875	2	39	1
0.527777777777778	2	39	1
0.375	2	39	1
0.325	2	39	1
0.0983606557377049	2	39	1
0.128205128205128	2	39	1
0.421052631578947	2	39	1
0.151515151515152	2	39	1
0.613636363636364	2	39	1
0.12280701754386	2	39	1
0.0909090909090909	2	39	1
0.266666666666667	2	39	1
0.142857142857143	2	39	1
0.386363636363636	2	39	1
0.5	2	39	1
0.133333333333333	2	39	1
0.107142857142857	2	39	1
0.461538461538462	2	39	1
0.111111111111111	2	39	1
0.512820512820513	2	39	1
0.172413793103448	2	39	1
0.294117647058824	2	39	1
0.371428571428571	2	39	1
0.696969696969697	2	39	1
0.333333333333333	2	39	1
0.439024390243902	2	39	1
0.447368421052632	2	39	1
0.529411764705882	2	39	1
0.5	2	39	1
0.5	2	39	1
0.466666666666667	2	39	1
0.173076923076923	2	39	1
0.490196078431373	2	39	1
0.272727272727273	2	39	1
0.127272727272727	2	39	1
0.166666666666667	2	39	1
0.289473684210526	2	39	1
0.428571428571429	2	39	1
0.454545454545455	2	39	1
0.459459459459459	2	39	1
0.5	2	39	1
0.5	2	39	1
0.136363636363636	2	39	1
0.423076923076923	2	39	1
0.156862745098039	2	39	1
0.515151515151515	2	39	1
0.548387096774194	2	39	1
0.32258064516129	2	39	1
0.222222222222222	2	39	1
0.526315789473684	2	39	1
0.518518518518518	2	39	1
0.272727272727273	2	39	1
0.451612903225806	2	39	1
0.106382978723404	2	39	1
0.333333333333333	2	39	1
0.176470588235294	2	39	1
0.424242424242424	2	39	1
0.461538461538462	2	39	1
0.325	2	39	1
0.575757575757576	2	39	1
0.297297297297297	2	39	1
0.425925925925926	2	39	1
0.482758620689655	2	39	1
0.444444444444444	2	39	1
0.404761904761905	2	39	1
0.526315789473684	2	39	1
0.146341463414634	2	39	1
0.387755102040816	2	39	1
0.441176470588235	2	39	1
0.5	2	39	1
0.260869565217391	2	39	1
0.185185185185185	2	39	1
0.461538461538462	2	39	1
0.478260869565217	2	39	1
0.484848484848485	2	39	1
0.176470588235294	2	39	1
0.185185185185185	2	39	1
0.588235294117647	2	39	1
0.216216216216216	2	39	1
0.518518518518518	2	39	1
0.121212121212121	2	39	1
0.418604651162791	2	39	1
0.533333333333333	2	39	1
0.423076923076923	2	39	1
0.258064516129032	2	39	1
0.48780487804878	2	39	1
0.431818181818182	2	39	1
0.166666666666667	2	39	1
0.5	2	39	1
0.509433962264151	2	39	1
0.645161290322581	2	39	1
0.482142857142857	2	39	1
0.275	2	39	1
0.418604651162791	2	39	1
0.352941176470588	2	39	1
0.416666666666667	2	39	1
0.230769230769231	2	39	1
0.0967741935483871	2	39	1
0.0983606557377049	2	39	1
0.142857142857143	2	39	1
0.111111111111111	2	39	1
0.1	2	39	1
0.464285714285714	2	39	1
0.388888888888889	2	39	1
0.448979591836735	2	39	1
0.485714285714286	2	39	1
0.388888888888889	2	39	1
0.242424242424242	2	39	1
0.136363636363636	2	39	1
0.457142857142857	2	39	1
0.224489795918367	2	39	1
0.421052631578947	2	39	1
0.186046511627907	2	39	1
0.533333333333333	2	39	1
0.272727272727273	2	39	1
0.142857142857143	2	39	1
0.463768115942029	2	39	1
0.375	2	39	1
0.363636363636364	2	39	1
0.170731707317073	2	39	1
0.424242424242424	2	39	1
0.464285714285714	2	39	1
0.15	2	39	1
0.166666666666667	2	39	1
0.179487179487179	2	39	1
0.19047619047619	2	39	1
0.162162162162162	2	39	1
0.571428571428571	2	39	1
0.478260869565217	2	39	1
0.261904761904762	2	39	1
0.392857142857143	2	39	1
0.566666666666667	2	39	1
0.48	2	39	1
0.297872340425532	2	39	1
0.491228070175439	2	39	1
0.476190476190476	2	39	1
0.470588235294118	2	39	1
0.0714285714285714	2	39	1
0.242424242424242	2	39	1
0.260869565217391	2	39	1
0.189189189189189	2	39	1
0.104166666666667	2	39	1
0.111111111111111	2	39	1
0.125	2	39	1
0.115384615384615	2	39	1
0.171428571428571	2	39	1
0.5	2	39	1
0.459016393442623	2	39	1
0.18	2	39	1
0.5	2	39	1
0.35	2	39	1
0.372549019607843	2	39	1
0.379310344827586	2	39	1
0.285714285714286	2	39	1
0.454545454545455	2	39	1
0.243243243243243	2	39	1
0.166666666666667	2	39	1
0.230769230769231	2	39	1
0.439024390243902	2	39	1
0.394736842105263	2	39	1
0.428571428571429	2	39	1
0.184210526315789	2	39	1
0.59375	2	39	1
0.392857142857143	2	39	1
0.571428571428571	2	39	1
0.454545454545455	2	39	1
0.14	2	39	1
0.170731707317073	2	39	1
0.366666666666667	2	39	1
0.1	2	39	1
0.432432432432432	2	39	1
0.181818181818182	2	39	1
0.333333333333333	2	39	1
0.154929577464789	2	39	1
0.394736842105263	2	39	1
0.423076923076923	2	39	1
0.375	2	39	1
0.310344827586207	2	39	1
0.515151515151515	2	39	1
0.476190476190476	2	39	1
0.531914893617021	2	39	1
0.447368421052632	2	39	1
0.137931034482759	2	39	1
0.458333333333333	2	39	1
0.193548387096774	2	39	1
0.5	2	39	1
0.414634146341463	2	39	1
0.37037037037037	2	39	1
0.351351351351351	2	39	1
0.62962962962963	2	39	1
0.354166666666667	2	39	1
0.509803921568627	2	39	1
0.466666666666667	2	39	1
0.5	2	39	1
0.130434782608696	2	39	1
0.375	2	39	1
0.553191489361702	2	39	1
0.285714285714286	2	39	1
0.142857142857143	2	39	1
0.195121951219512	2	39	1
0.307692307692308	2	39	1
0.488372093023256	2	39	1
0.566037735849057	2	39	1
0.390243902439024	2	39	1
0.265957446808511	2	39	1
0.636363636363636	2	39	1
0.142857142857143	2	39	1
0.368421052631579	2	39	1
0.454545454545455	2	39	1
0.526315789473684	2	39	1
0.488888888888889	2	39	1
0.512820512820513	2	39	1
0.157894736842105	2	39	1
0.333333333333333	2	39	1
0.564102564102564	2	39	1
0.117647058823529	2	39	1
0.727272727272727	2	39	1
0.347826086956522	2	39	1
0.272727272727273	2	39	1
0.242424242424242	2	39	1
0.451612903225806	2	39	1
0.32258064516129	2	39	1
0.75	2	39	1
0.75	2	39	1
0.428571428571429	2	39	1
0.314285714285714	2	39	1
0.212121212121212	2	39	1
0.48	2	39	1
0.538461538461538	2	39	1
0.153846153846154	2	39	1
0.552631578947368	2	39	1
0.436363636363636	2	39	1
0.148148148148148	2	39	1
0.638888888888889	2	39	1
0.155555555555556	2	39	1
0.145454545454545	2	39	1
0.451612903225806	2	39	1
0.611111111111111	2	39	1
0.127659574468085	2	39	1
0.4	2	39	1
0.111111111111111	2	39	1
0.436363636363636	2	39	1
0.1	2	39	1
0.474576271186441	2	39	1
0.4375	2	39	1
0.317073170731707	2	39	1
0.173913043478261	2	39	1
0.4	2	39	1
0.529411764705882	2	39	1
0.171428571428571	2	39	1
0.431372549019608	2	39	1
0.2	2	39	1
0.58695652173913	2	39	1
0.162162162162162	2	39	1
0.477272727272727	2	39	1
0.272727272727273	2	39	1
0.55	2	39	1
0.225	2	39	1
0.468085106382979	2	39	1
0.461538461538462	2	39	1
0.615384615384615	2	39	1
0.511111111111111	2	39	1
0.132075471698113	2	39	1
0.478260869565217	2	39	1
0.585365853658537	2	39	1
0.222222222222222	2	39	1
0.466666666666667	2	39	1
0.586206896551724	2	39	1
0.235294117647059	2	39	1
0.106382978723404	2	39	1
0.625	2	39	1
0.296296296296296	2	39	1
0.315789473684211	2	39	1
0.346153846153846	2	39	1
0.382352941176471	2	39	1
0.0980392156862745	2	39	1
0.486486486486487	2	39	1
0.454545454545455	2	39	1
0.1875	2	39	1
0.533333333333333	2	39	1
0.444444444444444	2	39	1
0.461538461538462	2	39	1
0.285714285714286	2	39	1
0.375	2	39	1
0.515151515151515	2	39	1
0.206896551724138	2	39	1
0.121212121212121	2	39	1
0.272727272727273	2	39	1
0.243243243243243	2	39	1
0.319148936170213	2	39	1
0.52	2	39	1
0.315789473684211	2	39	1
0.395348837209302	2	39	1
0.344827586206897	2	39	1
0.558823529411765	2	39	1
0.441176470588235	2	39	1
0.193548387096774	2	39	1
0.457142857142857	2	39	1
0.133333333333333	2	39	1
0.333333333333333	2	39	1
0.409090909090909	2	39	1
0.492537313432836	2	39	1
0.229166666666667	2	39	1
0.230769230769231	2	39	1
0.2	2	39	1
0.142857142857143	2	39	1
0.36734693877551	2	39	1
0.462962962962963	2	39	1
0.553191489361702	2	39	1
0.0895522388059701	2	39	1
0.305555555555556	2	39	1
0.333333333333333	2	39	1
0.6	2	39	1
0.276595744680851	2	39	1
0.52	2	39	1
0.256410256410256	2	39	1
0.25	2	39	1
0.444444444444444	2	39	1
0.288888888888889	2	39	1
0.486486486486487	2	39	1
0.636363636363636	2	39	1
0.533333333333333	2	39	1
0.269230769230769	2	39	1
0.111111111111111	2	39	1
0.548387096774194	2	39	1
0.1125	2	39	1
0.428571428571429	2	39	1
0.354838709677419	2	39	1
0.428571428571429	2	39	1
0.545454545454545	2	39	1
0.666666666666667	2	39	1
0.222222222222222	2	39	1
0.428571428571429	2	39	1
0.514285714285714	2	39	1
0.176470588235294	2	39	1
0.371428571428571	2	39	1
0.55	2	39	1
0.5	2	39	1
0.392156862745098	2	39	1
0.32	2	39	1
0.315789473684211	2	39	1
0.142857142857143	2	39	1
0.411764705882353	2	39	1
0.425531914893617	2	39	1
0.566666666666667	2	39	1
0.547619047619048	2	39	1
0.476190476190476	2	39	1
0.212765957446809	2	39	1
0.761904761904762	2	39	1
0.37037037037037	2	39	1
0.157894736842105	2	39	1
0.380952380952381	2	39	1
0.386363636363636	2	39	1
0.441176470588235	2	39	1
0.421052631578947	2	39	1
0.263157894736842	2	39	1
0.454545454545455	2	39	1
0.4375	2	39	1
0.107142857142857	2	39	1
0.188405797101449	2	39	1
0.152173913043478	2	39	1
0.347826086956522	2	39	1
0.176470588235294	2	39	1
0.291666666666667	2	39	1
0.543478260869565	2	39	1
0.16	2	39	1
0.222222222222222	2	39	1
0.227272727272727	2	39	1
0.48	2	39	1
0.170731707317073	2	39	1
0.5	2	39	1
0.472727272727273	2	39	1
0.395348837209302	2	39	1
0.483870967741935	2	39	1
0.107692307692308	2	39	1
0.340909090909091	2	39	1
0.48936170212766	2	39	1
0.150943396226415	2	39	1
0.560975609756098	2	39	1
0.178571428571429	2	39	1
0.298245614035088	2	39	1
0.541666666666667	2	39	1
0.371428571428571	2	39	1
0.416666666666667	2	39	1
0.394736842105263	2	39	1
0.238095238095238	2	39	1
0.578947368421053	2	39	1
0.5	2	39	1
0.4	2	39	1
0.170212765957447	2	39	1
0.565217391304348	2	39	1
0.210526315789474	2	39	1
0.461538461538462	2	39	1
0.48	2	39	1
0.473684210526316	2	39	1
0.116279069767442	2	39	1
0.176470588235294	2	39	1
0.260869565217391	2	39	1
0.479166666666667	2	39	1
0.4	2	39	1
0.529411764705882	2	39	1
0.542857142857143	2	39	1
0.166666666666667	2	39	1
0.282051282051282	2	39	1
0.352941176470588	2	39	1
0.5	2	39	1
0.179487179487179	2	39	1
0.413793103448276	2	39	1
0.611111111111111	2	39	1
0.137931034482759	2	39	1
0.452380952380952	2	39	1
0.508771929824561	2	39	1
0.0921052631578947	2	39	1
0.6	2	39	1
0.476190476190476	2	39	1
0.459459459459459	2	39	1
0.125	2	39	1
0.447368421052632	2	39	1
0.217391304347826	2	39	1
0.52	2	39	1
0.157894736842105	2	39	1
0.555555555555556	2	39	1
0.511627906976744	2	39	1
0.441860465116279	2	39	1
0.560606060606061	2	39	1
0.551020408163265	2	39	1
0.166666666666667	2	39	1
0.194444444444444	2	39	1
0.525	2	39	1
0.470588235294118	2	39	1
0.155555555555556	2	39	1
0.27027027027027	2	39	1
0.447368421052632	2	39	1
0.5	2	39	1
0.155555555555556	2	39	1
0.145833333333333	2	39	1
0.321428571428571	2	39	1
0.380952380952381	2	39	1
0.5625	2	39	1
0.565217391304348	2	39	1
0.153846153846154	2	39	1
0.527777777777778	2	39	1
0.384615384615385	2	39	1
0.619047619047619	2	39	1
0.410714285714286	2	39	1
0.466666666666667	2	39	1
0.45	2	39	1
0.4	2	39	1
0.538461538461538	2	39	1
0.333333333333333	2	39	1
0.111111111111111	2	39	1
0.4	2	39	1
0.533333333333333	2	39	1
0.388888888888889	2	39	1
0.413793103448276	2	39	1
0.55	2	39	1
0.1	2	39	1
0.290322580645161	2	39	1
0.5	2	39	1
0.548387096774194	2	39	1
0.157894736842105	2	39	1
0.473684210526316	2	39	1
0.138888888888889	2	39	1
0.592592592592593	2	39	1
0.543478260869565	2	39	1
0.388888888888889	2	39	1
0.456140350877193	2	39	1
0.636363636363636	2	39	1
0.46875	2	39	1
0.0985915492957746	2	39	1
0.511627906976744	2	39	1
0.489795918367347	2	39	1
0.264705882352941	2	39	1
0.275	2	39	1
0.162790697674419	2	39	1
0.1	2	39	1
0.442307692307692	2	39	1
0.540540540540541	2	39	1
0.444444444444444	2	39	1
0.619718309859155	2	39	1
0.402597402597403	2	39	1
0.421052631578947	2	39	1
0.188405797101449	2	39	1
0.5	2	39	1
0.133333333333333	2	39	1
0.133333333333333	2	39	1
0.346153846153846	2	39	1
0.173076923076923	2	39	1
0.452830188679245	2	39	1
0.454545454545455	2	39	1
0.441860465116279	2	39	1
0.25	2	39	1
0.210526315789474	2	39	1
0.535714285714286	2	39	1
0.448979591836735	2	39	1
0.166666666666667	2	39	1
0.473684210526316	2	39	1
0.595238095238095	2	39	1
0.137931034482759	2	39	1
0.566037735849057	2	39	1
0.387755102040816	2	39	1
0.545454545454545	2	39	1
0.375	2	39	1
0.148148148148148	2	39	1
0.488888888888889	2	39	1
0.260869565217391	2	39	1
0.666666666666667	2	39	1
0.195121951219512	2	39	1
0.171428571428571	2	39	1
0.452380952380952	2	39	1
0.484848484848485	2	39	1
0.228571428571429	2	39	1
0.558823529411765	2	39	1
0.25	2	39	1
0.12	2	39	1
0.109090909090909	2	39	1
0.5	2	39	1
0.6	2	39	1
0.157894736842105	2	39	1
0.256410256410256	2	39	1
0.442857142857143	2	39	1
0.341463414634146	2	39	1
0.382352941176471	2	39	1
0.272727272727273	2	39	1
0.34375	2	39	1
0.142857142857143	2	39	1
0.483870967741935	2	39	1
0.266666666666667	2	39	1
0.583333333333333	2	39	1
0.444444444444444	2	39	1
0.2	2	39	1
0.571428571428571	2	39	1
0.484848484848485	2	39	1
0.5	2	39	1
0.153846153846154	2	39	1
0.385964912280702	2	39	1
0.333333333333333	2	39	1
0.658536585365854	2	39	1
0.542857142857143	2	39	1
0.217391304347826	2	39	1
0.540983606557377	2	39	1
0.46875	2	39	1
0.575	2	39	1
0.25	2	39	1
0.072463768115942	2	39	1
0.244444444444444	2	39	1
0.2	2	39	1
0.466666666666667	2	39	1
0.120689655172414	2	39	1
0.318181818181818	2	39	1
0.255813953488372	2	39	1
0.583333333333333	2	39	1
0.454545454545455	2	39	1
0.125	2	39	1
1	2	39	1
0.357142857142857	2	39	1
0.451612903225806	2	39	1
0.555555555555556	2	39	1
0.487179487179487	2	39	1
0.352941176470588	2	39	1
0.536585365853659	2	39	1
0.5	2	39	1
0.41025641025641	2	39	1
0.507936507936508	2	39	1
0.285714285714286	2	39	1
0.0909090909090909	2	39	1
0.2	2	39	1
0.37037037037037	2	39	1
0.4	2	39	1
0.6	2	39	1
0.439024390243902	2	39	1
0.25	2	39	1
0.541666666666667	2	39	1
0.451612903225806	2	39	1
0.172413793103448	2	39	1
0.137931034482759	2	39	1
0.285714285714286	2	39	1
0.142857142857143	2	39	1
0.529411764705882	2	39	1
0.34	2	39	1
0.453125	2	39	1
0.565217391304348	2	39	1
0.189655172413793	2	39	1
0.666666666666667	2	39	1
0.24	2	39	1
0.214285714285714	2	39	1
0.538461538461538	2	39	1
0.181818181818182	2	39	1
0.418181818181818	2	39	1
0.263888888888889	2	39	1
0.109090909090909	2	39	1
0.0909090909090909	2	39	1
0.108695652173913	2	39	1
0.555555555555556	2	39	1
0.44	2	39	1
0.448979591836735	2	39	1
0.166666666666667	2	39	1
0.166666666666667	2	39	1
0.259259259259259	2	39	1
0.404761904761905	2	39	1
0.527777777777778	2	39	1
0.527777777777778	2	39	1
0.527272727272727	2	39	1
0.17741935483871	2	39	1
0.407407407407407	2	39	1
0.545454545454545	2	39	1
0.194444444444444	2	39	1
0.461538461538462	2	39	1
0.409090909090909	2	39	1
0.339285714285714	2	39	1
0.523809523809524	2	39	1
0.358974358974359	2	39	1
0.479166666666667	2	39	1
0.475	2	39	1
0.416666666666667	2	39	1
0.127659574468085	2	39	1
0.366666666666667	2	39	1
0.294117647058824	2	39	1
0.540540540540541	2	39	1
0.536585365853659	2	39	1
0.479166666666667	2	39	1
0.170731707317073	2	39	1
0.133333333333333	2	39	1
0.507692307692308	2	39	1
0.25	2	39	1
0.391304347826087	2	39	1
0.324324324324324	2	39	1
0.484848484848485	2	39	1
0.435897435897436	2	39	1
0.171428571428571	2	39	1
0.41025641025641	2	39	1
0.423076923076923	2	39	1
0.171428571428571	2	39	1
0.4	2	39	1
0.511111111111111	2	39	1
0.162790697674419	2	39	1
0.310344827586207	2	39	1
0.411764705882353	2	39	1
0.549019607843137	2	39	1
0.162790697674419	2	39	1
0.210526315789474	2	39	1
0.107142857142857	2	39	1
0.242424242424242	2	39	1
0.111111111111111	2	39	1
0.181818181818182	2	39	1
0.384615384615385	2	39	1
0.272727272727273	2	39	1
0.448275862068966	2	39	1
0.234042553191489	2	39	1
0.238095238095238	2	39	1
0.5	2	39	1
0.432835820895522	2	39	1
0.144736842105263	2	39	1
0.489795918367347	2	39	1
0.395348837209302	2	39	1
0.0833333333333333	2	39	1
0.176470588235294	2	39	1
0.0746268656716418	2	39	1
0.222222222222222	2	39	1
0.157894736842105	2	39	1
0.418181818181818	2	39	1
0.5	2	39	1
0.533333333333333	2	39	1
0.313432835820896	2	39	1
0.166666666666667	2	39	1
0.46875	2	39	1
0.171428571428571	2	39	1
0.5	2	39	1
0.115384615384615	2	39	1
0.188679245283019	2	39	1
0.12962962962963	2	39	1
0.419354838709677	2	39	1
0.486486486486487	2	39	1
0.540983606557377	2	39	1
0.207547169811321	2	39	1
0.384615384615385	2	39	1
0.510204081632653	2	39	1
0.555555555555556	2	39	1
0.257142857142857	2	39	1
0.567567567567568	2	39	1
0.576271186440678	2	39	1
0.137254901960784	2	39	1
0.179487179487179	2	39	1
0.166666666666667	2	39	1
0.159090909090909	2	39	1
0.159090909090909	2	39	1
0.183673469387755	2	39	1
0.310344827586207	2	39	1
0.5	2	39	1
0.253333333333333	2	39	1
0.486486486486487	2	39	1
0.341463414634146	2	39	1
0.474576271186441	2	39	1
0.5	2	39	1
0.452380952380952	2	39	1
0.415094339622642	2	39	1
0.12962962962963	2	39	1
0.225806451612903	2	39	1
0.072289156626506	2	39	1
0.186440677966102	2	39	1
0.375	2	39	1
0.222222222222222	2	39	1
0.17741935483871	2	39	1
0.105263157894737	2	39	1
0.305555555555556	2	39	1
0.5	2	39	1
0.555555555555556	2	39	1
0.37037037037037	2	39	1
0.342105263157895	2	39	1
0.13953488372093	2	39	1
0.444444444444444	2	39	1
0.137931034482759	2	39	1
0.194444444444444	2	39	1
0.104166666666667	2	39	1
0.277777777777778	2	39	1
0.431818181818182	2	39	1
0.137254901960784	2	39	1
0.428571428571429	2	39	1
0.518518518518518	2	39	1
0.205882352941176	2	39	1
0.511111111111111	2	39	1
0.103448275862069	2	39	1
0.224137931034483	2	39	1
0.0967741935483871	2	39	1
0.186440677966102	2	39	1
0.109090909090909	2	39	1
0.238095238095238	2	39	1
0.232558139534884	2	39	1
0.423076923076923	2	39	1
0.4	2	39	1
0.490909090909091	2	39	1
0.555555555555556	2	39	1
0.53125	2	39	1
0.35	2	39	1
0.392857142857143	2	39	1
0.285714285714286	3	66	1
0.152777777777778	3	66	1
0.125	3	66	1
0.410714285714286	3	66	1
0.162162162162162	3	66	1
0.241379310344828	3	66	1
0.112903225806452	3	66	1
0.196969696969697	3	66	1
0.607142857142857	3	66	1
0.272727272727273	3	66	1
0.16	3	66	1
0.246575342465753	3	66	1
0.290322580645161	3	66	1
0.0957446808510638	3	66	1
1	3	66	1
0.75	3	66	1
0.205128205128205	3	66	1
0.210526315789474	3	66	1
0.397260273972603	3	66	1
0.215686274509804	3	66	1
0.232876712328767	3	66	1
0.287878787878788	3	66	1
0.287671232876712	3	66	1
0.123076923076923	3	66	1
0.207547169811321	3	66	1
0.328125	3	66	1
0.208333333333333	3	66	1
0.257142857142857	3	66	1
0.1	3	66	1
0.277777777777778	3	66	1
0.273684210526316	3	66	1
0.0545454545454545	3	66	1
0.05	3	66	1
0.0531914893617021	3	66	1
0.294117647058824	3	66	1
0.075	3	66	1
0.075	3	66	1
0.148648648648649	3	66	1
0.203252032520325	3	66	1
0.106194690265487	3	66	1
0.109090909090909	3	66	1
0.259259259259259	3	66	1
0.214285714285714	3	66	1
0.0526315789473684	3	66	1
0.07	3	66	1
0.0693069306930693	3	66	1
0.126984126984127	3	66	1
0.158730158730159	3	66	1
0.134328358208955	3	66	1
0.154929577464789	3	66	1
0.0595238095238095	3	66	1
0.25609756097561	3	66	1
0.212121212121212	3	66	1
0.0892857142857143	3	66	1
0.0952380952380952	3	66	1
0.3125	3	66	1
0.0806451612903226	3	66	1
0.18	3	66	1
0.272727272727273	3	66	1
0.25	3	66	1
0.175438596491228	3	66	1
0.175438596491228	3	66	1
0.315789473684211	3	66	1
0.196428571428571	3	66	1
0.0793650793650794	3	66	1
0.327586206896552	3	66	1
0.144736842105263	3	66	1
0.195121951219512	3	66	1
0.2	3	66	1
0.104761904761905	3	66	1
0.327586206896552	3	66	1
0.340909090909091	3	66	1
0.108108108108108	3	66	1
0.277777777777778	3	66	1
0.395348837209302	3	66	1
0.333333333333333	3	66	1
0.122448979591837	3	66	1
0.358208955223881	3	66	1
0.107692307692308	3	66	1
0.0769230769230769	3	66	1
0.212121212121212	3	66	1
0.323529411764706	3	66	1
0.405405405405405	3	66	1
0.191489361702128	3	66	1
0.111111111111111	3	66	1
0.259259259259259	3	66	1
0.12280701754386	3	66	1
0.236363636363636	3	66	1
0.111111111111111	3	66	1
0.15	3	66	1
0.102941176470588	3	66	1
0.0675675675675676	3	66	1
0.242424242424242	3	66	1
0.153846153846154	3	66	1
0.078125	3	66	1
0.144927536231884	3	66	1
0.0603448275862069	3	66	1
0.0454545454545455	3	66	1
0.256410256410256	3	66	1
0.376470588235294	3	66	1
0.369047619047619	3	66	1
0.0645161290322581	3	66	1
0.0652173913043478	3	66	1
0.0943396226415094	3	66	1
0.159090909090909	3	66	1
0.2	3	66	1
0.2	3	66	1
0.112903225806452	3	66	1
0.779220779220779	4	77	1
