VAF	CN	avg.depth	purity
0.4375	1	19	1
0.833333333333333	1	19	1
0.55	1	19	1
1	1	19	1
1	1	19	1
0.888888888888889	1	19	1
0.882352941176471	1	19	1
0.636363636363636	1	19	1
1	1	19	1
0.933333333333333	1	19	1
0.941176470588235	1	19	1
1	1	19	1
0.91304347826087	1	19	1
0.9375	1	19	1
0.958333333333333	1	19	1
0.896551724137931	1	19	1
0.805555555555556	1	19	1
0.923076923076923	1	19	1
0.888888888888889	1	19	1
0.888888888888889	1	19	1
0.136363636363636	1	19	1
0.434782608695652	2	36	1
0.439024390243902	2	36	1
0.527777777777778	2	36	1
0.5	2	36	1
0.5	2	36	1
0.189189189189189	2	36	1
0.4	2	36	1
0.485714285714286	2	36	1
0.517241379310345	2	36	1
0.541666666666667	2	36	1
0.3125	2	36	1
0.485714285714286	2	36	1
0.431372549019608	2	36	1
0.444444444444444	2	36	1
0.478260869565217	2	36	1
0.514285714285714	2	36	1
0.51219512195122	2	36	1
0.513513513513513	2	36	1
0.285714285714286	2	36	1
0.452830188679245	2	36	1
0.394736842105263	2	36	1
0.555555555555556	2	36	1
0.5	2	36	1
0.11864406779661	2	36	1
0.444444444444444	2	36	1
0.444444444444444	2	36	1
0.423076923076923	2	36	1
0.433333333333333	2	36	1
0.528301886792453	2	36	1
0.458333333333333	2	36	1
0.684210526315789	2	36	1
0.425	2	36	1
0.534883720930233	2	36	1
0.538461538461538	2	36	1
0.5	2	36	1
0.405405405405405	2	36	1
0.375	2	36	1
0.407407407407407	2	36	1
0.46875	2	36	1
0.526315789473684	2	36	1
0.212765957446809	2	36	1
0.436363636363636	2	36	1
0.371428571428571	2	36	1
0.470588235294118	2	36	1
0.6	2	36	1
0.463414634146341	2	36	1
0.702702702702703	2	36	1
0.545454545454545	2	36	1
0.424242424242424	2	36	1
0.461538461538462	2	36	1
0.555555555555556	2	36	1
0.235294117647059	2	36	1
0.13953488372093	2	36	1
0.162790697674419	2	36	1
0.166666666666667	2	36	1
0.56	2	36	1
0.458333333333333	2	36	1
0.15625	2	36	1
0.533333333333333	2	36	1
0.276595744680851	2	36	1
0.523809523809524	2	36	1
0.1875	2	36	1
0.171428571428571	2	36	1
0.434782608695652	2	36	1
0.46875	2	36	1
0.564102564102564	2	36	1
0.4	2	36	1
0.127659574468085	2	36	1
0.181818181818182	2	36	1
0.388888888888889	2	36	1
0.379310344827586	2	36	1
0.5	2	36	1
0.387096774193548	2	36	1
0.545454545454545	2	36	1
0.5	2	36	1
0.428571428571429	2	36	1
0.384615384615385	2	36	1
0.384615384615385	2	36	1
0.678571428571429	2	36	1
0.608695652173913	2	36	1
0.469387755102041	2	36	1
0.461538461538462	2	36	1
0.25	2	36	1
0.41025641025641	2	36	1
0.6	2	36	1
0.529411764705882	2	36	1
0.432432432432432	2	36	1
0.59375	2	36	1
0.411764705882353	2	36	1
0.580645161290323	2	36	1
0.6	2	36	1
0.705882352941177	2	36	1
0.590909090909091	2	36	1
0.392857142857143	2	36	1
0.538461538461538	2	36	1
0.423076923076923	2	36	1
0.395348837209302	2	36	1
0.535714285714286	2	36	1
0.483870967741935	2	36	1
0.555555555555556	2	36	1
0.536585365853659	2	36	1
0.194444444444444	2	36	1
0.24468085106383	2	36	1
0.42	2	36	1
0.352941176470588	2	36	1
0.523809523809524	2	36	1
0.608695652173913	2	36	1
0.4375	2	36	1
0.488372093023256	2	36	1
0.571428571428571	2	36	1
0.5	2	36	1
0.428571428571429	2	36	1
0.511627906976744	2	36	1
0.457142857142857	2	36	1
0.319148936170213	2	36	1
0.552631578947368	2	36	1
0.478260869565217	2	36	1
0.217391304347826	2	36	1
0.26	2	36	1
0.409090909090909	2	36	1
0.52	2	36	1
0.41025641025641	2	36	1
0.4375	2	36	1
0.515151515151515	2	36	1
0.387096774193548	2	36	1
0.5	2	36	1
0.466666666666667	2	36	1
0.538461538461538	2	36	1
0.378378378378378	2	36	1
0.578947368421053	2	36	1
0.512820512820513	2	36	1
0.368421052631579	2	36	1
0.5	2	36	1
0.384615384615385	2	36	1
0.457142857142857	2	36	1
0.411764705882353	2	36	1
0.368421052631579	2	36	1
0.5	2	36	1
0.307692307692308	2	36	1
0.4375	2	36	1
0.4	2	36	1
0.434782608695652	2	36	1
0.628571428571429	2	36	1
0.446428571428571	2	36	1
0.361111111111111	2	36	1
0.487179487179487	2	36	1
0.576923076923077	2	36	1
0.566666666666667	2	36	1
0.576923076923077	2	36	1
0.4	2	36	1
0.558823529411765	2	36	1
0.480769230769231	2	36	1
0.277777777777778	2	36	1
0.363636363636364	2	36	1
0.583333333333333	2	36	1
0.526315789473684	2	36	1
0.346153846153846	2	36	1
0.515151515151515	2	36	1
0.176470588235294	2	36	1
0.378378378378378	2	36	1
0.540540540540541	2	36	1
0.457142857142857	2	36	1
0.444444444444444	2	36	1
0.348837209302326	2	36	1
0.4	2	36	1
0.444444444444444	2	36	1
0.4	2	36	1
0.58695652173913	2	36	1
0.545454545454545	2	36	1
0.515151515151515	2	36	1
0.428571428571429	2	36	1
0.558139534883721	2	36	1
0.425531914893617	2	36	1
0.404255319148936	2	36	1
0.485714285714286	2	36	1
0.55	2	36	1
0.476190476190476	2	36	1
0.368421052631579	2	36	1
0.5	2	36	1
0.15	2	36	1
0.5	2	36	1
0.405405405405405	2	36	1
0.466666666666667	2	36	1
0.388888888888889	2	36	1
0.475	2	36	1
0.431818181818182	2	36	1
0.458333333333333	2	36	1
0.5625	2	36	1
0.466666666666667	2	36	1
0.473684210526316	2	36	1
0.172413793103448	2	36	1
0.435897435897436	2	36	1
0.5	2	36	1
0.516129032258065	2	36	1
0.466666666666667	2	36	1
0.444444444444444	2	36	1
0.425	2	36	1
0.280701754385965	2	36	1
0.5	2	36	1
0.423076923076923	2	36	1
0.269230769230769	2	36	1
0.439024390243902	2	36	1
0.454545454545455	2	36	1
0.481481481481481	2	36	1
0.6	2	36	1
0.439024390243902	2	36	1
0.263157894736842	2	36	1
0.5	2	36	1
0.5	2	36	1
1	2	36	1
0.394736842105263	2	36	1
0.4	2	36	1
0.235294117647059	2	36	1
0.206896551724138	2	36	1
0.206896551724138	2	36	1
0.5	2	36	1
0.441176470588235	2	36	1
0.291666666666667	2	36	1
0.424242424242424	2	36	1
0.372093023255814	2	36	1
0.590909090909091	2	36	1
0.512820512820513	2	36	1
0.214285714285714	2	36	1
0.394736842105263	2	36	1
0.242424242424242	2	36	1
0.527777777777778	2	36	1
0.5	2	36	1
0.3	2	36	1
0.615384615384615	2	36	1
0.530612244897959	2	36	1
0.53125	2	36	1
0.541666666666667	2	36	1
0.588235294117647	2	36	1
0.558139534883721	2	36	1
0.565217391304348	2	36	1
0.487179487179487	2	36	1
0.55	2	36	1
0.333333333333333	2	36	1
0.571428571428571	2	36	1
0.159090909090909	2	36	1
0.727272727272727	2	36	1
0.511111111111111	2	36	1
0.456140350877193	2	36	1
0.5	2	36	1
0.409090909090909	2	36	1
0.51063829787234	2	36	1
0.545454545454545	2	36	1
0.46	2	36	1
0.344827586206897	2	36	1
0.521739130434783	2	36	1
0.413793103448276	2	36	1
0.333333333333333	2	36	1
0.521739130434783	2	36	1
0.142857142857143	2	36	1
0.604651162790698	2	36	1
0.371428571428571	2	36	1
0.333333333333333	2	36	1
0.5	2	36	1
0.464285714285714	2	36	1
0.457142857142857	2	36	1
0.555555555555556	2	36	1
0.125	2	36	1
0.377777777777778	2	36	1
0.471698113207547	2	36	1
0.586206896551724	2	36	1
0.433333333333333	2	36	1
0.352941176470588	2	36	1
0.388888888888889	2	36	1
0.392857142857143	2	36	1
0.571428571428571	2	36	1
0.462962962962963	2	36	1
0.230769230769231	2	36	1
0.468085106382979	2	36	1
0.372093023255814	2	36	1
0.222222222222222	2	36	1
0.4375	2	36	1
0.479166666666667	2	36	1
0.5	2	36	1
0.525	2	36	1
0.203703703703704	2	36	1
0.526315789473684	2	36	1
0.62962962962963	2	36	1
0.52	2	36	1
0.325581395348837	2	36	1
0.444444444444444	2	36	1
0.451612903225806	2	36	1
0.441176470588235	2	36	1
0.521739130434783	2	36	1
0.545454545454545	2	36	1
0.441860465116279	2	36	1
0.515151515151515	2	36	1
0.606060606060606	2	36	1
0.3125	2	36	1
0.133333333333333	2	36	1
0.32258064516129	2	36	1
0.384615384615385	2	36	1
0.15	2	36	1
0.333333333333333	2	36	1
0.521739130434783	2	36	1
0.481481481481481	2	36	1
0.355555555555556	2	36	1
0.21875	2	36	1
0.727272727272727	2	36	1
0.666666666666667	2	36	1
0.888888888888889	2	36	1
0.604651162790698	2	36	1
0.48780487804878	2	36	1
0.5	2	36	1
0.571428571428571	2	36	1
0.452380952380952	2	36	1
0.609756097560976	2	36	1
0.133333333333333	2	36	1
0.571428571428571	2	36	1
0.297872340425532	2	36	1
0.557692307692308	2	36	1
0.48	2	36	1
0.461538461538462	2	36	1
0.4	2	36	1
0.48780487804878	2	36	1
0.476190476190476	2	36	1
0.568181818181818	2	36	1
0.469387755102041	2	36	1
0.5	2	36	1
0.5	2	36	1
0.514285714285714	2	36	1
0.485714285714286	2	36	1
0.523809523809524	2	36	1
0.431818181818182	2	36	1
0.475409836065574	2	36	1
0.405405405405405	2	36	1
0.529411764705882	2	36	1
0.321428571428571	2	36	1
0.66	2	36	1
0.463414634146341	2	36	1
0.518518518518518	2	36	1
0.303030303030303	2	36	1
0.395348837209302	2	36	1
0.459459459459459	2	36	1
0.44	2	36	1
0.171428571428571	2	36	1
0.51219512195122	2	36	1
0.108108108108108	2	36	1
0.371428571428571	2	36	1
0.4	2	36	1
0.521739130434783	2	36	1
0.372093023255814	2	36	1
1	2	36	1
0.448979591836735	2	36	1
0.4375	2	36	1
0.339285714285714	2	36	1
0.583333333333333	2	36	1
0.571428571428571	2	36	1
0.4	2	36	1
0.477272727272727	2	36	1
0.571428571428571	2	36	1
0.446808510638298	2	36	1
0.391304347826087	2	36	1
0.44	2	36	1
0.541666666666667	2	36	1
0.733333333333333	2	36	1
0.51219512195122	2	36	1
0.394736842105263	2	36	1
0.470588235294118	2	36	1
0.387096774193548	2	36	1
0.526315789473684	2	36	1
0.357142857142857	2	36	1
0.469387755102041	2	36	1
0.457142857142857	2	36	1
0.419354838709677	2	36	1
0.466666666666667	2	36	1
0.433333333333333	2	36	1
0.576923076923077	2	36	1
0.5	2	36	1
0.4	2	36	1
0.352941176470588	2	36	1
0.434782608695652	2	36	1
0.545454545454545	2	36	1
0.705882352941177	2	36	1
0.297872340425532	2	36	1
0.46875	2	36	1
0.444444444444444	2	36	1
0.488372093023256	2	36	1
0.418604651162791	2	36	1
0.433962264150943	2	36	1
0.115384615384615	2	36	1
0.375	2	36	1
0.53125	2	36	1
0.384615384615385	2	36	1
0.394736842105263	2	36	1
0.476190476190476	2	36	1
0.473684210526316	2	36	1
0.434782608695652	2	36	1
0.357142857142857	2	36	1
0.111111111111111	2	36	1
0.585365853658537	2	36	1
0.51219512195122	2	36	1
0.666666666666667	2	36	1
0.3	2	36	1
0.307692307692308	2	36	1
0.131578947368421	2	36	1
0.314285714285714	2	36	1
0.314285714285714	2	36	1
0.538461538461538	2	36	1
0.5	2	36	1
0.48780487804878	2	36	1
0.565217391304348	2	36	1
0.6	2	36	1
0.58974358974359	2	36	1
0.395833333333333	2	36	1
0.1875	2	36	1
0.351351351351351	2	36	1
0.48780487804878	2	36	1
0.391304347826087	2	36	1
0.169811320754717	2	36	1
0.484848484848485	2	36	1
0.447368421052632	2	36	1
0.533333333333333	2	36	1
0.625	2	36	1
0.333333333333333	2	36	1
0.411764705882353	2	36	1
0.125	2	36	1
0.219512195121951	2	36	1
0.392156862745098	2	36	1
0.5	2	36	1
0.533333333333333	2	36	1
0.41304347826087	2	36	1
0.522727272727273	2	36	1
0.466666666666667	2	36	1
0.44	2	36	1
0.204545454545455	2	36	1
0.441860465116279	2	36	1
0.421052631578947	2	36	1
0.24	2	36	1
0.666666666666667	2	36	1
0.5	2	36	1
0.5	2	36	1
0.450980392156863	2	36	1
0.341463414634146	2	36	1
0.620689655172414	2	36	1
0.585365853658537	2	36	1
0.372549019607843	2	36	1
0.352941176470588	2	36	1
0.205128205128205	2	36	1
0.157894736842105	2	36	1
0.558823529411765	2	36	1
0.233333333333333	2	36	1
0.431372549019608	2	36	1
0.25	2	36	1
0.393939393939394	2	36	1
0.448275862068966	2	36	1
0.194444444444444	2	36	1
0.3	2	36	1
0.477272727272727	2	36	1
0.39622641509434	2	36	1
0.4375	2	36	1
0.538461538461538	2	36	1
0.434782608695652	2	36	1
0.24	2	36	1
0.444444444444444	2	36	1
0.564102564102564	2	36	1
0.217391304347826	2	36	1
0.117647058823529	2	36	1
0.447368421052632	2	36	1
0.489795918367347	2	36	1
0.48	2	36	1
0.142857142857143	2	36	1
0.155555555555556	2	36	1
0.159090909090909	2	36	1
0.65	2	36	1
0.588235294117647	2	36	1
0.472222222222222	2	36	1
0.0952380952380952	2	36	1
0.463414634146341	2	36	1
0.125	2	36	1
0.222222222222222	2	36	1
0.520833333333333	2	36	1
0.444444444444444	2	36	1
0.41025641025641	2	36	1
0.136363636363636	2	36	1
0.186046511627907	2	36	1
0.378378378378378	2	36	1
0.477272727272727	2	36	1
0.5	2	36	1
0.4	2	36	1
0.46	2	36	1
0.478260869565217	2	36	1
0.277777777777778	2	36	1
0.555555555555556	2	36	1
0.439024390243902	2	36	1
0.461538461538462	2	36	1
0.222222222222222	2	36	1
0.169811320754717	3	49	1
0.117647058823529	3	49	1
0.170212765957447	3	49	1
0.686567164179104	3	49	1
0.122448979591837	3	49	1
0.195121951219512	3	49	1
0.384615384615385	3	49	1
0.72972972972973	3	49	1
0.0704225352112676	3	49	1
0.421052631578947	3	49	1
0.297872340425532	3	49	1
0.267605633802817	3	49	1
0.692307692307692	3	49	1
0.327868852459016	3	49	1
0.142857142857143	3	49	1
0.431818181818182	3	49	1
0.25	3	49	1
0.344827586206897	3	49	1
0.333333333333333	3	49	1
0.219512195121951	3	49	1
0.327272727272727	3	49	1
0.274509803921569	3	49	1
0.204081632653061	3	49	1
0.333333333333333	3	49	1
0.109090909090909	3	49	1
0.375	3	49	1
0.683333333333333	3	49	1
0.448275862068966	3	49	1
