VAF	CN	avg.depth	purity
0.24	3	30	0.99
0.642857142857143	3	30	0.99
0.679245283018868	3	30	0.99
0.137931034482759	3	30	0.99
0.277777777777778	3	30	0.99
0.3	3	30	0.99
0.666666666666667	3	30	0.99
0.125	3	30	0.99
0.647058823529412	3	30	0.99
0.325	3	30	0.99
0.6	3	30	0.99
0.212121212121212	3	30	0.99
0.375	3	30	0.99
0.461538461538462	3	30	0.99
0.341463414634146	3	30	0.99
0.636363636363636	3	30	0.99
0.25	3	30	0.99
0.333333333333333	3	30	0.99
0.413793103448276	3	30	0.99
0.25	3	30	0.99
0.555555555555556	3	30	0.99
0.333333333333333	3	30	0.99
0.2	3	30	0.99
0.291666666666667	3	30	0.99
0.142857142857143	3	30	0.99
0.285714285714286	3	30	0.99
0.342857142857143	3	30	0.99
0.130434782608696	3	30	0.99
0.245283018867925	3	30	0.99
0.21875	3	30	0.99
0.214285714285714	3	30	0.99
0.135135135135135	3	30	0.99
0.333333333333333	3	30	0.99
0.294117647058824	3	30	0.99
0.444444444444444	3	30	0.99
0.275	3	30	0.99
0.255813953488372	3	30	0.99
0.142857142857143	3	30	0.99
0.111111111111111	3	30	0.99
0.357142857142857	3	30	0.99
0.272727272727273	3	30	0.99
0.333333333333333	3	30	0.99
0.25	3	30	0.99
0.1875	3	30	0.99
0.384615384615385	3	30	0.99
0.428571428571429	3	30	0.99
0.6	3	30	0.99
0.428571428571429	3	30	0.99
0.270833333333333	3	30	0.99
0.30952380952381	3	30	0.99
0.647058823529412	3	30	0.99
0.387096774193548	3	30	0.99
0.274193548387097	3	30	0.99
0.212121212121212	3	30	0.99
0.340909090909091	3	30	0.99
0.310344827586207	3	30	0.99
0.225806451612903	3	30	0.99
0.115384615384615	3	30	0.99
0.258064516129032	3	30	0.99
0.275	3	30	0.99
0.378378378378378	3	30	0.99
0.418604651162791	3	30	0.99
0.290322580645161	3	30	0.99
0.285714285714286	3	30	0.99
0.230769230769231	3	30	0.99
0.444444444444444	3	30	0.99
0.0983606557377049	3	30	0.99
0.1	3	30	0.99
0.227272727272727	3	30	0.99
0.125	3	30	0.99
0.277777777777778	3	30	0.99
0.219512195121951	3	30	0.99
0.304347826086957	3	30	0.99
0.464285714285714	3	30	0.99
0.379310344827586	3	30	0.99
0.111111111111111	3	30	0.99
0.238095238095238	3	30	0.99
0.3	3	30	0.99
0.25	3	30	0.99
0.142857142857143	3	30	0.99
0.645161290322581	3	30	0.99
0.523809523809524	3	30	0.99
0.347826086956522	3	30	0.99
0.390243902439024	3	30	0.99
0.2	3	30	0.99
0.444444444444444	3	30	0.99
0.264705882352941	3	30	0.99
0.333333333333333	3	30	0.99
0.296296296296296	3	30	0.99
0.3125	3	30	0.99
0.315789473684211	3	30	0.99
0.324324324324324	3	30	0.99
0.224489795918367	3	30	0.99
0.289473684210526	3	30	0.99
0.304347826086957	3	30	0.99
0.346153846153846	3	30	0.99
0.285714285714286	3	30	0.99
0.133333333333333	3	30	0.99
0.133333333333333	3	30	0.99
0.122448979591837	3	30	0.99
0.315789473684211	3	30	0.99
0.25	3	30	0.99
0.642857142857143	3	30	0.99
0.212121212121212	3	30	0.99
0.290322580645161	3	30	0.99
0.317073170731707	3	30	0.99
0.142857142857143	3	30	0.99
0.5	3	30	0.99
0.181818181818182	3	30	0.99
0.4	3	30	0.99
0.290322580645161	3	30	0.99
0.236842105263158	3	30	0.99
0.391304347826087	3	30	0.99
0.526315789473684	3	30	0.99
0.342857142857143	3	30	0.99
0.4	3	30	0.99
0.214285714285714	3	30	0.99
0.12	3	30	0.99
0.571428571428571	3	30	0.99
0.4	3	30	0.99
0.352941176470588	3	30	0.99
0.125	3	30	0.99
0.607142857142857	3	30	0.99
0.216216216216216	3	30	0.99
0.666666666666667	3	30	0.99
0.133333333333333	3	30	0.99
0.296296296296296	3	30	0.99
0.461538461538462	3	30	0.99
0.206896551724138	3	30	0.99
0.565217391304348	3	30	0.99
0.351351351351351	4	36	0.99
0.318181818181818	4	36	0.99
0.280701754385965	4	36	0.99
0.2	4	36	0.99
0.188679245283019	4	36	0.99
0.22	4	36	0.99
0.2375	4	36	0.99
0.410714285714286	4	36	0.99
0.375	4	36	0.99
0.171875	4	36	0.99
0.235294117647059	4	36	0.99
0.577777777777778	4	36	0.99
0.306451612903226	4	36	0.99
0.25	4	36	0.99
0.25	4	36	0.99
0.593220338983051	4	36	0.99
0.338028169014085	4	36	0.99
0.207547169811321	4	36	0.99
0.428571428571429	4	36	0.99
0.296296296296296	4	36	0.99
0.272727272727273	4	36	0.99
0.357142857142857	4	36	0.99
0.52	4	36	0.99
0.174603174603175	4	36	0.99
0.197183098591549	4	36	0.99
0.2	4	36	0.99
0.242424242424242	4	36	0.99
0.186440677966102	4	36	0.99
0.222222222222222	4	36	0.99
0.142857142857143	4	36	0.99
0.238095238095238	4	36	0.99
0.16	4	36	0.99
0.206896551724138	4	36	0.99
0.179487179487179	4	36	0.99
0.209677419354839	4	36	0.99
0.403508771929825	4	36	0.99
0.212765957446809	4	36	0.99
0.239130434782609	4	36	0.99
0.236842105263158	4	36	0.99
0.25	4	36	0.99
0.142857142857143	4	36	0.99
0.233333333333333	4	36	0.99
0.311111111111111	4	36	0.99
0.238095238095238	4	36	0.99
0.166666666666667	4	36	0.99
0.258064516129032	4	36	0.99
0.285714285714286	4	36	0.99
0.344827586206897	4	36	0.99
0.1875	4	36	0.99
0.411764705882353	4	36	0.99
0.136363636363636	4	36	0.99
0.206896551724138	4	36	0.99
0.259259259259259	4	36	0.99
0.444444444444444	4	36	0.99
0.34375	4	36	0.99
0.133333333333333	4	36	0.99
0.142857142857143	4	36	0.99
0.147058823529412	4	36	0.99
0.304347826086957	4	36	0.99
0.245901639344262	4	36	0.99
0.620689655172414	4	36	0.99
0.346153846153846	4	36	0.99
0.176470588235294	4	36	0.99
0.235294117647059	4	36	0.99
0.470588235294118	4	36	0.99
0.214285714285714	4	36	0.99
0.545454545454545	4	36	0.99
0.0882352941176471	4	36	0.99
0.285714285714286	4	36	0.99
0.431818181818182	4	36	0.99
0.19047619047619	4	36	0.99
0.318181818181818	4	36	0.99
0.25	4	36	0.99
0.25	4	36	0.99
0.596774193548387	4	36	0.99
0.270833333333333	4	36	0.99
0.321428571428571	4	36	0.99
0.298245614035088	4	36	0.99
0.159090909090909	4	36	0.99
0.172413793103448	4	36	0.99
0.142857142857143	4	36	0.99
0.212121212121212	4	36	0.99
0.478260869565217	4	36	0.99
0.35	4	36	0.99
0.133333333333333	4	36	0.99
0.170212765957447	4	36	0.99
0.46875	4	36	0.99
0.363636363636364	4	36	0.99
0.406779661016949	4	36	0.99
0.285714285714286	4	36	0.99
0.458333333333333	4	36	0.99
0.318181818181818	4	36	0.99
0.333333333333333	4	36	0.99
0.294117647058824	4	36	0.99
0.212121212121212	4	36	0.99
0.464285714285714	4	36	0.99
0.258064516129032	4	36	0.99
0.222222222222222	4	36	0.99
0.212765957446809	4	36	0.99
0.26530612244898	4	36	0.99
0.216666666666667	4	36	0.99
0.263157894736842	4	36	0.99
0.216216216216216	4	36	0.99
0.580645161290323	4	36	0.99
0.24	4	36	0.99
0.214285714285714	4	36	0.99
0.290322580645161	4	36	0.99
0.75	4	36	0.99
0.157894736842105	4	36	0.99
0.27906976744186	4	36	0.99
0.224489795918367	4	36	0.99
0.2	4	36	0.99
0.266666666666667	4	36	0.99
0.333333333333333	4	36	0.99
0.52	4	36	0.99
0.285714285714286	4	36	0.99
0.258064516129032	4	36	0.99
0.194444444444444	4	36	0.99
0.176470588235294	4	36	0.99
0.212121212121212	4	36	0.99
0.245283018867925	4	36	0.99
0.27027027027027	4	36	0.99
0.375	4	36	0.99
0.333333333333333	4	36	0.99
0.5	4	36	0.99
0.256410256410256	4	36	0.99
0.384615384615385	4	36	0.99
0.24	4	36	0.99
0.296296296296296	4	36	0.99
0.420289855072464	4	36	0.99
0.285714285714286	4	36	0.99
0.138888888888889	4	36	0.99
0.323529411764706	4	36	0.99
0.216216216216216	4	36	0.99
0.352941176470588	4	36	0.99
0.28125	4	36	0.99
0.176470588235294	4	36	0.99
0.6	4	36	0.99
0.214285714285714	4	36	0.99
0.25	4	36	0.99
0.176470588235294	4	36	0.99
0.232142857142857	4	36	0.99
0.285714285714286	4	36	0.99
0.461538461538462	4	36	0.99
0.321428571428571	4	36	0.99
0.3125	4	36	0.99
0.333333333333333	4	36	0.99
0.292307692307692	4	36	0.99
0.166666666666667	4	36	0.99
0.291666666666667	4	36	0.99
0.222222222222222	4	36	0.99
0.148148148148148	4	36	0.99
0.147058823529412	4	36	0.99
0.156862745098039	4	36	0.99
0.269230769230769	4	36	0.99
0.318181818181818	4	36	0.99
0.240740740740741	4	36	0.99
0.225	4	36	0.99
0.2	4	36	0.99
0.192307692307692	4	36	0.99
0.266666666666667	4	36	0.99
0.275862068965517	4	36	0.99
0.153846153846154	4	36	0.99
0.296296296296296	4	36	0.99
0.5	4	36	0.99
0.41025641025641	4	36	0.99
0.324324324324324	4	36	0.99
0.254237288135593	4	36	0.99
0.510204081632653	4	36	0.99
0.233333333333333	4	36	0.99
0.225806451612903	4	36	0.99
0.3125	4	36	0.99
0.162162162162162	4	36	0.99
0.235294117647059	4	36	0.99
0.181818181818182	4	36	0.99
0.411764705882353	4	36	0.99
0.214285714285714	4	36	0.99
0.291666666666667	4	36	0.99
0.125	4	36	0.99
0.352941176470588	4	36	0.99
0.142857142857143	4	36	0.99
0.416666666666667	4	36	0.99
0.409090909090909	4	36	0.99
0.214285714285714	4	36	0.99
0.380952380952381	4	36	0.99
0.37037037037037	4	36	0.99
0.238095238095238	4	36	0.99
0.2	4	36	0.99
0.363636363636364	4	36	0.99
0.2	4	36	0.99
0.285714285714286	4	36	0.99
0.454545454545455	4	36	0.99
0.222222222222222	4	36	0.99
0.357142857142857	4	36	0.99
0.176470588235294	4	36	0.99
0.210526315789474	4	36	0.99
0.258064516129032	4	36	0.99
0.210526315789474	4	36	0.99
0.215384615384615	4	36	0.99
0.242424242424242	4	36	0.99
0.280701754385965	4	36	0.99
0.136363636363636	4	36	0.99
0.28	4	36	0.99
0.304347826086957	4	36	0.99
0.35	4	36	0.99
0.541666666666667	4	36	0.99
0.37037037037037	4	36	0.99
0.212121212121212	4	36	0.99
0.106382978723404	4	36	0.99
0.19047619047619	4	36	0.99
0.195121951219512	4	36	0.99
0.27906976744186	4	36	0.99
0.3	4	36	0.99
0.269230769230769	4	36	0.99
0.155555555555556	4	36	0.99
0.166666666666667	4	36	0.99
0.310810810810811	4	36	0.99
0.388888888888889	4	36	0.99
0.225806451612903	4	36	0.99
0.2	4	36	0.99
0.230769230769231	4	36	0.99
0.176470588235294	4	36	0.99
0.378378378378378	4	36	0.99
0.2	4	36	0.99
0.4	4	36	0.99
0.181818181818182	4	36	0.99
0.413793103448276	4	36	0.99
0.392857142857143	4	36	0.99
0.294117647058824	4	36	0.99
0.257142857142857	4	36	0.99
0.171875	4	36	0.99
0.191489361702128	4	36	0.99
0.405405405405405	4	36	0.99
0.19047619047619	4	36	0.99
0.533333333333333	4	36	0.99
0.142857142857143	4	36	0.99
0.25	4	36	0.99
0.392857142857143	4	36	0.99
0.188679245283019	4	36	0.99
0.380952380952381	4	36	0.99
0.266666666666667	4	36	0.99
0.228571428571429	4	36	0.99
0.212121212121212	4	36	0.99
0.214285714285714	4	36	0.99
0.241935483870968	4	36	0.99
0.186046511627907	4	36	0.99
0.363636363636364	4	36	0.99
0.225	4	36	0.99
0.12	4	36	0.99
0.2	4	36	0.99
0.30952380952381	4	36	0.99
0.162162162162162	4	36	0.99
0.189189189189189	4	36	0.99
0.24	4	36	0.99
0.75	4	36	0.99
0.625	4	36	0.99
0.133333333333333	4	36	0.99
0.276595744680851	4	36	0.99
0.314285714285714	4	36	0.99
0.260869565217391	4	36	0.99
0.344827586206897	4	36	0.99
0.157894736842105	4	36	0.99
0.259259259259259	4	36	0.99
0.4375	4	36	0.99
0.291666666666667	4	36	0.99
0.214285714285714	4	36	0.99
0.538461538461538	4	36	0.99
0.12	4	36	0.99
0.307692307692308	4	36	0.99
0.571428571428571	4	36	0.99
0.25	4	36	0.99
0.25	4	36	0.99
0.352941176470588	4	36	0.99
0.263157894736842	4	36	0.99
0.2	4	36	0.99
0.428571428571429	4	36	0.99
0.133333333333333	4	36	0.99
0.108695652173913	4	36	0.99
0.375	4	36	0.99
0.304347826086957	4	36	0.99
0.212121212121212	4	36	0.99
0.225806451612903	4	36	0.99
0.434782608695652	4	36	0.99
0.242424242424242	4	36	0.99
0.137254901960784	4	36	0.99
0.196428571428571	4	36	0.99
0.0923076923076923	4	36	0.99
0.193548387096774	4	36	0.99
0.305555555555556	4	36	0.99
0.210526315789474	4	36	0.99
0.1875	4	36	0.99
0.444444444444444	4	36	0.99
0.2	4	36	0.99
0.24	4	36	0.99
0.194444444444444	4	36	0.99
0.307692307692308	4	36	0.99
0.468085106382979	4	36	0.99
0.428571428571429	4	36	0.99
0.32258064516129	4	36	0.99
0.375	4	36	0.99
0.441860465116279	4	36	0.99
0.714285714285714	4	36	0.99
0.181818181818182	4	36	0.99
0.291666666666667	4	36	0.99
0.217391304347826	4	36	0.99
0.142857142857143	4	36	0.99
0.461538461538462	4	36	0.99
0.60377358490566	4	36	0.99
0.25	4	36	0.99
0.254237288135593	4	36	0.99
0.192307692307692	4	36	0.99
0.275862068965517	4	36	0.99
0.214285714285714	4	36	0.99
0.25	4	36	0.99
0.465116279069767	4	36	0.99
0.125	4	36	0.99
0.291666666666667	4	36	0.99
0.318181818181818	4	36	0.99
0.193548387096774	4	36	0.99
0.428571428571429	4	36	0.99
0.28	4	36	0.99
0.428571428571429	4	36	0.99
0.15625	4	36	0.99
0.266666666666667	4	36	0.99
0.205882352941176	4	36	0.99
0.382978723404255	4	36	0.99
0.16	4	36	0.99
0.357142857142857	4	36	0.99
0.166666666666667	4	36	0.99
0.2	4	36	0.99
0.207547169811321	4	36	0.99
0.368421052631579	4	36	0.99
0.108695652173913	4	36	0.99
0.24	4	36	0.99
0.162790697674419	4	36	0.99
0.380952380952381	4	36	0.99
0.154929577464789	4	36	0.99
0.575757575757576	4	36	0.99
0.206896551724138	4	36	0.99
0.156862745098039	4	36	0.99
0.567567567567568	4	36	0.99
0.315789473684211	4	36	0.99
0.418604651162791	4	36	0.99
0.222222222222222	4	36	0.99
0.176470588235294	4	36	0.99
0.4125	4	36	0.99
0.117647058823529	4	36	0.99
0.196078431372549	4	36	0.99
0.21875	4	36	0.99
0.409090909090909	4	36	0.99
0.641025641025641	4	36	0.99
0.229166666666667	4	36	0.99
0.214285714285714	4	36	0.99
0.558139534883721	4	36	0.99
0.2	4	36	0.99
0.333333333333333	4	36	0.99
0.244897959183673	4	36	0.99
0.302325581395349	4	36	0.99
0.5	4	36	0.99
0.21875	4	36	0.99
0.238095238095238	4	36	0.99
0.155555555555556	4	36	0.99
0.2	4	36	0.99
0.260869565217391	4	36	0.99
0.115384615384615	4	36	0.99
0.130434782608696	4	36	0.99
0.193548387096774	4	36	0.99
0.378378378378378	4	36	0.99
0.212121212121212	4	36	0.99
0.227272727272727	4	36	0.99
0.36	4	36	0.99
0.272727272727273	4	36	0.99
0.166666666666667	4	36	0.99
0.192307692307692	4	36	0.99
0.285714285714286	4	36	0.99
0.21875	4	36	0.99
0.3125	4	36	0.99
0.235294117647059	4	36	0.99
0.2	4	36	0.99
0.258064516129032	4	36	0.99
0.272727272727273	4	36	0.99
0.166666666666667	4	36	0.99
0.515151515151515	4	36	0.99
0.257142857142857	4	36	0.99
0.158730158730159	4	36	0.99
0.186046511627907	4	36	0.99
0.189189189189189	4	36	0.99
0.464285714285714	4	36	0.99
0.230769230769231	4	36	0.99
0.26	4	36	0.99
0.283018867924528	4	36	0.99
0.211538461538462	4	36	0.99
0.62962962962963	4	36	0.99
0.166666666666667	4	36	0.99
0.115384615384615	4	36	0.99
0.176470588235294	4	36	0.99
0.297297297297297	4	36	0.99
0.361111111111111	4	36	0.99
0.230769230769231	4	36	0.99
0.272727272727273	4	36	0.99
0.538461538461538	4	36	0.99
0.272727272727273	4	36	0.99
0.32	4	36	0.99
0.225	4	36	0.99
0.272727272727273	4	36	0.99
0.357142857142857	4	36	0.99
0.209302325581395	4	36	0.99
0.296296296296296	4	36	0.99
0.470588235294118	4	36	0.99
0.592592592592593	4	36	0.99
0.454545454545455	4	36	0.99
0.210526315789474	4	36	0.99
0.413793103448276	4	36	0.99
0.36	4	36	0.99
0.2	4	36	0.99
0.166666666666667	4	36	0.99
0.368421052631579	4	36	0.99
0.266666666666667	4	36	0.99
0.176470588235294	4	36	0.99
0.27906976744186	4	36	0.99
0.304347826086957	4	36	0.99
0.253521126760563	4	36	0.99
0.333333333333333	4	36	0.99
0.489795918367347	4	36	0.99
0.222222222222222	4	36	0.99
0.209302325581395	4	36	0.99
0.30952380952381	4	36	0.99
0.291666666666667	4	36	0.99
0.166666666666667	4	36	0.99
0.375	4	36	0.99
0.352941176470588	4	36	0.99
0.542857142857143	4	36	0.99
0.333333333333333	4	36	0.99
0.2	4	36	0.99
0.131578947368421	4	36	0.99
0.230769230769231	4	36	0.99
0.275862068965517	4	36	0.99
0.347826086956522	4	36	0.99
0.5	4	36	0.99
0.13953488372093	4	36	0.99
0.130434782608696	4	36	0.99
0.2	4	36	0.99
0.176470588235294	4	36	0.99
0.136363636363636	4	36	0.99
0.142857142857143	4	36	0.99
0.25	4	36	0.99
0.4	4	36	0.99
0.275862068965517	4	36	0.99
0.173913043478261	4	36	0.99
0.170212765957447	4	36	0.99
0.291666666666667	4	36	0.99
0.23728813559322	4	36	0.99
0.653846153846154	4	36	0.99
0.235294117647059	4	36	0.99
0.268292682926829	4	36	0.99
0.333333333333333	4	36	0.99
0.178571428571429	4	36	0.99
0.26	4	36	0.99
0.214285714285714	4	36	0.99
0.407407407407407	4	36	0.99
0.25	4	36	0.99
0.470588235294118	4	36	0.99
0.222222222222222	4	36	0.99
0.295454545454545	4	36	0.99
0.214285714285714	4	36	0.99
0.333333333333333	4	36	0.99
0.357142857142857	4	36	0.99
0.160714285714286	4	36	0.99
0.260869565217391	4	36	0.99
0.5	4	36	0.99
0.391304347826087	4	36	0.99
0.12	4	36	0.99
0.444444444444444	4	36	0.99
0.515151515151515	4	36	0.99
0.333333333333333	4	36	0.99
0.233333333333333	4	36	0.99
0.285714285714286	4	36	0.99
0.25	4	36	0.99
0.260869565217391	4	36	0.99
0.428571428571429	4	36	0.99
0.375	4	36	0.99
0.25	4	36	0.99
0.212121212121212	4	36	0.99
0.458333333333333	4	36	0.99
0.277777777777778	4	36	0.99
0.307692307692308	4	36	0.99
0.5	4	36	0.99
0.5	4	36	0.99
0.230769230769231	4	36	0.99
0.12	4	36	0.99
0.625	4	36	0.99
0.157894736842105	4	36	0.99
0.157894736842105	4	36	0.99
0.1	4	36	0.99
0.260869565217391	4	36	0.99
0.275862068965517	4	36	0.99
0.229166666666667	4	36	0.99
0.319148936170213	4	36	0.99
0.263157894736842	4	36	0.99
0.375	4	36	0.99
0.153846153846154	4	36	0.99
0.351351351351351	4	36	0.99
0.296296296296296	4	36	0.99
0.333333333333333	4	36	0.99
0.234042553191489	4	36	0.99
0.257575757575758	4	36	0.99
0.230769230769231	4	36	0.99
0.4	4	36	0.99
0.176470588235294	4	36	0.99
0.12	4	36	0.99
0.37037037037037	4	36	0.99
0.136363636363636	4	36	0.99
0.193548387096774	4	36	0.99
0.193548387096774	4	36	0.99
0.297872340425532	4	36	0.99
0.176470588235294	4	36	0.99
0.1875	4	36	0.99
0.1875	4	36	0.99
0.142857142857143	4	36	0.99
0.261904761904762	4	36	0.99
0.24	4	36	0.99
0.244444444444444	4	36	0.99
0.464285714285714	4	36	0.99
0.347826086956522	4	36	0.99
0.45	4	36	0.99
0.260869565217391	4	36	0.99
0.384615384615385	4	36	0.99
0.163636363636364	4	36	0.99
0.259259259259259	4	36	0.99
0.458333333333333	4	36	0.99
0.3	4	36	0.99
0.466666666666667	4	36	0.99
0.413793103448276	4	36	0.99
0.162162162162162	4	36	0.99
0.233333333333333	4	36	0.99
0.107142857142857	4	36	0.99
0.230769230769231	4	36	0.99
0.5	4	36	0.99
0.333333333333333	4	36	0.99
0.257142857142857	4	36	0.99
0.125	4	36	0.99
0.178571428571429	4	36	0.99
0.194444444444444	4	36	0.99
0.514285714285714	4	36	0.99
0.339622641509434	4	36	0.99
0.6	4	36	0.99
0.225	4	36	0.99
0.5	4	36	0.99
0.263157894736842	4	36	0.99
0.315789473684211	4	36	0.99
0.121951219512195	4	36	0.99
0.32	4	36	0.99
0.3	4	36	0.99
0.151515151515152	4	36	0.99
0.375	4	36	0.99
0.15625	4	36	0.99
0.171428571428571	4	36	0.99
0.263157894736842	4	36	0.99
0.325	4	36	0.99
0.133333333333333	4	36	0.99
0.25	4	36	0.99
0.12	4	36	0.99
0.333333333333333	4	36	0.99
0.5	4	36	0.99
0.257142857142857	4	36	0.99
0.444444444444444	4	36	0.99
0.421052631578947	4	36	0.99
0.4	4	36	0.99
0.24	4	36	0.99
0.142857142857143	4	36	0.99
0.2	4	36	0.99
0.193548387096774	4	36	0.99
0.590909090909091	4	36	0.99
0.3	4	36	0.99
0.396551724137931	4	36	0.99
0.217391304347826	4	36	0.99
0.1875	4	36	0.99
0.30952380952381	4	36	0.99
0.176470588235294	4	36	0.99
0.288888888888889	4	36	0.99
0.25	4	36	0.99
0.266666666666667	4	36	0.99
0.333333333333333	4	36	0.99
0.285714285714286	4	36	0.99
0.257142857142857	4	36	0.99
0.4	4	36	0.99
0.325581395348837	4	36	0.99
0.2	4	36	0.99
0.575757575757576	4	36	0.99
0.184210526315789	4	36	0.99
0.206896551724138	4	36	0.99
0.5	4	36	0.99
0.230769230769231	4	36	0.99
0.210526315789474	4	36	0.99
0.25	4	36	0.99
0.5	4	36	0.99
0.631578947368421	4	36	0.99
0.176470588235294	4	36	0.99
0.552631578947368	4	36	0.99
0.259259259259259	4	36	0.99
0.318181818181818	4	36	0.99
0.411764705882353	4	36	0.99
0.2	4	36	0.99
0.172413793103448	4	36	0.99
0.1875	4	36	0.99
0.1875	4	36	0.99
0.25	4	36	0.99
0.241379310344828	4	36	0.99
0.21875	4	36	0.99
0.233333333333333	4	36	0.99
0.283333333333333	4	36	0.99
0.25	4	36	0.99
0.269230769230769	4	36	0.99
0.285714285714286	4	36	0.99
0.259259259259259	4	36	0.99
0.434782608695652	4	36	0.99
0.257142857142857	4	36	0.99
0.5	4	36	0.99
0.134615384615385	4	36	0.99
0.210526315789474	4	36	0.99
0.526315789473684	4	36	0.99
0.285714285714286	4	36	0.99
0.444444444444444	4	36	0.99
0.206896551724138	4	36	0.99
0.285714285714286	4	36	0.99
0.272727272727273	4	36	0.99
0.285714285714286	4	36	0.99
0.3	4	36	0.99
0.176470588235294	4	36	0.99
0.115384615384615	4	36	0.99
0.222222222222222	4	36	0.99
0.5	4	36	0.99
0.230769230769231	4	36	0.99
0.225	4	36	0.99
0.444444444444444	4	36	0.99
0.257142857142857	4	36	0.99
0.115384615384615	4	36	0.99
0.186046511627907	4	36	0.99
0.258064516129032	4	36	0.99
0.161290322580645	4	36	0.99
0.371428571428571	4	36	0.99
0.238095238095238	4	36	0.99
0.111111111111111	4	36	0.99
0.32	4	36	0.99
0.176470588235294	4	36	0.99
0.538461538461538	4	36	0.99
0.428571428571429	4	36	0.99
0.384615384615385	4	36	0.99
0.5	4	36	0.99
0.352941176470588	4	36	0.99
0.161290322580645	4	36	0.99
0.181818181818182	4	36	0.99
0.245614035087719	4	36	0.99
0.155555555555556	4	36	0.99
0.354838709677419	4	36	0.99
0.15	4	36	0.99
0.205128205128205	4	36	0.99
0.147058823529412	4	36	0.99
0.157894736842105	4	36	0.99
0.157894736842105	4	36	0.99
0.478260869565217	4	36	0.99
0.307692307692308	4	36	0.99
0.135593220338983	4	36	0.99
0.2	4	36	0.99
0.309859154929577	4	36	0.99
0.566666666666667	4	36	0.99
0.205128205128205	4	36	0.99
0.387096774193548	4	36	0.99
0.450980392156863	4	36	0.99
0.170731707317073	4	36	0.99
0.538461538461538	4	36	0.99
0.178571428571429	4	36	0.99
0.25	4	36	0.99
0.296296296296296	4	36	0.99
0.181818181818182	4	36	0.99
0.192307692307692	4	36	0.99
0.333333333333333	4	36	0.99
0.371428571428571	4	36	0.99
0.326530612244898	4	36	0.99
0.15	4	36	0.99
0.259259259259259	4	36	0.99
0.461538461538462	4	36	0.99
0.409090909090909	4	36	0.99
0.241379310344828	4	36	0.99
0.142857142857143	4	36	0.99
0.521739130434783	4	36	0.99
0.171428571428571	4	36	0.99
0.340909090909091	4	36	0.99
0.6	4	36	0.99
0.481481481481481	4	36	0.99
0.157894736842105	4	36	0.99
0.307692307692308	4	36	0.99
0.230769230769231	4	36	0.99
0.272727272727273	4	36	0.99
0.142857142857143	4	36	0.99
0.113636363636364	4	36	0.99
0.272727272727273	4	36	0.99
0.392857142857143	4	36	0.99
0.366666666666667	4	36	0.99
0.181818181818182	4	36	0.99
0.225	4	36	0.99
0.224489795918367	4	36	0.99
0.333333333333333	4	36	0.99
0.215384615384615	4	36	0.99
0.206349206349206	4	36	0.99
0.138888888888889	4	36	0.99
0.333333333333333	4	36	0.99
0.333333333333333	4	36	0.99
0.382352941176471	4	36	0.99
0.217391304347826	4	36	0.99
0.25	4	36	0.99
0.259259259259259	4	36	0.99
0.15	4	36	0.99
0.142857142857143	4	36	0.99
0.241379310344828	4	36	0.99
0.27027027027027	4	36	0.99
0.3	4	36	0.99
0.230769230769231	4	36	0.99
0.205882352941176	4	36	0.99
0.162162162162162	4	36	0.99
0.431818181818182	4	36	0.99
0.285714285714286	4	36	0.99
0.32	4	36	0.99
0.222222222222222	4	36	0.99
0.2	4	36	0.99
0.511627906976744	4	36	0.99
0.25	4	36	0.99
0.307692307692308	4	36	0.99
0.264705882352941	4	36	0.99
0.257142857142857	4	36	0.99
0.5	4	36	0.99
0.224137931034483	4	36	0.99
0.166666666666667	4	36	0.99
0.15	4	36	0.99
0.130434782608696	4	36	0.99
0.406779661016949	4	36	0.99
0.25	4	36	0.99
0.3125	4	36	0.99
0.2	4	36	0.99
0.2	4	36	0.99
0.5	4	36	0.99
0.453125	4	36	0.99
0.236842105263158	4	36	0.99
0.2	4	36	0.99
0.375	4	36	0.99
0.333333333333333	4	36	0.99
0.214285714285714	4	36	0.99
0.465116279069767	4	36	0.99
0.2	4	36	0.99
0.3	4	36	0.99
0.260869565217391	4	36	0.99
0.5	4	36	0.99
0.171428571428571	4	36	0.99
0.256410256410256	4	36	0.99
0.170212765957447	4	36	0.99
0.416666666666667	4	36	0.99
0.375	4	36	0.99
0.321428571428571	4	36	0.99
0.291666666666667	4	36	0.99
0.277777777777778	4	36	0.99
0.36734693877551	4	36	0.99
0.179487179487179	4	36	0.99
0.125	4	36	0.99
0.5625	4	36	0.99
0.333333333333333	4	36	0.99
0.241379310344828	4	36	0.99
0.261904761904762	4	36	0.99
0.209302325581395	4	36	0.99
0.461538461538462	4	36	0.99
0.508196721311475	4	36	0.99
0.191489361702128	4	36	0.99
0.606060606060606	4	36	0.99
0.18	4	36	0.99
0.268292682926829	4	36	0.99
0.509433962264151	4	36	0.99
0.233333333333333	4	36	0.99
0.192982456140351	4	36	0.99
0.175675675675676	4	36	0.99
0.282051282051282	4	36	0.99
0.166666666666667	4	36	0.99
0.133333333333333	4	36	0.99
0.363636363636364	4	36	0.99
0.3	4	36	0.99
0.147058823529412	4	36	0.99
0.41304347826087	4	36	0.99
0.266666666666667	4	36	0.99
0.184210526315789	4	36	0.99
0.25	4	36	0.99
0.166666666666667	4	36	0.99
0.25	4	36	0.99
0.224137931034483	4	36	0.99
0.290322580645161	4	36	0.99
0.178571428571429	4	36	0.99
0.580645161290323	4	36	0.99
0.230769230769231	4	36	0.99
0.428571428571429	4	36	0.99
0.266666666666667	4	36	0.99
0.233333333333333	4	36	0.99
0.228571428571429	4	36	0.99
0.28	4	36	0.99
0.314285714285714	4	36	0.99
0.242424242424242	4	36	0.99
0.340909090909091	4	36	0.99
0.468085106382979	4	36	0.99
0.232558139534884	4	36	0.99
0.326086956521739	4	36	0.99
0.26530612244898	4	36	0.99
0.147540983606557	4	36	0.99
0.155172413793103	4	36	0.99
0.11864406779661	4	36	0.99
0.4	4	36	0.99
0.404761904761905	4	36	0.99
0.12	4	36	0.99
0.226415094339623	4	36	0.99
0.109090909090909	4	36	0.99
0.176470588235294	4	36	0.99
0.166666666666667	4	36	0.99
0.166666666666667	4	36	0.99
0.17910447761194	4	36	0.99
0.302325581395349	4	36	0.99
0.234042553191489	4	36	0.99
0.35	4	36	0.99
0.259259259259259	4	36	0.99
0.181818181818182	4	36	0.99
0.181818181818182	4	36	0.99
0.176470588235294	4	36	0.99
0.12	4	36	0.99
0.354838709677419	4	36	0.99
0.117647058823529	4	36	0.99
0.260869565217391	4	36	0.99
0.172413793103448	4	36	0.99
0.305555555555556	4	36	0.99
0.25	4	36	0.99
0.217391304347826	4	36	0.99
0.254545454545455	4	36	0.99
0.424242424242424	4	36	0.99
0.217391304347826	4	36	0.99
0.314285714285714	4	36	0.99
0.288461538461538	4	36	0.99
0.243243243243243	4	36	0.99
0.296296296296296	4	36	0.99
0.2	4	36	0.99
0.380952380952381	4	36	0.99
0.238095238095238	4	36	0.99
0.551724137931034	4	36	0.99
0.310344827586207	4	36	0.99
0.162162162162162	4	36	0.99
0.394736842105263	4	36	0.99
0.15	4	36	0.99
0.191176470588235	4	36	0.99
0.242424242424242	4	36	0.99
0.242424242424242	4	36	0.99
0.235294117647059	4	36	0.99
0.45	4	36	0.99
0.324324324324324	4	36	0.99
0.181818181818182	4	36	0.99
0.214285714285714	4	36	0.99
0.432432432432432	4	36	0.99
0.15	4	36	0.99
0.13953488372093	4	36	0.99
0.216216216216216	4	36	0.99
0.21875	4	36	0.99
0.155172413793103	4	36	0.99
0.166666666666667	4	36	0.99
0.351351351351351	4	36	0.99
0.220338983050847	4	36	0.99
0.244444444444444	4	36	0.99
0.133333333333333	4	36	0.99
0.478260869565217	4	36	0.99
0.15	4	36	0.99
0.19047619047619	4	36	0.99
0.205128205128205	4	36	0.99
0.372881355932203	4	36	0.99
0.379310344827586	4	36	0.99
0.125	4	36	0.99
0.32	4	36	0.99
0.215686274509804	4	36	0.99
0.5	4	36	0.99
0.469387755102041	4	36	0.99
0.178571428571429	4	36	0.99
0.264150943396226	4	36	0.99
0.159090909090909	4	36	0.99
0.333333333333333	4	36	0.99
0.214285714285714	4	36	0.99
0.148148148148148	4	36	0.99
0.346153846153846	4	36	0.99
0.2	4	36	0.99
0.45	4	36	0.99
0.24	4	36	0.99
0.230769230769231	4	36	0.99
0.625	4	36	0.99
0.352941176470588	4	36	0.99
0.285714285714286	4	36	0.99
0.172413793103448	4	36	0.99
0.214285714285714	4	36	0.99
0.25	4	36	0.99
0.290322580645161	4	36	0.99
0.263157894736842	4	36	0.99
0.230769230769231	4	36	0.99
0.315789473684211	4	36	0.99
0.242424242424242	4	36	0.99
0.292682926829268	4	36	0.99
0.22	4	36	0.99
0.15	4	36	0.99
0.193548387096774	4	36	0.99
0.163265306122449	4	36	0.99
0.259259259259259	4	36	0.99
0.3125	4	36	0.99
0.394736842105263	4	36	0.99
0.25	4	36	0.99
0.257142857142857	4	36	0.99
0.290322580645161	4	36	0.99
0.230769230769231	4	36	0.99
0.170212765957447	4	36	0.99
0.311111111111111	4	36	0.99
0.130434782608696	4	36	0.99
0.444444444444444	4	36	0.99
0.130434782608696	4	36	0.99
0.305555555555556	4	36	0.99
0.260869565217391	4	36	0.99
0.189189189189189	4	36	0.99
0.288888888888889	4	36	0.99
0.26530612244898	4	36	0.99
0.285714285714286	4	36	0.99
0.571428571428571	4	36	0.99
0.230769230769231	4	36	0.99
0.508196721311475	4	36	0.99
0.4	4	36	0.99
0.206896551724138	4	36	0.99
0.130434782608696	4	36	0.99
0.476190476190476	4	36	0.99
0.146341463414634	4	36	0.99
0.204081632653061	4	36	0.99
0.19047619047619	4	36	0.99
0.204081632653061	4	36	0.99
0.242424242424242	4	36	0.99
0.476190476190476	4	36	0.99
0.217391304347826	4	36	0.99
0.333333333333333	4	36	0.99
0.37037037037037	4	36	0.99
0.285714285714286	4	36	0.99
0.195121951219512	4	36	0.99
0.288461538461538	4	36	0.99
0.25	4	36	0.99
0.230769230769231	4	36	0.99
0.222222222222222	4	36	0.99
0.175438596491228	4	36	0.99
0.161290322580645	4	36	0.99
0.232558139534884	4	36	0.99
0.461538461538462	4	36	0.99
0.394736842105263	4	36	0.99
0.508474576271186	4	36	0.99
0.266666666666667	4	36	0.99
0.2	4	36	0.99
0.315789473684211	4	36	0.99
0.477272727272727	4	36	0.99
0.163265306122449	4	36	0.99
0.269230769230769	4	36	0.99
0.212765957446809	4	36	0.99
0.269230769230769	4	36	0.99
0.307692307692308	4	36	0.99
0.157894736842105	4	36	0.99
0.170212765957447	4	36	0.99
0.228070175438596	4	36	0.99
0.230769230769231	4	36	0.99
0.166666666666667	4	36	0.99
0.303571428571429	4	36	0.99
0.222222222222222	4	36	0.99
0.315789473684211	4	36	0.99
0.162162162162162	4	36	0.99
0.206896551724138	4	36	0.99
0.266666666666667	4	36	0.99
0.488888888888889	4	36	0.99
0.222222222222222	4	36	0.99
0.285714285714286	4	36	0.99
0.205128205128205	4	36	0.99
0.333333333333333	4	36	0.99
0.111111111111111	4	36	0.99
0.285714285714286	4	36	0.99
0.428571428571429	4	36	0.99
0.1875	4	36	0.99
0.193548387096774	4	36	0.99
0.2	4	36	0.99
0.15625	4	36	0.99
0.176470588235294	4	36	0.99
0.145833333333333	4	36	0.99
0.291666666666667	4	36	0.99
0.275	4	36	0.99
0.461538461538462	4	36	0.99
0.214285714285714	4	36	0.99
0.368421052631579	4	36	0.99
0.166666666666667	4	36	0.99
0.216216216216216	4	36	0.99
0.216216216216216	4	36	0.99
0.444444444444444	4	36	0.99
0.170731707317073	4	36	0.99
0.244444444444444	4	36	0.99
0.303030303030303	4	36	0.99
0.272727272727273	4	36	0.99
0.290322580645161	4	36	0.99
0.125	4	36	0.99
0.264705882352941	4	36	0.99
0.333333333333333	4	36	0.99
0.448275862068966	4	36	0.99
0.217391304347826	4	36	0.99
0.454545454545455	4	36	0.99
0.272727272727273	4	36	0.99
0.75	4	36	0.99
0.235294117647059	4	36	0.99
0.186046511627907	4	36	0.99
0.285714285714286	4	36	0.99
0.112903225806452	4	36	0.99
0.229166666666667	4	36	0.99
0.25	4	36	0.99
0.15	4	36	0.99
0.219178082191781	4	36	0.99
0.459459459459459	4	36	0.99
0.48	4	36	0.99
0.608695652173913	4	36	0.99
0.294117647058824	4	36	0.99
0.261904761904762	4	36	0.99
0.306122448979592	4	36	0.99
0.222222222222222	4	36	0.99
0.4	4	36	0.99
0.255813953488372	4	36	0.99
0.179487179487179	4	36	0.99
0.230769230769231	4	36	0.99
0.196428571428571	4	36	0.99
0.2	4	36	0.99
0.411764705882353	4	36	0.99
0.181818181818182	4	36	0.99
0.181818181818182	4	36	0.99
0.25	4	36	0.99
0.142857142857143	4	36	0.99
0.15625	4	36	0.99
0.571428571428571	4	36	0.99
0.333333333333333	4	36	0.99
0.245283018867925	4	36	0.99
0.272727272727273	4	36	0.99
0.37037037037037	4	36	0.99
0.145833333333333	4	36	0.99
0.157894736842105	4	36	0.99
0.1875	4	36	0.99
0.2	4	36	0.99
0.344827586206897	4	36	0.99
0.276923076923077	4	36	0.99
0.333333333333333	4	36	0.99
0.194444444444444	4	36	0.99
0.159090909090909	4	36	0.99
0.358208955223881	4	36	0.99
0.234042553191489	4	36	0.99
0.24	4	36	0.99
0.192307692307692	4	36	0.99
0.162162162162162	4	36	0.99
0.5	4	36	0.99
0.375	4	36	0.99
0.384615384615385	4	36	0.99
0.19047619047619	4	36	0.99
0.51063829787234	4	36	0.99
0.205882352941176	4	36	0.99
0.352941176470588	4	36	0.99
0.272727272727273	4	36	0.99
0.428571428571429	4	36	0.99
0.4375	4	36	0.99
0.262295081967213	4	36	0.99
0.433333333333333	4	36	0.99
0.283018867924528	4	36	0.99
0.257575757575758	4	36	0.99
0.181818181818182	4	36	0.99
0.227272727272727	4	36	0.99
0.261904761904762	4	36	0.99
0.188405797101449	4	36	0.99
0.166666666666667	4	36	0.99
0.375	4	36	0.99
0.211538461538462	4	36	0.99
0.45	4	36	0.99
0.241379310344828	4	36	0.99
0.404761904761905	4	36	0.99
0.1875	4	36	0.99
0.473684210526316	4	36	0.99
0.4	4	36	0.99
0.384615384615385	4	36	0.99
0.214285714285714	4	36	0.99
0.142857142857143	4	36	0.99
0.571428571428571	4	36	0.99
0.2	4	36	0.99
0.222222222222222	4	36	0.99
0.229166666666667	4	36	0.99
0.230769230769231	4	36	0.99
0.431372549019608	4	36	0.99
0.25	4	36	0.99
0.461538461538462	4	36	0.99
0.227272727272727	4	36	0.99
0.238095238095238	4	36	0.99
0.157894736842105	4	36	0.99
0.157894736842105	4	36	0.99
0.333333333333333	4	36	0.99
0.205128205128205	4	36	0.99
0.230769230769231	4	36	0.99
0.25	4	36	0.99
0.111111111111111	4	36	0.99
0.2	4	36	0.99
0.19047619047619	4	36	0.99
0.206896551724138	4	36	0.99
0.388888888888889	4	36	0.99
0.289473684210526	4	36	0.99
0.25	4	36	0.99
0.333333333333333	4	36	0.99
0.243243243243243	4	36	0.99
0.203125	4	36	0.99
0.245614035087719	4	36	0.99
0.244897959183673	4	36	0.99
0.2	4	36	0.99
0.428571428571429	4	36	0.99
0.202898550724638	4	36	0.99
0.25	4	36	0.99
0.15	4	36	0.99
0.404255319148936	4	36	0.99
0.40625	4	36	0.99
0.25	4	36	0.99
0.323529411764706	4	36	0.99
0.363636363636364	4	36	0.99
0.195121951219512	4	36	0.99
0.554054054054054	4	36	0.99
0.229508196721311	4	36	0.99
0.181818181818182	4	36	0.99
0.357142857142857	4	36	0.99
0.4	4	36	0.99
0.32258064516129	4	36	0.99
0.216216216216216	4	36	0.99
0.333333333333333	4	36	0.99
0.176470588235294	4	36	0.99
0.111111111111111	4	36	0.99
0.461538461538462	4	36	0.99
0.3125	4	36	0.99
0.180327868852459	4	36	0.99
0.375	4	36	0.99
0.238095238095238	4	36	0.99
0.205128205128205	4	36	0.99
0.241379310344828	4	36	0.99
0.5625	4	36	0.99
0.30952380952381	4	36	0.99
0.2	4	36	0.99
0.15	4	36	0.99
0.46875	4	36	0.99
0.321428571428571	4	36	0.99
0.260869565217391	4	36	0.99
0.222222222222222	4	36	0.99
0.2	4	36	0.99
0.2	4	36	0.99
0.191489361702128	4	36	0.99
0.216216216216216	4	36	0.99
0.1875	4	36	0.99
0.351351351351351	4	36	0.99
0.285714285714286	4	36	0.99
0.3	4	36	0.99
0.307692307692308	4	36	0.99
0.153846153846154	4	36	0.99
0.423076923076923	4	36	0.99
0.288888888888889	4	36	0.99
0.117647058823529	4	36	0.99
0.357142857142857	4	36	0.99
0.157894736842105	4	36	0.99
0.24	4	36	0.99
0.705882352941177	4	36	0.99
0.25	4	36	0.99
0.214285714285714	4	36	0.99
0.232558139534884	4	36	0.99
0.233333333333333	4	36	0.99
0.230769230769231	4	36	0.99
0.275	4	36	0.99
0.137931034482759	4	36	0.99
0.242424242424242	4	36	0.99
0.181818181818182	4	36	0.99
0.180327868852459	4	36	0.99
0.264150943396226	4	36	0.99
0.24390243902439	4	36	0.99
0.157894736842105	4	36	0.99
0.2	4	36	0.99
0.32258064516129	4	36	0.99
0.12	4	36	0.99
0.35	4	36	0.99
0.222222222222222	4	36	0.99
0.25	4	36	0.99
0.619047619047619	4	36	0.99
0.217391304347826	4	36	0.99
0.166666666666667	4	36	0.99
0.243243243243243	4	36	0.99
0.272727272727273	4	36	0.99
0.130434782608696	4	36	0.99
0.290322580645161	4	36	0.99
0.245901639344262	4	36	0.99
0.379310344827586	4	36	0.99
0.2	4	36	0.99
0.169811320754717	4	36	0.99
0.285714285714286	4	36	0.99
0.176470588235294	4	36	0.99
0.296296296296296	4	36	0.99
0.392857142857143	4	36	0.99
0.309090909090909	4	36	0.99
0.276595744680851	4	36	0.99
0.244897959183673	4	36	0.99
0.219512195121951	4	36	0.99
0.378378378378378	4	36	0.99
0.323076923076923	4	36	0.99
0.254901960784314	4	36	0.99
0.25	4	36	0.99
0.462686567164179	4	36	0.99
0.125	4	36	0.99
0.0882352941176471	4	36	0.99
0.259259259259259	4	36	0.99
0.12	4	36	0.99
0.24	4	36	0.99
0.363636363636364	4	36	0.99
0.422222222222222	4	36	0.99
0.179487179487179	4	36	0.99
0.166666666666667	4	36	0.99
0.264705882352941	4	36	0.99
0.642857142857143	4	36	0.99
0.269230769230769	4	36	0.99
0.125	4	36	0.99
0.463414634146341	4	36	0.99
0.220338983050847	4	36	0.99
0.428571428571429	4	36	0.99
0.236842105263158	4	36	0.99
0.162790697674419	4	36	0.99
0.25	4	36	0.99
0.269230769230769	4	36	0.99
0.448275862068966	4	36	0.99
0.242424242424242	4	36	0.99
0.555555555555556	4	36	0.99
0.25	4	36	0.99
0.25	4	36	0.99
0.307692307692308	4	36	0.99
0.375	4	36	0.99
0.3	4	36	0.99
0.25531914893617	4	36	0.99
0.153846153846154	4	36	0.99
0.3	4	36	0.99
0.16	4	36	0.99
0.380952380952381	4	36	0.99
0.260869565217391	4	36	0.99
0.533333333333333	4	36	0.99
0.733333333333333	4	36	0.99
0.391304347826087	4	36	0.99
0.315789473684211	4	36	0.99
0.272727272727273	4	36	0.99
0.235294117647059	4	36	0.99
0.12	4	36	0.99
0.272727272727273	4	36	0.99
0.228571428571429	4	36	0.99
0.232558139534884	4	36	0.99
0.235294117647059	4	36	0.99
0.11864406779661	4	36	0.99
0.28	4	36	0.99
0.272727272727273	4	36	0.99
0.236842105263158	4	36	0.99
0.227272727272727	4	36	0.99
0.195121951219512	4	36	0.99
0.242424242424242	4	36	0.99
0.25	4	36	0.99
0.25	4	36	0.99
0.125	4	36	0.99
0.230769230769231	4	36	0.99
0.4	4	36	0.99
0.166666666666667	4	36	0.99
0.28125	4	36	0.99
0.166666666666667	4	36	0.99
0.675	4	36	0.99
0.27027027027027	4	36	0.99
0.181818181818182	4	36	0.99
0.162790697674419	4	36	0.99
0.318181818181818	4	36	0.99
0.0895522388059701	4	36	0.99
0.121621621621622	4	36	0.99
0.118421052631579	4	36	0.99
0.142857142857143	4	36	0.99
0.529411764705882	4	36	0.99
0.136363636363636	4	36	0.99
0.454545454545455	4	36	0.99
0.208333333333333	4	36	0.99
0.4375	4	36	0.99
0.205882352941176	4	36	0.99
0.163265306122449	4	36	0.99
0.466666666666667	4	36	0.99
0.596153846153846	4	36	0.99
0.210526315789474	4	36	0.99
0.188405797101449	4	36	0.99
0.25531914893617	4	36	0.99
0.125	4	36	0.99
0.278688524590164	4	36	0.99
0.240740740740741	4	36	0.99
0.227272727272727	4	36	0.99
0.210526315789474	4	36	0.99
0.222222222222222	4	36	0.99
0.166666666666667	4	36	0.99
0.288888888888889	4	36	0.99
0.234375	4	36	0.99
0.3125	4	36	0.99
0.347826086956522	4	36	0.99
0.547619047619048	4	36	0.99
0.375	4	36	0.99
0.136363636363636	4	36	0.99
0.115384615384615	4	36	0.99
0.166666666666667	4	36	0.99
0.194029850746269	4	36	0.99
0.434782608695652	4	36	0.99
0.333333333333333	4	36	0.99
0.224137931034483	4	36	0.99
0.527272727272727	4	36	0.99
0.245283018867925	4	36	0.99
0.4375	4	36	0.99
0.25	4	36	0.99
0.666666666666667	4	36	0.99
0.4	4	36	0.99
0.184210526315789	4	36	0.99
0.28125	4	36	0.99
0.276595744680851	4	36	0.99
0.418604651162791	4	36	0.99
0.222222222222222	4	36	0.99
0.34	4	36	0.99
0.211538461538462	4	36	0.99
0.418604651162791	4	36	0.99
0.2	4	36	0.99
0.358974358974359	4	36	0.99
0.263157894736842	4	36	0.99
0.363636363636364	4	36	0.99
0.333333333333333	4	36	0.99
0.0882352941176471	4	36	0.99
0.206896551724138	4	36	0.99
0.23728813559322	4	36	0.99
0.454545454545455	4	36	0.99
0.522727272727273	4	36	0.99
0.176470588235294	4	36	0.99
0.256410256410256	4	36	0.99
0.266666666666667	4	36	0.99
0.21875	4	36	0.99
0.220588235294118	4	36	0.99
0.307692307692308	4	36	0.99
0.333333333333333	4	36	0.99
0.315789473684211	4	36	0.99
0.476190476190476	4	36	0.99
0.461538461538462	4	36	0.99
0.5	4	36	0.99
0.833333333333333	4	36	0.99
0.457142857142857	4	36	0.99
0.318181818181818	4	36	0.99
0.3	4	36	0.99
0.304347826086957	4	36	0.99
0.260869565217391	4	36	0.99
0.48	4	36	0.99
0.428571428571429	4	36	0.99
0.272727272727273	4	36	0.99
0.277777777777778	4	36	0.99
0.230769230769231	4	36	0.99
0.186046511627907	4	36	0.99
0.125	4	36	0.99
0.28125	4	36	0.99
0.25	4	36	0.99
0.379310344827586	4	36	0.99
0.163934426229508	4	36	0.99
0.285714285714286	4	36	0.99
0.263157894736842	4	36	0.99
0.215384615384615	4	36	0.99
0.307692307692308	4	36	0.99
0.179487179487179	4	36	0.99
0.2	4	36	0.99
0.18	4	36	0.99
0.321428571428571	4	36	0.99
0.275862068965517	4	36	0.99
0.4	4	36	0.99
0.304347826086957	4	36	0.99
0.310344827586207	4	36	0.99
0.272727272727273	4	36	0.99
0.136363636363636	4	36	0.99
0.162162162162162	4	36	0.99
0.195652173913043	4	36	0.99
0.180555555555556	4	36	0.99
0.222222222222222	4	36	0.99
0.246376811594203	4	36	0.99
0.16	4	36	0.99
0.36	4	36	0.99
0.196428571428571	4	36	0.99
0.361111111111111	4	36	0.99
0.340909090909091	4	36	0.99
0.375	4	36	0.99
0.473684210526316	4	36	0.99
0.264705882352941	4	36	0.99
0.12	4	36	0.99
0.216216216216216	4	36	0.99
0.666666666666667	4	36	0.99
0.219512195121951	4	36	0.99
0.137931034482759	4	36	0.99
0.27027027027027	4	36	0.99
0.5	4	36	0.99
0.46875	4	36	0.99
0.481481481481481	4	36	0.99
0.325581395348837	4	36	0.99
0.446428571428571	4	36	0.99
0.26	4	36	0.99
0.230769230769231	4	36	0.99
0.186440677966102	4	36	0.99
0.395348837209302	4	36	0.99
0.169811320754717	4	36	0.99
0.315789473684211	4	36	0.99
0.162162162162162	4	36	0.99
0.222222222222222	4	36	0.99
0.238095238095238	4	36	0.99
0.192982456140351	4	36	0.99
0.285714285714286	4	36	0.99
0.173913043478261	4	36	0.99
0.611111111111111	4	36	0.99
0.32	4	36	0.99
0.181818181818182	4	36	0.99
0.295454545454545	4	36	0.99
0.478260869565217	4	36	0.99
0.178571428571429	4	36	0.99
0.166666666666667	4	36	0.99
0.153846153846154	4	36	0.99
0.777777777777778	4	36	0.99
0.45	4	36	0.99
0.4	4	36	0.99
0.2	4	36	0.99
0.210526315789474	4	36	0.99
0.210526315789474	4	36	0.99
0.191489361702128	4	36	0.99
0.375	4	36	0.99
0.529411764705882	4	36	0.99
0.511627906976744	4	36	0.99
0.222222222222222	4	36	0.99
0.157894736842105	4	36	0.99
0.166666666666667	4	36	0.99
0.292682926829268	4	36	0.99
0.571428571428571	4	36	0.99
0.206896551724138	4	36	0.99
0.230769230769231	4	36	0.99
0.428571428571429	4	36	0.99
0.226415094339623	4	36	0.99
0.285714285714286	4	36	0.99
0.176470588235294	4	36	0.99
0.25	4	36	0.99
0.206896551724138	4	36	0.99
0.19047619047619	4	36	0.99
0.347826086956522	4	36	0.99
0.4	4	36	0.99
0.181818181818182	4	36	0.99
0.233333333333333	4	36	0.99
0.428571428571429	4	36	0.99
0.2	4	36	0.99
0.156862745098039	4	36	0.99
0.225	4	36	0.99
0.5	4	36	0.99
0.590909090909091	4	36	0.99
0.4	4	36	0.99
0.231884057971014	4	36	0.99
0.315789473684211	4	36	0.99
0.269230769230769	4	36	0.99
0.304347826086957	4	36	0.99
0.0967741935483871	4	36	0.99
0.203125	4	36	0.99
0.22	4	36	0.99
0.175	4	36	0.99
0.163934426229508	4	36	0.99
0.230769230769231	4	36	0.99
0.413333333333333	4	36	0.99
0.264150943396226	4	36	0.99
0.137931034482759	4	36	0.99
0.163934426229508	4	36	0.99
0.254901960784314	4	36	0.99
0.222222222222222	4	36	0.99
0.307692307692308	4	36	0.99
0.571428571428571	4	36	0.99
0.163934426229508	4	36	0.99
0.2	4	36	0.99
0.259259259259259	4	36	0.99
0.346153846153846	4	36	0.99
0.317073170731707	4	36	0.99
0.225	4	36	0.99
0.214285714285714	4	36	0.99
0.41025641025641	4	36	0.99
0.6	4	36	0.99
0.416666666666667	4	36	0.99
0.586206896551724	4	36	0.99
0.162162162162162	4	36	0.99
0.204081632653061	4	36	0.99
0.24	4	36	0.99
0.222222222222222	4	36	0.99
0.352941176470588	4	36	0.99
0.222222222222222	4	36	0.99
0.275862068965517	4	36	0.99
0.366666666666667	4	36	0.99
0.315789473684211	4	36	0.99
0.272727272727273	4	36	0.99
0.111111111111111	4	36	0.99
0.5625	4	36	0.99
0.208333333333333	4	36	0.99
0.275	4	36	0.99
0.277777777777778	4	36	0.99
0.192307692307692	4	36	0.99
0.277777777777778	4	36	0.99
0.159090909090909	4	36	0.99
0.208955223880597	4	36	0.99
0.277777777777778	4	36	0.99
0.226415094339623	4	36	0.99
0.194444444444444	4	36	0.99
0.28125	4	36	0.99
0.490196078431373	4	36	0.99
0.454545454545455	4	36	0.99
0.186440677966102	4	36	0.99
0.408163265306122	4	36	0.99
0.157894736842105	4	36	0.99
0.242424242424242	4	36	0.99
0.2	4	36	0.99
0.352941176470588	4	36	0.99
0.106382978723404	4	36	0.99
0.476190476190476	4	36	0.99
0.204081632653061	4	36	0.99
0.191489361702128	4	36	0.99
0.242424242424242	4	36	0.99
0.448275862068966	4	36	0.99
0.230769230769231	4	36	0.99
0.13953488372093	4	36	0.99
0.5	4	36	0.99
0.170212765957447	4	36	0.99
0.258064516129032	4	36	0.99
0.235294117647059	4	36	0.99
0.15	4	36	0.99
0.2	4	36	0.99
0.19047619047619	4	36	0.99
0.368421052631579	4	36	0.99
0.178571428571429	4	36	0.99
0.212765957446809	4	36	0.99
0.303030303030303	4	36	0.99
0.5	4	36	0.99
0.461538461538462	4	36	0.99
0.258064516129032	4	36	0.99
0.115384615384615	4	36	0.99
0.625	4	36	0.99
0.176470588235294	4	36	0.99
0.222222222222222	4	36	0.99
0.214285714285714	4	36	0.99
0.210526315789474	4	36	0.99
0.25	4	36	0.99
0.239130434782609	4	36	0.99
0.173913043478261	4	36	0.99
0.297297297297297	4	36	0.99
0.333333333333333	4	36	0.99
0.179487179487179	4	36	0.99
0.235294117647059	4	36	0.99
0.40625	4	36	0.99
0.186440677966102	4	36	0.99
0.0967741935483871	4	36	0.99
0.111111111111111	4	36	0.99
0.391304347826087	4	36	0.99
0.214285714285714	4	36	0.99
0.146341463414634	4	36	0.99
0.411764705882353	4	36	0.99
0.185185185185185	4	36	0.99
0.125	4	36	0.99
0.4	4	36	0.99
0.111111111111111	4	36	0.99
0.5	4	36	0.99
0.6	4	36	0.99
0.130434782608696	4	36	0.99
0.212121212121212	4	36	0.99
0.230769230769231	4	36	0.99
0.238095238095238	4	36	0.99
0.230769230769231	4	36	0.99
0.545454545454545	4	36	0.99
0.363636363636364	4	36	0.99
0.222222222222222	4	36	0.99
0.269230769230769	4	36	0.99
0.107142857142857	4	36	0.99
0.0882352941176471	4	36	0.99
0.210526315789474	4	36	0.99
0.125	4	36	0.99
0.2	4	36	0.99
0.254901960784314	4	36	0.99
0.347826086956522	4	36	0.99
0.235294117647059	4	36	0.99
0.169811320754717	4	36	0.99
0.2	4	36	0.99
0.176470588235294	4	36	0.99
0.584905660377358	4	36	0.99
0.254545454545455	4	36	0.99
0.423076923076923	4	36	0.99
0.4	4	36	0.99
0.368421052631579	4	36	0.99
0.375	4	36	0.99
0.5	4	36	0.99
0.243243243243243	4	36	0.99
0.558139534883721	4	36	0.99
0.212765957446809	4	36	0.99
0.27027027027027	4	36	0.99
0.222222222222222	4	36	0.99
0.2	4	36	0.99
0.125	4	36	0.99
0.259259259259259	4	36	0.99
0.464285714285714	4	36	0.99
0.259259259259259	4	36	0.99
0.448275862068966	4	36	0.99
0.269230769230769	4	36	0.99
0.3	4	36	0.99
0.243243243243243	4	36	0.99
0.209302325581395	4	36	0.99
0.101449275362319	4	36	0.99
0.527027027027027	4	36	0.99
0.147058823529412	4	36	0.99
0.206896551724138	4	36	0.99
0.173913043478261	4	36	0.99
0.282051282051282	4	36	0.99
0.222222222222222	4	36	0.99
0.233333333333333	4	36	0.99
0.315789473684211	4	36	0.99
0.2	4	36	0.99
0.125	4	36	0.99
0.333333333333333	4	36	0.99
0.113636363636364	4	36	0.99
0.107142857142857	4	36	0.99
0.408163265306122	4	36	0.99
0.229166666666667	4	36	0.99
0.113636363636364	4	36	0.99
0.176470588235294	4	36	0.99
0.166666666666667	4	36	0.99
0.216216216216216	4	36	0.99
0.213114754098361	4	36	0.99
0.272727272727273	4	36	0.99
0.264705882352941	4	36	0.99
0.210526315789474	4	36	0.99
0.25	4	36	0.99
0.462686567164179	4	36	0.99
0.428571428571429	4	36	0.99
0.318181818181818	4	36	0.99
0.238095238095238	4	36	0.99
0.348837209302326	4	36	0.99
0.242424242424242	4	36	0.99
0.216216216216216	4	36	0.99
0.5	4	36	0.99
0.225806451612903	4	36	0.99
0.181818181818182	4	36	0.99
0.21875	4	36	0.99
0.15	4	36	0.99
0.188679245283019	4	36	0.99
0.55	4	36	0.99
0.466666666666667	4	36	0.99
0.310344827586207	4	36	0.99
0.233333333333333	4	36	0.99
0.1875	4	36	0.99
0.5	4	36	0.99
0.235294117647059	4	36	0.99
0.5	4	36	0.99
0.5	4	36	0.99
0.232558139534884	4	36	0.99
0.214285714285714	4	36	0.99
0.210526315789474	4	36	0.99
0.2	4	36	0.99
0.3	4	36	0.99
0.25	4	36	0.99
0.260869565217391	4	36	0.99
0.272727272727273	4	36	0.99
0.196078431372549	4	36	0.99
0.315789473684211	4	36	0.99
0.127659574468085	4	36	0.99
0.363636363636364	4	36	0.99
0.230769230769231	4	36	0.99
0.1875	4	36	0.99
0.434782608695652	4	36	0.99
0.25	4	36	0.99
0.333333333333333	4	36	0.99
0.230769230769231	4	36	0.99
0.258064516129032	4	36	0.99
0.230769230769231	4	36	0.99
0.222222222222222	4	36	0.99
0.321428571428571	4	36	0.99
0.326530612244898	4	36	0.99
0.25	4	36	0.99
0.263157894736842	4	36	0.99
0.32258064516129	4	36	0.99
0.121951219512195	4	36	0.99
0.230769230769231	4	36	0.99
0.25	4	36	0.99
0.595238095238095	4	36	0.99
0.291666666666667	4	36	0.99
0.333333333333333	4	36	0.99
0.125	4	36	0.99
0.142857142857143	4	36	0.99
0.163265306122449	4	36	0.99
0.205882352941176	4	36	0.99
0.25	4	36	0.99
0.234042553191489	4	36	0.99
0.161764705882353	4	36	0.99
0.146341463414634	4	36	0.99
0.339285714285714	4	36	0.99
0.486486486486487	4	36	0.99
0.24390243902439	4	36	0.99
0.227272727272727	4	36	0.99
0.350877192982456	4	36	0.99
0.310344827586207	4	36	0.99
0.230769230769231	4	36	0.99
0.209302325581395	4	36	0.99
0.172413793103448	4	36	0.99
0.55	4	36	0.99
0.214285714285714	4	36	0.99
0.2	4	36	0.99
0.219512195121951	4	36	0.99
0.16	4	36	0.99
0.272727272727273	4	36	0.99
0.380952380952381	4	36	0.99
0.380952380952381	4	36	0.99
0.353846153846154	4	36	0.99
0.219512195121951	4	36	0.99
0.42	4	36	0.99
0.25	4	36	0.99
0.290909090909091	4	36	0.99
0.291139240506329	4	36	0.99
0.270833333333333	4	36	0.99
0.416666666666667	4	36	0.99
0.333333333333333	4	36	0.99
0.243243243243243	4	36	0.99
0.272727272727273	4	36	0.99
0.137931034482759	4	36	0.99
0.230769230769231	4	36	0.99
0.4	4	36	0.99
0.235294117647059	4	36	0.99
0.1875	4	36	0.99
0.352941176470588	4	36	0.99
0.235294117647059	4	36	0.99
0.227272727272727	4	36	0.99
0.377358490566038	4	36	0.99
0.526315789473684	4	36	0.99
0.131578947368421	4	36	0.99
0.318181818181818	4	36	0.99
0.222222222222222	4	36	0.99
0.294117647058824	4	36	0.99
0.285714285714286	4	36	0.99
0.219178082191781	4	36	0.99
0.163636363636364	4	36	0.99
0.44	4	36	0.99
0.153846153846154	4	36	0.99
0.227272727272727	4	36	0.99
0.333333333333333	4	36	0.99
0.517241379310345	4	36	0.99
0.25	4	36	0.99
0.363636363636364	4	36	0.99
0.25	4	36	0.99
0.305555555555556	4	36	0.99
0.25531914893617	4	36	0.99
0.208955223880597	4	36	0.99
0.266666666666667	4	36	0.99
0.138888888888889	4	36	0.99
0.39344262295082	4	36	0.99
0.297297297297297	4	36	0.99
0.272727272727273	4	36	0.99
0.2	4	36	0.99
0.170212765957447	4	36	0.99
0.239130434782609	4	36	0.99
0.3125	4	36	0.99
0.452380952380952	4	36	0.99
0.166666666666667	4	36	0.99
0.258064516129032	4	36	0.99
0.424242424242424	4	36	0.99
0.15	4	36	0.99
0.270833333333333	4	36	0.99
0.254901960784314	4	36	0.99
0.36	4	36	0.99
0.235294117647059	4	36	0.99
0.25	4	36	0.99
0.348837209302326	4	36	0.99
0.169811320754717	4	36	0.99
0.207547169811321	4	36	0.99
0.227272727272727	4	36	0.99
0.244444444444444	4	36	0.99
0.1875	4	36	0.99
0.192307692307692	4	36	0.99
0.583333333333333	4	36	0.99
0.166666666666667	4	36	0.99
0.12	4	36	0.99
0.137931034482759	4	36	0.99
0.384615384615385	4	36	0.99
0.101694915254237	4	36	0.99
0.295774647887324	4	36	0.99
0.23728813559322	4	36	0.99
0.278688524590164	4	36	0.99
0.235294117647059	4	36	0.99
0.416666666666667	4	36	0.99
0.263157894736842	4	36	0.99
0.213114754098361	4	36	0.99
0.324324324324324	4	36	0.99
0.521739130434783	4	36	0.99
0.222222222222222	4	36	0.99
0.344827586206897	4	36	0.99
0.435897435897436	4	36	0.99
0.1875	4	36	0.99
0.211538461538462	4	36	0.99
0.242857142857143	4	36	0.99
0.166666666666667	4	36	0.99
0.16	4	36	0.99
0.461538461538462	4	36	0.99
0.533333333333333	4	36	0.99
0.318181818181818	4	36	0.99
0.24390243902439	4	36	0.99
0.238095238095238	4	36	0.99
0.210526315789474	4	36	0.99
0.142857142857143	4	36	0.99
0.511111111111111	4	36	0.99
0.384615384615385	4	36	0.99
0.538461538461538	4	36	0.99
0.45	4	36	0.99
0.189189189189189	4	36	0.99
0.204819277108434	4	36	0.99
0.303571428571429	4	36	0.99
0.459459459459459	4	36	0.99
0.202898550724638	4	36	0.99
0.202898550724638	4	36	0.99
0.230769230769231	4	36	0.99
0.153846153846154	4	36	0.99
0.193548387096774	4	36	0.99
0.444444444444444	4	36	0.99
0.244897959183673	4	36	0.99
0.23728813559322	4	36	0.99
0.230769230769231	4	36	0.99
0.25	4	36	0.99
0.166666666666667	4	36	0.99
0.19047619047619	4	36	0.99
0.551724137931034	4	36	0.99
0.173913043478261	4	36	0.99
0.183333333333333	4	36	0.99
0.107142857142857	4	36	0.99
0.439024390243902	4	36	0.99
0.170212765957447	4	36	0.99
0.56	4	36	0.99
0.272727272727273	4	36	0.99
0.189189189189189	4	36	0.99
0.259259259259259	4	36	0.99
0.714285714285714	4	36	0.99
0.4	4	36	0.99
0.24	4	36	0.99
0.447368421052632	4	36	0.99
0.277777777777778	4	36	0.99
0.228571428571429	4	36	0.99
0.26865671641791	4	36	0.99
0.375	4	36	0.99
0.125	4	36	0.99
0.244444444444444	4	36	0.99
0.160714285714286	4	36	0.99
0.166666666666667	4	36	0.99
0.4	4	36	0.99
0.523809523809524	4	36	0.99
0.25	4	36	0.99
0.245283018867925	4	36	0.99
0.103448275862069	4	36	0.99
0.2	4	36	0.99
0.333333333333333	4	36	0.99
0.192307692307692	4	36	0.99
0.176470588235294	4	36	0.99
0.555555555555556	4	36	0.99
0.5	4	36	0.99
0.482758620689655	4	36	0.99
0.515151515151515	4	36	0.99
0.42	4	36	0.99
0.22	4	36	0.99
0.270833333333333	4	36	0.99
0.448275862068966	4	36	0.99
0.185185185185185	4	36	0.99
0.27027027027027	4	36	0.99
0.230769230769231	4	36	0.99
0.384615384615385	4	36	0.99
0.391304347826087	4	36	0.99
0.444444444444444	4	36	0.99
0.128205128205128	4	36	0.99
0.125	4	36	0.99
0.214285714285714	4	36	0.99
0.4375	4	36	0.99
0.416666666666667	4	36	0.99
0.242424242424242	4	36	0.99
0.454545454545455	4	36	0.99
0.541666666666667	4	36	0.99
0.177777777777778	4	36	0.99
0.282608695652174	4	36	0.99
0.166666666666667	4	36	0.99
0.272727272727273	4	36	0.99
0.120689655172414	4	36	0.99
0.363636363636364	4	36	0.99
0.137254901960784	4	36	0.99
0.209677419354839	4	36	0.99
0.578947368421053	4	36	0.99
0.282608695652174	4	36	0.99
0.5	4	36	0.99
0.197183098591549	4	36	0.99
0.159420289855072	4	36	0.99
0.269230769230769	4	36	0.99
0.269230769230769	4	36	0.99
0.220338983050847	4	36	0.99
0.333333333333333	4	36	0.99
0.173076923076923	4	36	0.99
0.423076923076923	4	36	0.99
0.362068965517241	4	36	0.99
0.454545454545455	4	36	0.99
0.245901639344262	4	36	0.99
0.333333333333333	4	36	0.99
0.310810810810811	4	36	0.99
0.21875	4	36	0.99
0.307692307692308	4	36	0.99
0.258064516129032	4	36	0.99
0.162790697674419	4	36	0.99
0.1875	4	36	0.99
0.24	4	36	0.99
0.236842105263158	4	36	0.99
0.25	4	36	0.99
0.327272727272727	4	36	0.99
0.185185185185185	4	36	0.99
0.409836065573771	4	36	0.99
0.142857142857143	4	36	0.99
0.27027027027027	4	36	0.99
0.179487179487179	4	36	0.99
0.27027027027027	4	36	0.99
0.205128205128205	4	36	0.99
0.195121951219512	4	36	0.99
0.170731707317073	4	36	0.99
0.163265306122449	4	36	0.99
0.14	4	36	0.99
0.245901639344262	4	36	0.99
0.207547169811321	4	36	0.99
0.3125	4	36	0.99
0.22	4	36	0.99
0.115384615384615	4	36	0.99
0.264150943396226	4	36	0.99
0.1875	4	36	0.99
0.244444444444444	4	36	0.99
0.454545454545455	4	36	0.99
0.350649350649351	4	36	0.99
0.323076923076923	4	36	0.99
0.630434782608696	4	36	0.99
0.232142857142857	4	36	0.99
0.0909090909090909	4	36	0.99
0.214285714285714	4	36	0.99
0.210526315789474	4	36	0.99
0.32258064516129	4	36	0.99
0.183333333333333	4	36	0.99
0.238095238095238	4	36	0.99
0.266666666666667	4	36	0.99
0.176470588235294	4	36	0.99
0.193548387096774	4	36	0.99
0.352941176470588	4	36	0.99
0.411764705882353	4	36	0.99
0.194444444444444	4	36	0.99
0.12	4	36	0.99
0.4	4	36	0.99
0.216216216216216	4	36	0.99
0.136363636363636	4	36	0.99
0.169811320754717	4	36	0.99
0.352941176470588	4	36	0.99
0.285714285714286	4	36	0.99
0.185185185185185	4	36	0.99
0.226415094339623	4	36	0.99
0.256756756756757	4	36	0.99
0.119402985074627	4	36	0.99
0.261904761904762	4	36	0.99
0.333333333333333	4	36	0.99
0.309859154929577	4	36	0.99
0.193548387096774	4	36	0.99
0.162162162162162	4	36	0.99
0.321428571428571	4	36	0.99
0.24	4	36	0.99
0.152173913043478	4	36	0.99
0.32258064516129	4	36	0.99
0.342857142857143	4	36	0.99
0.309090909090909	4	36	0.99
0.321428571428571	4	36	0.99
0.14	4	36	0.99
0.226415094339623	4	36	0.99
0.269230769230769	4	36	0.99
0.136363636363636	4	36	0.99
0.243243243243243	4	36	0.99
0.5	4	36	0.99
0.454545454545455	4	36	0.99
0.225806451612903	4	36	0.99
0.222222222222222	4	36	0.99
0.166666666666667	4	36	0.99
0.431818181818182	4	36	0.99
0.254545454545455	4	36	0.99
0.52	4	36	0.99
0.238805970149254	4	36	0.99
0.298245614035088	4	36	0.99
0.232558139534884	4	36	0.99
0.258064516129032	4	36	0.99
0.272727272727273	4	36	0.99
0.428571428571429	4	36	0.99
0.2	4	36	0.99
0.258064516129032	4	36	0.99
0.230769230769231	4	36	0.99
0.2	4	36	0.99
0.347826086956522	4	36	0.99
0.423076923076923	4	36	0.99
0.352941176470588	4	36	0.99
0.625	4	36	0.99
0.333333333333333	4	36	0.99
0.285714285714286	4	36	0.99
0.15	4	36	0.99
0.5	4	36	0.99
0.155172413793103	4	36	0.99
0.3125	4	36	0.99
0.166666666666667	4	36	0.99
0.277777777777778	4	36	0.99
0.45	4	36	0.99
0.12	4	36	0.99
0.232558139534884	4	36	0.99
0.326923076923077	4	36	0.99
0.232558139534884	4	36	0.99
0.228571428571429	4	36	0.99
0.1875	4	36	0.99
0.52	4	36	0.99
0.277777777777778	4	36	0.99
0.24	4	36	0.99
0.19047619047619	4	36	0.99
0.238095238095238	4	36	0.99
0.125	4	36	0.99
0.283333333333333	4	36	0.99
0.186666666666667	4	36	0.99
0.243243243243243	4	36	0.99
0.487179487179487	4	36	0.99
0.58974358974359	4	36	0.99
0.4	4	36	0.99
0.2	4	36	0.99
0.516129032258065	4	36	0.99
0.352941176470588	4	36	0.99
0.194029850746269	4	36	0.99
0.241379310344828	4	36	0.99
0.186046511627907	4	36	0.99
0.272727272727273	4	36	0.99
0.341463414634146	4	36	0.99
0.375	4	36	0.99
0.426229508196721	4	36	0.99
0.131578947368421	4	36	0.99
0.421052631578947	4	36	0.99
0.225	4	36	0.99
0.270833333333333	4	36	0.99
0.225806451612903	4	36	0.99
0.18	4	36	0.99
0.432432432432432	4	36	0.99
0.285714285714286	4	36	0.99
0.264705882352941	4	36	0.99
0.087719298245614	4	36	0.99
0.470588235294118	4	36	0.99
0.215686274509804	4	36	0.99
0.12	4	36	0.99
0.480519480519481	4	36	0.99
0.277777777777778	4	36	0.99
0.130434782608696	4	36	0.99
0.333333333333333	4	36	0.99
0.406779661016949	4	36	0.99
0.255813953488372	4	36	0.99
