VAF	CN	avg.depth	purity
0.6	2	29	0.83
0.352941176470588	2	29	0.83
0.441176470588235	2	29	0.83
0.296296296296296	2	29	0.83
0.214285714285714	2	29	0.83
0.558823529411765	2	29	0.83
0.473684210526316	2	29	0.83
0.416666666666667	2	29	0.83
0.363636363636364	2	29	0.83
0.5	2	29	0.83
0.588235294117647	2	29	0.83
0.588235294117647	2	29	0.83
0.451612903225806	2	29	0.83
0.315789473684211	2	29	0.83
0.4	2	29	0.83
0.470588235294118	2	29	0.83
0.470588235294118	2	29	0.83
0.3	2	29	0.83
0.454545454545455	2	29	0.83
0.551724137931034	2	29	0.83
0.416666666666667	2	29	0.83
0.419354838709677	2	29	0.83
0.342857142857143	2	29	0.83
0.555555555555556	2	29	0.83
0.413793103448276	2	29	0.83
0.59375	2	29	0.83
0.347826086956522	2	29	0.83
0.30952380952381	2	29	0.83
0.5	2	29	0.83
0.432432432432432	2	29	0.83
0.5	2	29	0.83
0.628571428571429	2	29	0.83
0.321428571428571	2	29	0.83
0.483870967741935	2	29	0.83
0.380952380952381	2	29	0.83
0.655172413793103	2	29	0.83
0.384615384615385	2	29	0.83
0.655172413793103	2	29	0.83
0.416666666666667	2	29	0.83
0.6	2	29	0.83
0.461538461538462	2	29	0.83
0.521739130434783	2	29	0.83
0.653846153846154	2	29	0.83
0.461538461538462	2	29	0.83
0.378378378378378	2	29	0.83
0.538461538461538	2	29	0.83
0.464285714285714	2	29	0.83
0.428571428571429	2	29	0.83
0.5	2	29	0.83
0.2	2	29	0.83
0.317073170731707	2	29	0.83
0.375	2	29	0.83
0.486486486486487	2	29	0.83
0.291666666666667	2	29	0.83
0.418604651162791	2	29	0.83
0.516129032258065	2	29	0.83
0.230769230769231	2	29	0.83
0.542857142857143	2	29	0.83
0.55	2	29	0.83
0.457142857142857	2	29	0.83
0.451612903225806	2	29	0.83
0.451612903225806	2	29	0.83
0.36	2	29	0.83
0.368421052631579	2	29	0.83
0.428571428571429	2	29	0.83
0.413793103448276	2	29	0.83
0.272727272727273	2	29	0.83
0.590909090909091	2	29	0.83
0.36	2	29	0.83
0.428571428571429	2	29	0.83
0.5	2	29	0.83
0.3	2	29	0.83
0.35	2	29	0.83
0.527777777777778	2	29	0.83
0.263157894736842	2	29	0.83
0.46875	2	29	0.83
0.363636363636364	2	29	0.83
0.535714285714286	2	29	0.83
0.5	2	29	0.83
0.5	2	29	0.83
0.571428571428571	2	29	0.83
0.45	2	29	0.83
0.428571428571429	2	29	0.83
0.542857142857143	2	29	0.83
0.545454545454545	2	29	0.83
0.413793103448276	2	29	0.83
0.133333333333333	2	29	0.83
0.388888888888889	2	29	0.83
0.318181818181818	2	29	0.83
0.558823529411765	2	29	0.83
0.529411764705882	2	29	0.83
0.344827586206897	2	29	0.83
0.208333333333333	2	29	0.83
0.542857142857143	2	29	0.83
0.647058823529412	2	29	0.83
0.638888888888889	2	29	0.83
0.375	2	29	0.83
0.652173913043478	2	29	0.83
0.375	2	29	0.83
0.459459459459459	2	29	0.83
0.378378378378378	2	29	0.83
0.466666666666667	2	29	0.83
0.585365853658537	2	29	0.83
0.523809523809524	2	29	0.83
0.516129032258065	2	29	0.83
0.46875	2	29	0.83
0.222222222222222	2	29	0.83
0.5	2	29	0.83
0.454545454545455	2	29	0.83
0.705882352941177	2	29	0.83
0.5	2	29	0.83
0.6	2	29	0.83
0.181818181818182	2	29	0.83
0.259259259259259	2	29	0.83
0.428571428571429	2	29	0.83
0.36	2	29	0.83
0.588235294117647	2	29	0.83
0.571428571428571	2	29	0.83
0.476190476190476	2	29	0.83
0.192307692307692	2	29	0.83
0.423076923076923	2	29	0.83
0.571428571428571	2	29	0.83
0.333333333333333	2	29	0.83
0.536585365853659	2	29	0.83
0.53125	2	29	0.83
0.333333333333333	2	29	0.83
0.432432432432432	2	29	0.83
0.7	2	29	0.83
0.15	2	29	0.83
0.585365853658537	2	29	0.83
0.607142857142857	2	29	0.83
0.540540540540541	2	29	0.83
0.5	2	29	0.83
0.5	2	29	0.83
0.428571428571429	2	29	0.83
0.40625	2	29	0.83
0.40625	2	29	0.83
0.5	2	29	0.83
0.617647058823529	2	29	0.83
0.548387096774194	2	29	0.83
0.222222222222222	2	29	0.83
0.527777777777778	2	29	0.83
0.475	2	29	0.83
0.558823529411765	2	29	0.83
0.678571428571429	2	29	0.83
0.333333333333333	2	29	0.83
0.567567567567568	2	29	0.83
0.5	2	29	0.83
0.34375	2	29	0.83
0.391304347826087	2	29	0.83
0.318181818181818	2	29	0.83
0.346153846153846	2	29	0.83
0.388888888888889	2	29	0.83
0.407407407407407	2	29	0.83
0.451612903225806	2	29	0.83
0.516129032258065	2	29	0.83
0.451612903225806	2	29	0.83
0.55	2	29	0.83
0.275862068965517	2	29	0.83
0.675	2	29	0.83
0.555555555555556	2	29	0.83
0.551020408163265	2	29	0.83
0.538461538461538	2	29	0.83
0.375	2	29	0.83
0.5	2	29	0.83
0.368421052631579	2	29	0.83
0.464285714285714	2	29	0.83
0.545454545454545	2	29	0.83
0.588235294117647	2	29	0.83
0.391304347826087	2	29	0.83
0.232558139534884	2	29	0.83
0.244897959183673	2	29	0.83
0.259259259259259	2	29	0.83
0.344827586206897	2	29	0.83
0.382352941176471	2	29	0.83
0.545454545454545	2	29	0.83
0.433333333333333	2	29	0.83
0.384615384615385	2	29	0.83
0.535714285714286	2	29	0.83
0.44	2	29	0.83
0.413793103448276	2	29	0.83
0.477272727272727	2	29	0.83
0.41025641025641	2	29	0.83
0.583333333333333	2	29	0.83
0.354838709677419	2	29	0.83
0.333333333333333	2	29	0.83
0.538461538461538	2	29	0.83
0.642857142857143	2	29	0.83
0.666666666666667	2	29	0.83
0.5	2	29	0.83
0.517241379310345	2	29	0.83
0.411764705882353	2	29	0.83
0.454545454545455	2	29	0.83
0.558823529411765	2	29	0.83
0.2	2	29	0.83
0.206896551724138	2	29	0.83
0.703703703703704	2	29	0.83
0.5	2	29	0.83
0.534883720930233	2	29	0.83
0.380952380952381	2	29	0.83
0.341463414634146	2	29	0.83
0.272727272727273	2	29	0.83
0.222222222222222	2	29	0.83
0.375	2	29	0.83
0.458333333333333	2	29	0.83
0.147058823529412	2	29	0.83
0.393939393939394	2	29	0.83
0.466666666666667	2	29	0.83
0.166666666666667	2	29	0.83
0.625	2	29	0.83
0.304347826086957	2	29	0.83
0.416666666666667	2	29	0.83
0.466666666666667	2	29	0.83
0.583333333333333	2	29	0.83
0.511111111111111	2	29	0.83
0.304347826086957	2	29	0.83
0.535714285714286	2	29	0.83
0.5	2	29	0.83
0.44	2	29	0.83
0.407407407407407	2	29	0.83
0.515151515151515	2	29	0.83
0.413793103448276	2	29	0.83
0.357142857142857	2	29	0.83
0.433333333333333	2	29	0.83
0.666666666666667	2	29	0.83
0.458333333333333	2	29	0.83
0.481481481481481	2	29	0.83
0.555555555555556	2	29	0.83
0.3	2	29	0.83
0.344827586206897	2	29	0.83
0.5	2	29	0.83
0.407407407407407	2	29	0.83
0.36	2	29	0.83
0.5	2	29	0.83
0.433333333333333	2	29	0.83
0.48	2	29	0.83
0.297297297297297	2	29	0.83
0.777777777777778	2	29	0.83
0.425	2	29	0.83
0.37037037037037	2	29	0.83
0.529411764705882	2	29	0.83
0.375	2	29	0.83
0.481481481481481	2	29	0.83
0.461538461538462	2	29	0.83
0.4	2	29	0.83
0.368421052631579	2	29	0.83
0.333333333333333	2	29	0.83
0.464285714285714	2	29	0.83
0.368421052631579	2	29	0.83
0.714285714285714	2	29	0.83
0.540540540540541	2	29	0.83
0.53125	2	29	0.83
0.551724137931034	2	29	0.83
0.576923076923077	2	29	0.83
0.441176470588235	2	29	0.83
0.567567567567568	2	29	0.83
0.37037037037037	2	29	0.83
0.666666666666667	2	29	0.83
0.551724137931034	2	29	0.83
0.242424242424242	2	29	0.83
0.193548387096774	2	29	0.83
0.52	2	29	0.83
0.363636363636364	2	29	0.83
0.48	2	29	0.83
0.517241379310345	2	29	0.83
0.424242424242424	2	29	0.83
0.5625	2	29	0.83
0.533333333333333	2	29	0.83
0.444444444444444	2	29	0.83
0.416666666666667	2	29	0.83
0.32	2	29	0.83
0.366666666666667	2	29	0.83
0.578947368421053	2	29	0.83
0.464285714285714	2	29	0.83
0.6	2	29	0.83
0.521739130434783	2	29	0.83
0.481481481481481	2	29	0.83
0.40625	2	29	0.83
0.2	2	29	0.83
0.418604651162791	2	29	0.83
0.470588235294118	2	29	0.83
0.608695652173913	2	29	0.83
0.740740740740741	2	29	0.83
0.333333333333333	2	29	0.83
0.448275862068966	2	29	0.83
0.473684210526316	2	29	0.83
0.576923076923077	2	29	0.83
0.346153846153846	2	29	0.83
0.375	2	29	0.83
0.173913043478261	2	29	0.83
0.526315789473684	2	29	0.83
0.555555555555556	2	29	0.83
0.538461538461538	2	29	0.83
0.606060606060606	2	29	0.83
0.52	2	29	0.83
0.514285714285714	2	29	0.83
0.517241379310345	2	29	0.83
0.551724137931034	2	29	0.83
0.533333333333333	2	29	0.83
0.540540540540541	2	29	0.83
0.516129032258065	2	29	0.83
0.40625	2	29	0.83
0.482758620689655	2	29	0.83
0.439024390243902	2	29	0.83
0.44	2	29	0.83
0.466666666666667	2	29	0.83
0.647058823529412	2	29	0.83
0.478260869565217	2	29	0.83
0.166666666666667	2	29	0.83
0.6	2	29	0.83
0.666666666666667	2	29	0.83
0.36	2	29	0.83
0.441176470588235	2	29	0.83
0.615384615384615	2	29	0.83
0.681818181818182	2	29	0.83
0.416666666666667	2	29	0.83
0.387096774193548	2	29	0.83
0.444444444444444	2	29	0.83
0.4	2	29	0.83
0.357142857142857	2	29	0.83
0.447368421052632	2	29	0.83
0.212121212121212	2	29	0.83
0.451612903225806	2	29	0.83
0.517241379310345	2	29	0.83
0.333333333333333	2	29	0.83
0.653846153846154	2	29	0.83
0.432432432432432	2	29	0.83
0.434782608695652	2	29	0.83
0.461538461538462	2	29	0.83
0.485714285714286	2	29	0.83
0.285714285714286	2	29	0.83
0.470588235294118	2	29	0.83
0.538461538461538	2	29	0.83
0.764705882352941	2	29	0.83
0.65	2	29	0.83
0.384615384615385	2	29	0.83
0.51063829787234	2	29	0.83
0.46875	2	29	0.83
0.475	2	29	0.83
0.09375	2	29	0.83
0.371428571428571	2	29	0.83
0.628571428571429	2	29	0.83
0.392857142857143	2	29	0.83
0.560975609756098	2	29	0.83
0.612903225806452	2	29	0.83
0.447368421052632	2	29	0.83
0.486486486486487	2	29	0.83
0.444444444444444	2	29	0.83
0.291666666666667	2	29	0.83
0.5	2	29	0.83
0.4	2	29	0.83
0.5625	2	29	0.83
0.46875	2	29	0.83
0.6	2	29	0.83
0.428571428571429	2	29	0.83
0.53125	2	29	0.83
0.540540540540541	2	29	0.83
0.4	2	29	0.83
0.371428571428571	2	29	0.83
0.482758620689655	2	29	0.83
0.540540540540541	2	29	0.83
0.384615384615385	2	29	0.83
0.666666666666667	2	29	0.83
0.454545454545455	2	29	0.83
0.53125	2	29	0.83
0.424242424242424	2	29	0.83
0.407407407407407	2	29	0.83
0.615384615384615	2	29	0.83
0.405405405405405	2	29	0.83
0.428571428571429	2	29	0.83
0.162790697674419	2	29	0.83
0.391304347826087	2	29	0.83
0.391304347826087	2	29	0.83
0.6	2	29	0.83
0.478260869565217	2	29	0.83
0.52	2	29	0.83
0.4	2	29	0.83
0.44	2	29	0.83
0.476190476190476	2	29	0.83
0.46875	2	29	0.83
0.421052631578947	2	29	0.83
0.583333333333333	2	29	0.83
0.421052631578947	2	29	0.83
0.473684210526316	2	29	0.83
0.655172413793103	2	29	0.83
0.333333333333333	2	29	0.83
0.391304347826087	2	29	0.83
0.4	2	29	0.83
0.5	2	29	0.83
0.475	2	29	0.83
0.318181818181818	2	29	0.83
0.538461538461538	2	29	0.83
0.451612903225806	2	29	0.83
0.303030303030303	2	29	0.83
0.454545454545455	2	29	0.83
0.517241379310345	2	29	0.83
0.4	2	29	0.83
0.548387096774194	2	29	0.83
0.458333333333333	2	29	0.83
0.5	2	29	0.83
0.5	2	29	0.83
0.631578947368421	2	29	0.83
0.347826086956522	2	29	0.83
0.517241379310345	2	29	0.83
0.523809523809524	2	29	0.83
0.266666666666667	2	29	0.83
0.619047619047619	2	29	0.83
0.5	2	29	0.83
0.551724137931034	2	29	0.83
0.146341463414634	2	29	0.83
0.230769230769231	2	29	0.83
0.454545454545455	2	29	0.83
0.606060606060606	2	29	0.83
0.5	2	29	0.83
0.333333333333333	2	29	0.83
0.444444444444444	2	29	0.83
0.514285714285714	2	29	0.83
0.65625	2	29	0.83
0.523809523809524	2	29	0.83
0.333333333333333	2	29	0.83
0.517241379310345	2	29	0.83
0.28125	2	29	0.83
0.382352941176471	2	29	0.83
0.333333333333333	2	29	0.83
0.727272727272727	2	29	0.83
0.517241379310345	2	29	0.83
0.434782608695652	2	29	0.83
0.464285714285714	2	29	0.83
0.428571428571429	2	29	0.83
0.6	2	29	0.83
0.439024390243902	2	29	0.83
0.483870967741935	2	29	0.83
0.523809523809524	2	29	0.83
0.5	2	29	0.83
0.62962962962963	2	29	0.83
0.48780487804878	2	29	0.83
0.615384615384615	2	29	0.83
0.485714285714286	2	29	0.83
0.565217391304348	2	29	0.83
0.375	2	29	0.83
0.6	2	29	0.83
0.681818181818182	2	29	0.83
0.571428571428571	2	29	0.83
0.4	2	29	0.83
0.533333333333333	2	29	0.83
0.448275862068966	2	29	0.83
0.416666666666667	2	29	0.83
0.3	2	29	0.83
0.481481481481481	2	29	0.83
0.5	2	29	0.83
0.5	2	29	0.83
0.56	2	29	0.83
0.607142857142857	2	29	0.83
0.36	2	29	0.83
0.481481481481481	2	29	0.83
0.482758620689655	2	29	0.83
0.611111111111111	2	29	0.83
0.291666666666667	2	29	0.83
0.423076923076923	2	29	0.83
0.425	2	29	0.83
0.393939393939394	2	29	0.83
0.521739130434783	2	29	0.83
0.409090909090909	2	29	0.83
0.347826086956522	2	29	0.83
0.307692307692308	2	29	0.83
0.107692307692308	2	29	0.83
0.526315789473684	2	29	0.83
0.488888888888889	2	29	0.83
0.527777777777778	2	29	0.83
0.5	2	29	0.83
0.454545454545455	2	29	0.83
0.5	2	29	0.83
0.5	2	29	0.83
0.5	2	29	0.83
0.5625	2	29	0.83
0.6	2	29	0.83
0.486486486486487	2	29	0.83
0.482758620689655	2	29	0.83
0.4	2	29	0.83
0.483870967741935	2	29	0.83
0.441176470588235	2	29	0.83
0.555555555555556	2	29	0.83
0.423076923076923	2	29	0.83
0.3125	2	29	0.83
0.62962962962963	2	29	0.83
0.575	2	29	0.83
0.454545454545455	2	29	0.83
0.378378378378378	2	29	0.83
0.464285714285714	2	29	0.83
0.461538461538462	2	29	0.83
0.5	2	29	0.83
0.407407407407407	2	29	0.83
0.521739130434783	2	29	0.83
0.466666666666667	2	29	0.83
0.290322580645161	2	29	0.83
0.461538461538462	2	29	0.83
0.5	2	29	0.83
0.529411764705882	2	29	0.83
0.484848484848485	2	29	0.83
0.421052631578947	2	29	0.83
0.513513513513513	2	29	0.83
0.517241379310345	2	29	0.83
0.5	2	29	0.83
0.551724137931034	2	29	0.83
0.526315789473684	2	29	0.83
0.413793103448276	2	29	0.83
0.428571428571429	2	29	0.83
0.333333333333333	2	29	0.83
0.4375	2	29	0.83
0.40625	2	29	0.83
0.448275862068966	2	29	0.83
0.333333333333333	2	29	0.83
0.315789473684211	2	29	0.83
0.617647058823529	2	29	0.83
0.208333333333333	2	29	0.83
0.628571428571429	2	29	0.83
0.4	2	29	0.83
0.3	2	29	0.83
0.193548387096774	2	29	0.83
0.529411764705882	2	29	0.83
0.458333333333333	2	29	0.83
0.538461538461538	2	29	0.83
0.53125	2	29	0.83
0.488372093023256	2	29	0.83
0.44	2	29	0.83
0.222222222222222	2	29	0.83
0.529411764705882	2	29	0.83
0.518518518518518	2	29	0.83
0.391304347826087	2	29	0.83
0.476190476190476	2	29	0.83
0.6875	2	29	0.83
0.235294117647059	2	29	0.83
0.5	2	29	0.83
0.235294117647059	2	29	0.83
0.552631578947368	2	29	0.83
0.620689655172414	2	29	0.83
0.333333333333333	2	29	0.83
0.472222222222222	2	29	0.83
0.620689655172414	2	29	0.83
0.444444444444444	2	29	0.83
0.517241379310345	2	29	0.83
0.44	2	29	0.83
0.6	2	29	0.83
0.4	2	29	0.83
0.419354838709677	2	29	0.83
0.55	2	29	0.83
0.552631578947368	2	29	0.83
0.483870967741935	2	29	0.83
0.545454545454545	2	29	0.83
0.44	2	29	0.83
0.217391304347826	2	29	0.83
0.405405405405405	2	29	0.83
0.45	2	29	0.83
0.470588235294118	2	29	0.83
0.137931034482759	2	29	0.83
0.25	2	29	0.83
0.296296296296296	2	29	0.83
0.387096774193548	2	29	0.83
0.375	2	29	0.83
0.538461538461538	2	29	0.83
0.4	2	29	0.83
0.538461538461538	2	29	0.83
0.5	2	29	0.83
0.466666666666667	2	29	0.83
0.413793103448276	2	29	0.83
0.53125	2	29	0.83
0.424242424242424	2	29	0.83
0.478260869565217	2	29	0.83
0.533333333333333	2	29	0.83
0.5625	2	29	0.83
0.68	2	29	0.83
0.545454545454545	2	29	0.83
0.555555555555556	2	29	0.83
0.37037037037037	2	29	0.83
0.238095238095238	2	29	0.83
0.5	2	29	0.83
0.56	2	29	0.83
0.578947368421053	2	29	0.83
0.535714285714286	2	29	0.83
0.636363636363636	2	29	0.83
0.40625	2	29	0.83
0.433333333333333	2	29	0.83
0.482758620689655	2	29	0.83
0.416666666666667	2	29	0.83
0.513513513513513	2	29	0.83
0.555555555555556	2	29	0.83
0.5	2	29	0.83
0.352941176470588	2	29	0.83
0.333333333333333	2	29	0.83
0.363636363636364	2	29	0.83
0.157894736842105	2	29	0.83
0.24	2	29	0.83
0.315789473684211	2	29	0.83
0.565217391304348	2	29	0.83
0.5	2	29	0.83
0.35	2	29	0.83
0.428571428571429	2	29	0.83
0.424242424242424	2	29	0.83
0.483870967741935	2	29	0.83
0.529411764705882	2	29	0.83
0.357142857142857	2	29	0.83
0.46875	2	29	0.83
0.193548387096774	2	29	0.83
0.4375	2	29	0.83
0.259259259259259	2	29	0.83
0.551724137931034	2	29	0.83
0.516129032258065	2	29	0.83
0.457142857142857	2	29	0.83
0.470588235294118	2	29	0.83
0.483870967741935	2	29	0.83
0.4	2	29	0.83
0.5	2	29	0.83
0.5	2	29	0.83
0.428571428571429	2	29	0.83
0.421052631578947	2	29	0.83
0.2	2	29	0.83
0.625	2	29	0.83
0.481481481481481	2	29	0.83
0.217391304347826	2	29	0.83
0.4	2	29	0.83
0.487179487179487	2	29	0.83
0.423076923076923	2	29	0.83
0.214285714285714	2	29	0.83
0.620689655172414	2	29	0.83
0.454545454545455	2	29	0.83
0.448275862068966	2	29	0.83
0.545454545454545	2	29	0.83
0.2	2	29	0.83
0.34375	2	29	0.83
0.526315789473684	2	29	0.83
0.433333333333333	2	29	0.83
0.419354838709677	2	29	0.83
0.586206896551724	2	29	0.83
0.428571428571429	2	29	0.83
0.548387096774194	2	29	0.83
0.321428571428571	2	29	0.83
0.695652173913043	2	29	0.83
0.5	2	29	0.83
0.517241379310345	2	29	0.83
0.451612903225806	2	29	0.83
0.466666666666667	2	29	0.83
0.558823529411765	2	29	0.83
0.5	2	29	0.83
0.366666666666667	2	29	0.83
0.535714285714286	2	29	0.83
0.586206896551724	2	29	0.83
0.428571428571429	2	29	0.83
0.472222222222222	2	29	0.83
0.423076923076923	2	29	0.83
0.478260869565217	2	29	0.83
0.457142857142857	2	29	0.83
0.647058823529412	2	29	0.83
0.379310344827586	2	29	0.83
0.409090909090909	2	29	0.83
0.65625	2	29	0.83
0.490196078431373	2	29	0.83
0.461538461538462	2	29	0.83
0.552631578947368	2	29	0.83
0.428571428571429	2	29	0.83
0.52	2	29	0.83
0.605263157894737	2	29	0.83
0.34375	2	29	0.83
0.44	2	29	0.83
0.409090909090909	2	29	0.83
0.411764705882353	2	29	0.83
0.333333333333333	2	29	0.83
0.439024390243902	2	29	0.83
0.513513513513513	2	29	0.83
0.588235294117647	2	29	0.83
0.419354838709677	2	29	0.83
0.666666666666667	2	29	0.83
0.473684210526316	2	29	0.83
0.37037037037037	2	29	0.83
0.545454545454545	2	29	0.83
0.5	2	29	0.83
0.473684210526316	2	29	0.83
0.52	2	29	0.83
0.425	2	29	0.83
0.564102564102564	2	29	0.83
0.424242424242424	2	29	0.83
0.545454545454545	2	29	0.83
0.304347826086957	2	29	0.83
0.67741935483871	2	29	0.83
0.52	2	29	0.83
0.382352941176471	2	29	0.83
0.4375	2	29	0.83
0.470588235294118	2	29	0.83
0.411764705882353	2	29	0.83
0.684210526315789	2	29	0.83
0.25	2	29	0.83
0.451612903225806	2	29	0.83
0.5	2	29	0.83
0.470588235294118	2	29	0.83
0.541666666666667	2	29	0.83
0.4375	2	29	0.83
0.4	2	29	0.83
0.441176470588235	2	29	0.83
0.242424242424242	2	29	0.83
0.464285714285714	2	29	0.83
0.448275862068966	2	29	0.83
0.580645161290323	2	29	0.83
0.485714285714286	2	29	0.83
0.540540540540541	2	29	0.83
0.51063829787234	2	29	0.83
0.5	2	29	0.83
0.575	2	29	0.83
0.388888888888889	2	29	0.83
0.357142857142857	2	29	0.83
0.5	2	29	0.83
0.538461538461538	2	29	0.83
0.464285714285714	2	29	0.83
0.387096774193548	2	29	0.83
0.555555555555556	2	29	0.83
0.357142857142857	2	29	0.83
0.517241379310345	2	29	0.83
0.538461538461538	2	29	0.83
0.5	2	29	0.83
0.375	2	29	0.83
0.375	2	29	0.83
0.45	2	29	0.83
0.428571428571429	2	29	0.83
0.666666666666667	2	29	0.83
0.565217391304348	2	29	0.83
0.478260869565217	2	29	0.83
0.419354838709677	2	29	0.83
0.55	2	29	0.83
0.454545454545455	2	29	0.83
0.592592592592593	2	29	0.83
0.526315789473684	2	29	0.83
0.6	2	29	0.83
0.652173913043478	2	29	0.83
0.344827586206897	2	29	0.83
0.260869565217391	2	29	0.83
0.206896551724138	2	29	0.83
0.516129032258065	2	29	0.83
0.516129032258065	2	29	0.83
0.578947368421053	2	29	0.83
0.857142857142857	2	29	0.83
0.482758620689655	2	29	0.83
0.191489361702128	2	29	0.83
0.145833333333333	2	29	0.83
0.176470588235294	2	29	0.83
0.171428571428571	2	29	0.83
0.176470588235294	2	29	0.83
0.529411764705882	2	29	0.83
0.625	2	29	0.83
0.357142857142857	2	29	0.83
0.457142857142857	2	29	0.83
0.454545454545455	2	29	0.83
0.36	2	29	0.83
0.5	2	29	0.83
0.375	2	29	0.83
0.62962962962963	2	29	0.83
0.6	2	29	0.83
0.464285714285714	2	29	0.83
0.484848484848485	2	29	0.83
0.67741935483871	2	29	0.83
0.424242424242424	2	29	0.83
0.606060606060606	2	29	0.83
0.666666666666667	2	29	0.83
0.52	2	29	0.83
0.516129032258065	2	29	0.83
0.555555555555556	2	29	0.83
0.645161290322581	2	29	0.83
0.4	2	29	0.83
0.48	2	29	0.83
0.444444444444444	2	29	0.83
0.619047619047619	2	29	0.83
0.461538461538462	2	29	0.83
0.5	2	29	0.83
0.5	2	29	0.83
0.344827586206897	2	29	0.83
0.136363636363636	2	29	0.83
0.535714285714286	2	29	0.83
0.35	2	29	0.83
0.516129032258065	2	29	0.83
0.566666666666667	2	29	0.83
0.259259259259259	2	29	0.83
0.727272727272727	2	29	0.83
0.615384615384615	2	29	0.83
0.538461538461538	2	29	0.83
0.378378378378378	2	29	0.83
0.526315789473684	2	29	0.83
0.515151515151515	2	29	0.83
0.542857142857143	2	29	0.83
0.586206896551724	2	29	0.83
0.454545454545455	2	29	0.83
0.380952380952381	2	29	0.83
0.588235294117647	2	29	0.83
0.5	2	29	0.83
0.382352941176471	2	29	0.83
0.565217391304348	2	29	0.83
0.121212121212121	2	29	0.83
0.459459459459459	2	29	0.83
0.409090909090909	2	29	0.83
0.333333333333333	2	29	0.83
0.483870967741935	2	29	0.83
0.357142857142857	2	29	0.83
0.517241379310345	2	29	0.83
0.571428571428571	2	29	0.83
0.459459459459459	2	29	0.83
0.447368421052632	2	29	0.83
0.484848484848485	2	29	0.83
0.259259259259259	2	29	0.83
0.333333333333333	2	29	0.83
0.448275862068966	2	29	0.83
0.413793103448276	2	29	0.83
0.5	2	29	0.83
0.368421052631579	2	29	0.83
0.583333333333333	2	29	0.83
0.545454545454545	2	29	0.83
0.387096774193548	2	29	0.83
0.333333333333333	2	29	0.83
0.5	2	29	0.83
0.24	2	29	0.83
0.428571428571429	2	29	0.83
0.464285714285714	2	29	0.83
0.555555555555556	2	29	0.83
0.6	2	29	0.83
0.361111111111111	2	29	0.83
0.392857142857143	2	29	0.83
0.342857142857143	2	29	0.83
0.407407407407407	2	29	0.83
0.25	2	29	0.83
0.434782608695652	2	29	0.83
0.333333333333333	2	29	0.83
0.548387096774194	2	29	0.83
0.354838709677419	2	29	0.83
0.318181818181818	2	29	0.83
0.457142857142857	2	29	0.83
0.578947368421053	2	29	0.83
0.484848484848485	2	29	0.83
0.525	2	29	0.83
0.448275862068966	2	29	0.83
0.366666666666667	2	29	0.83
0.444444444444444	2	29	0.83
0.702702702702703	2	29	0.83
0.5	2	29	0.83
0.1875	2	29	0.83
0.48	2	29	0.83
0.566666666666667	2	29	0.83
0.5	2	29	0.83
0.4375	2	29	0.83
0.571428571428571	2	29	0.83
0.25	2	29	0.83
0.44	2	29	0.83
0.454545454545455	2	29	0.83
0.46875	2	29	0.83
0.6	2	29	0.83
0.545454545454545	2	29	0.83
0.5	2	29	0.83
0.583333333333333	2	29	0.83
0.379310344827586	2	29	0.83
0.416666666666667	2	29	0.83
0.482758620689655	2	29	0.83
0.5	2	29	0.83
0.454545454545455	2	29	0.83
0.535714285714286	2	29	0.83
0.5	2	29	0.83
0.482758620689655	2	29	0.83
0.59375	2	29	0.83
0.476190476190476	2	29	0.83
0.333333333333333	2	29	0.83
0.428571428571429	2	29	0.83
0.347826086956522	2	29	0.83
0.46875	2	29	0.83
0.384615384615385	2	29	0.83
0.36	2	29	0.83
0.423076923076923	2	29	0.83
0.418604651162791	2	29	0.83
0.578947368421053	2	29	0.83
0.333333333333333	2	29	0.83
0.260869565217391	2	29	0.83
0.523809523809524	2	29	0.83
0.35	2	29	0.83
0.535714285714286	2	29	0.83
0.535714285714286	2	29	0.83
0.612903225806452	2	29	0.83
0.424242424242424	2	29	0.83
0.384615384615385	2	29	0.83
0.392857142857143	2	29	0.83
0.45	2	29	0.83
0.470588235294118	2	29	0.83
0.464285714285714	2	29	0.83
0.321428571428571	2	29	0.83
0.482758620689655	2	29	0.83
0.518518518518518	2	29	0.83
0.5	2	29	0.83
0.310344827586207	2	29	0.83
0.448275862068966	2	29	0.83
0.307692307692308	2	29	0.83
0.619047619047619	2	29	0.83
0.727272727272727	2	29	0.83
0.7	2	29	0.83
0.454545454545455	2	29	0.83
0.375	2	29	0.83
0.6	2	29	0.83
0.351351351351351	2	29	0.83
0.558823529411765	2	29	0.83
0.5625	2	29	0.83
0.45	2	29	0.83
0.37037037037037	2	29	0.83
0.541666666666667	2	29	0.83
0.5625	2	29	0.83
0.407407407407407	2	29	0.83
0.451612903225806	2	29	0.83
0.592592592592593	2	29	0.83
0.583333333333333	2	29	0.83
0.5	2	29	0.83
0.444444444444444	2	29	0.83
0.576923076923077	2	29	0.83
0.576923076923077	2	29	0.83
0.4	2	29	0.83
0.421052631578947	2	29	0.83
0.272727272727273	2	29	0.83
0.4	2	29	0.83
0.5	2	29	0.83
0.620689655172414	2	29	0.83
0.652173913043478	2	29	0.83
0.522727272727273	2	29	0.83
0.37037037037037	2	29	0.83
0.32258064516129	2	29	0.83
0.536585365853659	2	29	0.83
0.620689655172414	2	29	0.83
0.555555555555556	2	29	0.83
0.0882352941176471	2	29	0.83
0.52	2	29	0.83
0.4	2	29	0.83
0.2	2	29	0.83
0.432432432432432	2	29	0.83
0.357142857142857	2	29	0.83
0.407407407407407	2	29	0.83
0.472222222222222	2	29	0.83
0.423076923076923	2	29	0.83
0.538461538461538	2	29	0.83
0.55	2	29	0.83
0.379310344827586	2	29	0.83
0.441176470588235	2	29	0.83
0.363636363636364	2	29	0.83
0.655172413793103	2	29	0.83
0.36	2	29	0.83
0.470588235294118	2	29	0.83
0.583333333333333	2	29	0.83
0.516129032258065	2	29	0.83
0.517241379310345	2	29	0.83
0.48	2	29	0.83
0.380952380952381	2	29	0.83
0.375	2	29	0.83
0.1875	2	29	0.83
0.310344827586207	2	29	0.83
0.326086956521739	2	29	0.83
0.428571428571429	2	29	0.83
0.409090909090909	2	29	0.83
0.571428571428571	2	29	0.83
0.631578947368421	2	29	0.83
0.625	2	29	0.83
0.470588235294118	2	29	0.83
0.55	2	29	0.83
0.631578947368421	2	29	0.83
0.451612903225806	2	29	0.83
0.333333333333333	2	29	0.83
0.521739130434783	2	29	0.83
0.567567567567568	2	29	0.83
0.485714285714286	2	29	0.83
0.619047619047619	2	29	0.83
0.5	2	29	0.83
0.40625	2	29	0.83
0.44	2	29	0.83
0.15	2	29	0.83
0.36	2	29	0.83
0.444444444444444	2	29	0.83
0.512820512820513	2	29	0.83
0.178571428571429	2	29	0.83
0.5	2	29	0.83
0.533333333333333	2	29	0.83
0.5	2	29	0.83
0.424242424242424	2	29	0.83
0.375	2	29	0.83
0.393939393939394	2	29	0.83
0.521739130434783	2	29	0.83
0.545454545454545	2	29	0.83
0.107142857142857	2	29	0.83
0.567567567567568	2	29	0.83
0.461538461538462	2	29	0.83
0.681818181818182	2	29	0.83
0.514285714285714	2	29	0.83
0.107142857142857	2	29	0.83
0.375	2	29	0.83
0.433333333333333	2	29	0.83
0.530612244897959	2	29	0.83
0.48	2	29	0.83
0.538461538461538	2	29	0.83
0.5	2	29	0.83
0.461538461538462	2	29	0.83
0.448275862068966	2	29	0.83
0.518518518518518	2	29	0.83
0.444444444444444	2	29	0.83
0.5	2	29	0.83
0.586206896551724	2	29	0.83
0.5	2	29	0.83
0.352941176470588	2	29	0.83
0.514285714285714	2	29	0.83
0.441176470588235	2	29	0.83
0.428571428571429	2	29	0.83
0.666666666666667	2	29	0.83
0.529411764705882	2	29	0.83
0.40625	2	29	0.83
0.583333333333333	2	29	0.83
0.5	2	29	0.83
0.433333333333333	2	29	0.83
0.585365853658537	2	29	0.83
0.578947368421053	2	29	0.83
0.705882352941177	2	29	0.83
0.428571428571429	2	29	0.83
0.444444444444444	2	29	0.83
0.518518518518518	2	29	0.83
0.565217391304348	2	29	0.83
0.642857142857143	2	29	0.83
0.388888888888889	2	29	0.83
0.548387096774194	2	29	0.83
0.428571428571429	2	29	0.83
0.3125	2	29	0.83
0.46875	2	29	0.83
0.666666666666667	2	29	0.83
0.260869565217391	2	29	0.83
0.375	2	29	0.83
0.5	2	29	0.83
0.382352941176471	2	29	0.83
0.478260869565217	2	29	0.83
0.428571428571429	2	29	0.83
0.391304347826087	2	29	0.83
0.514285714285714	2	29	0.83
0.291666666666667	2	29	0.83
0.565217391304348	2	29	0.83
0.565217391304348	2	29	0.83
0.378378378378378	2	29	0.83
0.5	2	29	0.83
0.535714285714286	2	29	0.83
0.405405405405405	2	29	0.83
0.512820512820513	2	29	0.83
0.5	2	29	0.83
0.5	2	29	0.83
0.473684210526316	2	29	0.83
0.666666666666667	2	29	0.83
0.565217391304348	2	29	0.83
0.416666666666667	2	29	0.83
0.484848484848485	2	29	0.83
0.625	2	29	0.83
0.37037037037037	2	29	0.83
0.59375	2	29	0.83
0.523809523809524	2	29	0.83
0.576923076923077	2	29	0.83
0.5	2	29	0.83
0.647058823529412	2	29	0.83
0.291666666666667	2	29	0.83
0.5	2	29	0.83
0.566666666666667	2	29	0.83
0.452380952380952	2	29	0.83
0.451612903225806	2	29	0.83
0.448275862068966	2	29	0.83
0.571428571428571	2	29	0.83
0.583333333333333	2	29	0.83
0.333333333333333	2	29	0.83
0.478260869565217	2	29	0.83
0.5	2	29	0.83
0.333333333333333	2	29	0.83
0.44	2	29	0.83
0.692307692307692	2	29	0.83
0.5	2	29	0.83
0.523809523809524	2	29	0.83
0.424242424242424	2	29	0.83
0.424242424242424	2	29	0.83
0.393939393939394	2	29	0.83
0.590909090909091	2	29	0.83
0.409090909090909	2	29	0.83
0.521739130434783	2	29	0.83
0.166666666666667	2	29	0.83
0.423076923076923	2	29	0.83
0.615384615384615	2	29	0.83
0.558823529411765	2	29	0.83
0.454545454545455	2	29	0.83
0.555555555555556	2	29	0.83
0.657142857142857	2	29	0.83
0.428571428571429	2	29	0.83
0.485714285714286	2	29	0.83
0.40625	2	29	0.83
0.472222222222222	2	29	0.83
0.36	2	29	0.83
0.307692307692308	2	29	0.83
0.548387096774194	2	29	0.83
0.181818181818182	2	29	0.83
0.34375	2	29	0.83
0.411764705882353	2	29	0.83
0.625	2	29	0.83
0.421052631578947	2	29	0.83
0.545454545454545	2	29	0.83
0.40625	2	29	0.83
0.433333333333333	2	29	0.83
0.5	2	29	0.83
0.347826086956522	2	29	0.83
0.375	2	29	0.83
0.513513513513513	2	29	0.83
0.571428571428571	2	29	0.83
0.583333333333333	2	29	0.83
0.392857142857143	2	29	0.83
0.535714285714286	2	29	0.83
0.411764705882353	2	29	0.83
0.555555555555556	2	29	0.83
0.551724137931034	2	29	0.83
0.567567567567568	2	29	0.83
0.321428571428571	2	29	0.83
0.46875	2	29	0.83
0.390243902439024	2	29	0.83
0.466666666666667	2	29	0.83
0.487179487179487	2	29	0.83
0.461538461538462	2	29	0.83
0.565217391304348	2	29	0.83
0.439024390243902	2	29	0.83
0.290322580645161	2	29	0.83
0.592592592592593	2	29	0.83
0.1875	2	29	0.83
0.525	2	29	0.83
0.421052631578947	2	29	0.83
0.451612903225806	2	29	0.83
0.46875	2	29	0.83
0.5	2	29	0.83
0.488888888888889	2	29	0.83
0.611111111111111	2	29	0.83
0.4	2	29	0.83
0.407407407407407	2	29	0.83
0.458333333333333	2	29	0.83
0.371428571428571	2	29	0.83
0.333333333333333	2	29	0.83
0.432432432432432	2	29	0.83
0.457142857142857	2	29	0.83
0.413793103448276	2	29	0.83
0.432432432432432	2	29	0.83
0.6	2	29	0.83
0.541666666666667	2	29	0.83
0.551724137931034	2	29	0.83
0.433333333333333	2	29	0.83
0.380952380952381	2	29	0.83
0.48	2	29	0.83
0.413793103448276	2	29	0.83
0.5625	2	29	0.83
0.3	2	29	0.83
0.612903225806452	2	29	0.83
0.375	2	29	0.83
0.5	2	29	0.83
0.4375	2	29	0.83
0.578947368421053	2	29	0.83
0.6	2	29	0.83
0.482758620689655	2	29	0.83
0.875	2	29	0.83
0.366666666666667	2	29	0.83
0.354838709677419	2	29	0.83
0.470588235294118	2	29	0.83
0.463414634146341	2	29	0.83
0.32258064516129	2	29	0.83
0.625	2	29	0.83
0.517241379310345	2	29	0.83
0.558823529411765	2	29	0.83
0.536585365853659	2	29	0.83
0.567567567567568	2	29	0.83
0.392857142857143	2	29	0.83
0.515151515151515	2	29	0.83
0.35	2	29	0.83
0.46875	2	29	0.83
0.277777777777778	2	29	0.83
0.32	2	29	0.83
0.222222222222222	2	29	0.83
0.2	2	29	0.83
0.533333333333333	2	29	0.83
0.5	2	29	0.83
0.303030303030303	2	29	0.83
0.151515151515152	2	29	0.83
0.575	2	29	0.83
0.55	2	29	0.83
0.533333333333333	2	29	0.83
0.46875	2	29	0.83
0.407407407407407	2	29	0.83
0.222222222222222	2	29	0.83
0.45	2	29	0.83
0.457142857142857	2	29	0.83
0.375	2	29	0.83
0.391304347826087	2	29	0.83
0.425	2	29	0.83
0.454545454545455	2	29	0.83
0.551724137931034	2	29	0.83
0.5	2	29	0.83
0.647058823529412	2	29	0.83
0.547619047619048	2	29	0.83
0.333333333333333	2	29	0.83
0.607142857142857	2	29	0.83
0.5	2	29	0.83
0.56	2	29	0.83
0.4375	2	29	0.83
0.5	2	29	0.83
0.535714285714286	2	29	0.83
0.5	2	29	0.83
0.5	2	29	0.83
0.441176470588235	2	29	0.83
0.189189189189189	2	29	0.83
0.578947368421053	2	29	0.83
0.558823529411765	2	29	0.83
0.391304347826087	2	29	0.83
0.448275862068966	2	29	0.83
0.48	2	29	0.83
0.423076923076923	2	29	0.83
0.5	2	29	0.83
0.441176470588235	2	29	0.83
0.37037037037037	2	29	0.83
0.434782608695652	2	29	0.83
0.354838709677419	2	29	0.83
0.536585365853659	2	29	0.83
0.357142857142857	2	29	0.83
0.538461538461538	2	29	0.83
0.545454545454545	2	29	0.83
0.346153846153846	2	29	0.83
0.536585365853659	2	29	0.83
0.384615384615385	2	29	0.83
0.424242424242424	2	29	0.83
0.0967741935483871	2	29	0.83
0.103448275862069	2	29	0.83
0.565217391304348	2	29	0.83
0.575757575757576	2	29	0.83
1	2	29	0.83
0.375	2	29	0.83
0.428571428571429	2	29	0.83
0.454545454545455	2	29	0.83
0.451612903225806	2	29	0.83
0.714285714285714	2	29	0.83
0.461538461538462	2	29	0.83
0.541666666666667	2	29	0.83
0.59375	2	29	0.83
0.424242424242424	2	29	0.83
0.583333333333333	2	29	0.83
0.529411764705882	2	29	0.83
0.4	2	29	0.83
0.444444444444444	2	29	0.83
0.5	2	29	0.83
0.416666666666667	2	29	0.83
0.428571428571429	2	29	0.83
0.52	2	29	0.83
0.481481481481481	2	29	0.83
0.590909090909091	2	29	0.83
0.344827586206897	2	29	0.83
0.409090909090909	2	29	0.83
0.272727272727273	2	29	0.83
0.475	2	29	0.83
0.481481481481481	2	29	0.83
0.32258064516129	2	29	0.83
0.461538461538462	2	29	0.83
0.451612903225806	2	29	0.83
0.461538461538462	2	29	0.83
0.451612903225806	2	29	0.83
0.4375	2	29	0.83
0.411764705882353	2	29	0.83
0.340909090909091	2	29	0.83
0.583333333333333	2	29	0.83
0.458333333333333	2	29	0.83
0.6	2	29	0.83
0.5	2	29	0.83
0.515151515151515	2	29	0.83
0.620689655172414	2	29	0.83
0.357142857142857	2	29	0.83
0.548387096774194	2	29	0.83
0.458333333333333	2	29	0.83
0.485714285714286	2	29	0.83
0.565217391304348	2	29	0.83
0.45	2	29	0.83
0.6	2	29	0.83
0.379310344827586	2	29	0.83
0.634146341463415	2	29	0.83
0.4	2	29	0.83
0.48	2	29	0.83
0.324324324324324	2	29	0.83
0.5	2	29	0.83
0.423076923076923	2	29	0.83
0.416666666666667	2	29	0.83
0.419354838709677	2	29	0.83
0.375	2	29	0.83
0.444444444444444	2	29	0.83
0.551724137931034	2	29	0.83
0.484848484848485	2	29	0.83
0.5	2	29	0.83
0.371428571428571	2	29	0.83
0.526315789473684	2	29	0.83
0.416666666666667	2	29	0.83
0.448275862068966	2	29	0.83
0.48	2	29	0.83
0.529411764705882	2	29	0.83
0.631578947368421	2	29	0.83
0.463414634146341	2	29	0.83
0.48780487804878	2	29	0.83
0.5	2	29	0.83
0.142857142857143	2	29	0.83
0.75	2	29	0.83
0.542857142857143	2	29	0.83
0.371428571428571	2	29	0.83
0.346153846153846	2	29	0.83
0.6	2	29	0.83
0.5	2	29	0.83
0.485714285714286	2	29	0.83
0.481481481481481	2	29	0.83
0.464285714285714	2	29	0.83
0.481481481481481	2	29	0.83
0.5	2	29	0.83
0.444444444444444	2	29	0.83
0.5	2	29	0.83
0.566666666666667	2	29	0.83
0.205882352941176	2	29	0.83
0.375	2	29	0.83
0.5	2	29	0.83
0.45	2	29	0.83
0.472222222222222	2	29	0.83
0.333333333333333	2	29	0.83
0.571428571428571	2	29	0.83
0.422222222222222	2	29	0.83
0.578947368421053	2	29	0.83
0.454545454545455	2	29	0.83
0.692307692307692	2	29	0.83
0.5625	2	29	0.83
0.5	2	29	0.83
0.282051282051282	2	29	0.83
0.434782608695652	2	29	0.83
0.35	2	29	0.83
0.37037037037037	2	29	0.83
0.361111111111111	2	29	0.83
0.571428571428571	2	29	0.83
0.307692307692308	2	29	0.83
0.461538461538462	2	29	0.83
0.176470588235294	2	29	0.83
0.478260869565217	2	29	0.83
0.407407407407407	2	29	0.83
0.416666666666667	2	29	0.83
0.6	2	29	0.83
0.46875	2	29	0.83
0.5	2	29	0.83
0.382352941176471	2	29	0.83
0.53125	2	29	0.83
0.583333333333333	2	29	0.83
0.575	2	29	0.83
0.5	2	29	0.83
0.64	2	29	0.83
0.4	2	29	0.83
0.476190476190476	2	29	0.83
0.391304347826087	2	29	0.83
0.433333333333333	2	29	0.83
0.235294117647059	2	29	0.83
0.529411764705882	2	29	0.83
0.55	2	29	0.83
0.571428571428571	2	29	0.83
0.459459459459459	2	29	0.83
0.5	2	29	0.83
0.461538461538462	2	29	0.83
0.375	2	29	0.83
0.5	2	29	0.83
0.636363636363636	2	29	0.83
0.243243243243243	2	29	0.83
0.538461538461538	2	29	0.83
0.382352941176471	2	29	0.83
0.458333333333333	2	29	0.83
0.533333333333333	2	29	0.83
0.45	2	29	0.83
0.647058823529412	2	29	0.83
0.625	2	29	0.83
0.516129032258065	2	29	0.83
0.352941176470588	2	29	0.83
0.540540540540541	2	29	0.83
0.538461538461538	2	29	0.83
0.375	2	29	0.83
0.488888888888889	2	29	0.83
0.625	2	29	0.83
0.363636363636364	2	29	0.83
0.352941176470588	2	29	0.83
0.315789473684211	2	29	0.83
0.4	2	29	0.83
0.476190476190476	2	29	0.83
0.303030303030303	2	29	0.83
0.482758620689655	2	29	0.83
0.548387096774194	2	29	0.83
0.517241379310345	2	29	0.83
0.452380952380952	2	29	0.83
0.409090909090909	2	29	0.83
0.342857142857143	2	29	0.83
0.586206896551724	2	29	0.83
0.458333333333333	2	29	0.83
0.612903225806452	2	29	0.83
0.625	2	29	0.83
0.435897435897436	2	29	0.83
0.484848484848485	2	29	0.83
0.357142857142857	2	29	0.83
0.451612903225806	2	29	0.83
0.521739130434783	2	29	0.83
0.352941176470588	2	29	0.83
0.409090909090909	2	29	0.83
0.705882352941177	2	29	0.83
0.535714285714286	2	29	0.83
0.5	2	29	0.83
0.484848484848485	2	29	0.83
0.566666666666667	2	29	0.83
0.482758620689655	2	29	0.83
0.375	2	29	0.83
0.470588235294118	2	29	0.83
0.391304347826087	2	29	0.83
0.4	2	29	0.83
0.533333333333333	2	29	0.83
0.483870967741935	2	29	0.83
0.52	2	29	0.83
0.428571428571429	2	29	0.83
0.44	2	29	0.83
0.458333333333333	2	29	0.83
0.523809523809524	2	29	0.83
0.302325581395349	2	29	0.83
0.458333333333333	2	29	0.83
0.318181818181818	2	29	0.83
0.481481481481481	2	29	0.83
0.444444444444444	2	29	0.83
0.533333333333333	2	29	0.83
0.173913043478261	2	29	0.83
0.321428571428571	2	29	0.83
0.448275862068966	2	29	0.83
0.475	2	29	0.83
0.5	2	29	0.83
0.516129032258065	2	29	0.83
0.333333333333333	2	29	0.83
0.441176470588235	2	29	0.83
0.24	2	29	0.83
0.575757575757576	2	29	0.83
0.444444444444444	2	29	0.83
0.608695652173913	2	29	0.83
0.181818181818182	2	29	0.83
0.615384615384615	2	29	0.83
0.416666666666667	2	29	0.83
0.625	2	29	0.83
0.361111111111111	2	29	0.83
0.689655172413793	2	29	0.83
0.416666666666667	2	29	0.83
0.458333333333333	2	29	0.83
0.631578947368421	2	29	0.83
0.40625	2	29	0.83
0.454545454545455	2	29	0.83
0.448275862068966	2	29	0.83
0.52	2	29	0.83
0.5625	2	29	0.83
0.392857142857143	2	29	0.83
0.558823529411765	2	29	0.83
0.517241379310345	2	29	0.83
0.515151515151515	2	29	0.83
0.423076923076923	2	29	0.83
0.357142857142857	2	29	0.83
0.371428571428571	2	29	0.83
0.368421052631579	2	29	0.83
0.5	2	29	0.83
0.45	2	29	0.83
0.475	2	29	0.83
0.454545454545455	2	29	0.83
0.451612903225806	2	29	0.83
0.5625	2	29	0.83
0.352941176470588	2	29	0.83
0.552631578947368	2	29	0.83
0.545454545454545	2	29	0.83
0.513513513513513	2	29	0.83
0.459459459459459	2	29	0.83
0.423076923076923	2	29	0.83
0.608695652173913	2	29	0.83
0.411764705882353	2	29	0.83
0.294117647058824	2	29	0.83
0.605263157894737	2	29	0.83
0.428571428571429	2	29	0.83
0.461538461538462	2	29	0.83
0.441176470588235	2	29	0.83
0.529411764705882	2	29	0.83
0.548387096774194	2	29	0.83
0.482758620689655	2	29	0.83
0.263157894736842	2	29	0.83
0.578947368421053	2	29	0.83
0.555555555555556	2	29	0.83
0.523809523809524	2	29	0.83
0.444444444444444	2	29	0.83
0.4	2	29	0.83
0.481481481481481	2	29	0.83
0.378378378378378	2	29	0.83
0.424242424242424	2	29	0.83
0.433333333333333	2	29	0.83
0.346153846153846	2	29	0.83
0.277777777777778	2	29	0.83
0.5	2	29	0.83
0.545454545454545	2	29	0.83
0.363636363636364	2	29	0.83
0.533333333333333	2	29	0.83
0.5	2	29	0.83
0.565217391304348	2	29	0.83
0.478260869565217	2	29	0.83
0.448275862068966	2	29	0.83
0.5	2	29	0.83
0.487179487179487	2	29	0.83
0.545454545454545	2	29	0.83
0.421052631578947	2	29	0.83
0.392857142857143	2	29	0.83
0.387096774193548	2	29	0.83
0.653846153846154	2	29	0.83
0.482758620689655	2	29	0.83
0.411764705882353	2	29	0.83
0.325	2	29	0.83
0.464285714285714	2	29	0.83
0.333333333333333	2	29	0.83
0.294117647058824	2	29	0.83
0.483870967741935	2	29	0.83
0.518518518518518	2	29	0.83
0.482758620689655	2	29	0.83
0.5	2	29	0.83
0.407407407407407	2	29	0.83
0.529411764705882	2	29	0.83
0.380952380952381	2	29	0.83
0.580645161290323	2	29	0.83
0.538461538461538	2	29	0.83
0.444444444444444	2	29	0.83
0.303030303030303	2	29	0.83
0.466666666666667	2	29	0.83
0.5	2	29	0.83
0.25	2	29	0.83
0.423076923076923	2	29	0.83
0.395348837209302	2	29	0.83
0.58974358974359	2	29	0.83
0.387096774193548	2	29	0.83
0.48	2	29	0.83
0.52	2	29	0.83
0.527777777777778	2	29	0.83
0.484848484848485	2	29	0.83
0.564102564102564	2	29	0.83
0.238095238095238	2	29	0.83
0.583333333333333	2	29	0.83
0.4	2	29	0.83
0.428571428571429	2	29	0.83
0.516129032258065	2	29	0.83
0.166666666666667	2	29	0.83
0.5	2	29	0.83
0.607142857142857	2	29	0.83
0.3	2	29	0.83
0.56	2	29	0.83
0.266666666666667	2	29	0.83
0.625	2	29	0.83
0.517241379310345	2	29	0.83
0.464285714285714	2	29	0.83
0.375	2	29	0.83
0.566666666666667	2	29	0.83
0.481481481481481	2	29	0.83
0.72	2	29	0.83
0.433333333333333	2	29	0.83
0.517241379310345	2	29	0.83
0.46875	2	29	0.83
0.516129032258065	2	29	0.83
0.40625	2	29	0.83
0.516129032258065	2	29	0.83
0.363636363636364	2	29	0.83
0.4375	2	29	0.83
0.382352941176471	2	29	0.83
0.285714285714286	2	29	0.83
0.260869565217391	2	29	0.83
0.260869565217391	2	29	0.83
0.260869565217391	2	29	0.83
0.357142857142857	2	29	0.83
0.689655172413793	2	29	0.83
0.346153846153846	2	29	0.83
0.542857142857143	2	29	0.83
0.52	2	29	0.83
0.242424242424242	2	29	0.83
0.485714285714286	2	29	0.83
0.548387096774194	2	29	0.83
0.666666666666667	2	29	0.83
0.25	2	29	0.83
0.193548387096774	2	29	0.83
0.555555555555556	2	29	0.83
0.586206896551724	2	29	0.83
0.481481481481481	2	29	0.83
0.333333333333333	2	29	0.83
0.565217391304348	2	29	0.83
0.4375	2	29	0.83
0.434782608695652	2	29	0.83
0.535714285714286	2	29	0.83
0.612903225806452	2	29	0.83
0.357142857142857	2	29	0.83
0.444444444444444	2	29	0.83
0.5	2	29	0.83
0.551724137931034	2	29	0.83
0.733333333333333	2	29	0.83
0.444444444444444	2	29	0.83
0.434782608695652	2	29	0.83
0.526315789473684	2	29	0.83
0.555555555555556	2	29	0.83
0.45	2	29	0.83
0.0909090909090909	2	29	0.83
0.6	2	29	0.83
0.413793103448276	2	29	0.83
0.5	2	29	0.83
0.533333333333333	2	29	0.83
0.333333333333333	2	29	0.83
0.333333333333333	2	29	0.83
0.4	2	29	0.83
0.551724137931034	2	29	0.83
0.25	2	29	0.83
0.318181818181818	2	29	0.83
0.5	2	29	0.83
0.553191489361702	2	29	0.83
0.621621621621622	2	29	0.83
0.55	2	29	0.83
0.366666666666667	2	29	0.83
0.394736842105263	2	29	0.83
0.5	2	29	0.83
0.68	2	29	0.83
0.333333333333333	2	29	0.83
0.5	2	29	0.83
0.461538461538462	2	29	0.83
0.4375	2	29	0.83
0.64	2	29	0.83
0.605263157894737	2	29	0.83
0.655172413793103	2	29	0.83
0.333333333333333	2	29	0.83
0.555555555555556	2	29	0.83
0.882352941176471	2	29	0.83
0.464285714285714	2	29	0.83
0.551724137931034	2	29	0.83
0.321428571428571	2	29	0.83
0.636363636363636	2	29	0.83
0.475	2	29	0.83
0.333333333333333	2	29	0.83
0.222222222222222	2	29	0.83
0.5	2	29	0.83
0.075	2	29	0.83
0.448275862068966	2	29	0.83
0.434782608695652	2	29	0.83
0.419354838709677	2	29	0.83
0.310344827586207	2	29	0.83
0.4375	2	29	0.83
0.484848484848485	2	29	0.83
0.291666666666667	2	29	0.83
0.652173913043478	2	29	0.83
0.44	2	29	0.83
0.571428571428571	2	29	0.83
0.485714285714286	2	29	0.83
0.525	2	29	0.83
0.472222222222222	2	29	0.83
0.5	2	29	0.83
0.36	2	29	0.83
0.128205128205128	2	29	0.83
0.428571428571429	2	29	0.83
0.48	2	29	0.83
0.533333333333333	2	29	0.83
0.346153846153846	2	29	0.83
0.391304347826087	2	29	0.83
0.5	2	29	0.83
0.388888888888889	2	29	0.83
0.625	2	29	0.83
0.486486486486487	2	29	0.83
0.296296296296296	2	29	0.83
0.473684210526316	2	29	0.83
0.590909090909091	2	29	0.83
0.565217391304348	2	29	0.83
0.391304347826087	2	29	0.83
0.555555555555556	2	29	0.83
0.3125	2	29	0.83
0.5	2	29	0.83
0.407407407407407	2	29	0.83
0.485714285714286	2	29	0.83
0.5	2	29	0.83
0.571428571428571	2	29	0.83
0.4	2	29	0.83
0.516129032258065	2	29	0.83
0.533333333333333	2	29	0.83
0.576923076923077	2	29	0.83
0.457142857142857	2	29	0.83
0.205882352941176	2	29	0.83
0.64	2	29	0.83
0.5	2	29	0.83
0.535714285714286	2	29	0.83
0.344827586206897	2	29	0.83
0.607142857142857	2	29	0.83
0.176470588235294	2	29	0.83
0.454545454545455	2	29	0.83
0.451612903225806	2	29	0.83
0.466666666666667	2	29	0.83
0.518518518518518	2	29	0.83
0.482758620689655	2	29	0.83
0.46875	2	29	0.83
0.318181818181818	2	29	0.83
0.5	2	29	0.83
0.5	2	29	0.83
0.260869565217391	2	29	0.83
0.461538461538462	2	29	0.83
0.176470588235294	2	29	0.83
0.5	2	29	0.83
0.368421052631579	2	29	0.83
0.64	2	29	0.83
0.527777777777778	2	29	0.83
0.55	2	29	0.83
0.652173913043478	2	29	0.83
0.666666666666667	2	29	0.83
0.517241379310345	2	29	0.83
0.666666666666667	2	29	0.83
0.458333333333333	2	29	0.83
0.472222222222222	2	29	0.83
0.545454545454545	2	29	0.83
0.458333333333333	2	29	0.83
0.527777777777778	2	29	0.83
0.5	2	29	0.83
0.527777777777778	2	29	0.83
0.448275862068966	2	29	0.83
0.37037037037037	2	29	0.83
0.333333333333333	2	29	0.83
0.419354838709677	2	29	0.83
0.193548387096774	2	29	0.83
0.517241379310345	2	29	0.83
0.4	2	29	0.83
0.571428571428571	2	29	0.83
0.526315789473684	2	29	0.83
0.222222222222222	2	29	0.83
0.583333333333333	2	29	0.83
0.4375	2	29	0.83
0.487179487179487	2	29	0.83
0.555555555555556	2	29	0.83
0.25	2	29	0.83
0.413793103448276	2	29	0.83
0.666666666666667	2	29	0.83
0.652173913043478	2	29	0.83
0.45	2	29	0.83
0.382352941176471	2	29	0.83
0.470588235294118	2	29	0.83
0.392857142857143	2	29	0.83
0.291666666666667	2	29	0.83
0.388888888888889	2	29	0.83
0.5	2	29	0.83
0.1875	2	29	0.83
0.285714285714286	2	29	0.83
0.285714285714286	2	29	0.83
0.571428571428571	2	29	0.83
0.533333333333333	2	29	0.83
0.225806451612903	2	29	0.83
0.615384615384615	2	29	0.83
0.419354838709677	2	29	0.83
0.418604651162791	2	29	0.83
0.458333333333333	2	29	0.83
0.357142857142857	2	29	0.83
0.529411764705882	2	29	0.83
0.580645161290323	2	29	0.83
0.387096774193548	2	29	0.83
0.487179487179487	2	29	0.83
0.551724137931034	2	29	0.83
0.214285714285714	2	29	0.83
0.459459459459459	2	29	0.83
0.533333333333333	2	29	0.83
0.32258064516129	2	29	0.83
0.518518518518518	2	29	0.83
0.25	2	29	0.83
0.692307692307692	2	29	0.83
0.384615384615385	2	29	0.83
0.526315789473684	2	29	0.83
0.5	2	29	0.83
0.357142857142857	2	29	0.83
0.272727272727273	2	29	0.83
0.333333333333333	2	29	0.83
0.441176470588235	2	29	0.83
0.28	2	29	0.83
0.48	2	29	0.83
0.363636363636364	2	29	0.83
0.548387096774194	2	29	0.83
0.315789473684211	2	29	0.83
0.473684210526316	2	29	0.83
0.4	2	29	0.83
0.458333333333333	2	29	0.83
0.434782608695652	2	29	0.83
0.333333333333333	2	29	0.83
0.5	2	29	0.83
0.538461538461538	2	29	0.83
0.441176470588235	2	29	0.83
0.333333333333333	2	29	0.83
0.4	2	29	0.83
0.384615384615385	2	29	0.83
0.324324324324324	2	29	0.83
0.470588235294118	2	29	0.83
0.513513513513513	2	29	0.83
0.416666666666667	2	29	0.83
0.478260869565217	2	29	0.83
0.538461538461538	2	29	0.83
0.210526315789474	2	29	0.83
0.566666666666667	2	29	0.83
0.513513513513513	2	29	0.83
0.484848484848485	2	29	0.83
0.571428571428571	2	29	0.83
0.448275862068966	2	29	0.83
0.518518518518518	2	29	0.83
0.5	2	29	0.83
0.5	2	29	0.83
0.416666666666667	2	29	0.83
0.5	2	29	0.83
0.3125	2	29	0.83
0.484848484848485	2	29	0.83
0.375	2	29	0.83
0.5	2	29	0.83
0.421052631578947	2	29	0.83
0.433333333333333	2	29	0.83
0.571428571428571	2	29	0.83
0.583333333333333	2	29	0.83
0.358974358974359	2	29	0.83
0.518518518518518	2	29	0.83
0.294117647058824	2	29	0.83
0.6	2	29	0.83
0.545454545454545	2	29	0.83
0.666666666666667	2	29	0.83
0.5	2	29	0.83
0.386363636363636	2	29	0.83
0.560975609756098	2	29	0.83
0.444444444444444	2	29	0.83
0.428571428571429	2	29	0.83
0.571428571428571	2	29	0.83
0.260869565217391	2	29	0.83
0.633333333333333	2	29	0.83
0.388888888888889	2	29	0.83
0.3	2	29	0.83
0.333333333333333	2	29	0.83
0.619047619047619	2	29	0.83
0.393939393939394	2	29	0.83
0.409090909090909	2	29	0.83
0.526315789473684	2	29	0.83
0.173913043478261	2	29	0.83
0.5	2	29	0.83
0.468085106382979	2	29	0.83
0.384615384615385	2	29	0.83
0.307692307692308	2	29	0.83
0.5	2	29	0.83
0.333333333333333	2	29	0.83
0.612903225806452	2	29	0.83
0.483870967741935	2	29	0.83
0.52	2	29	0.83
0.352941176470588	2	29	0.83
0.516129032258065	2	29	0.83
0.379310344827586	2	29	0.83
0.592592592592593	2	29	0.83
0.473684210526316	2	29	0.83
0.518518518518518	2	29	0.83
0.375	2	29	0.83
0.470588235294118	2	29	0.83
0.357142857142857	2	29	0.83
0.478260869565217	2	29	0.83
0.583333333333333	2	29	0.83
0.472222222222222	2	29	0.83
0.277777777777778	2	29	0.83
0.542857142857143	2	29	0.83
0.379310344827586	2	29	0.83
0.428571428571429	2	29	0.83
0.275862068965517	2	29	0.83
0.388888888888889	2	29	0.83
0.428571428571429	2	29	0.83
0.433333333333333	2	29	0.83
0.419354838709677	2	29	0.83
0.548387096774194	2	29	0.83
0.575757575757576	2	29	0.83
0.6	2	29	0.83
0.517241379310345	2	29	0.83
0.5	2	29	0.83
0.566666666666667	2	29	0.83
0.346153846153846	2	29	0.83
0.375	2	29	0.83
0.444444444444444	2	29	0.83
0.444444444444444	2	29	0.83
0.387096774193548	2	29	0.83
0.4	2	29	0.83
0.37037037037037	2	29	0.83
0.606060606060606	2	29	0.83
0.45	2	29	0.83
0.551724137931034	2	29	0.83
0.5625	2	29	0.83
0.633333333333333	2	29	0.83
0.552631578947368	2	29	0.83
0.594594594594595	2	29	0.83
0.533333333333333	2	29	0.83
0.473684210526316	2	29	0.83
0.580645161290323	2	29	0.83
0.465116279069767	2	29	0.83
0.375	2	29	0.83
0.5	2	29	0.83
0.166666666666667	2	29	0.83
0.269230769230769	2	29	0.83
0.333333333333333	2	29	0.83
0.5	2	29	0.83
0.448275862068966	2	29	0.83
0.555555555555556	2	29	0.83
0.461538461538462	2	29	0.83
0.461538461538462	2	29	0.83
0.371428571428571	2	29	0.83
0.323529411764706	2	29	0.83
0.466666666666667	2	29	0.83
0.583333333333333	2	29	0.83
0.454545454545455	2	29	0.83
0.5	2	29	0.83
0.478260869565217	2	29	0.83
0.472222222222222	2	29	0.83
0.461538461538462	2	29	0.83
0.428571428571429	2	29	0.83
0.441860465116279	2	29	0.83
0.692307692307692	2	29	0.83
0.15	2	29	0.83
0.15	2	29	0.83
0.625	3	29	0.83
0.529411764705882	3	29	0.83
0.529411764705882	3	29	0.83
0.518518518518518	3	29	0.83
0.24	3	29	0.83
0.388888888888889	3	29	0.83
0.527777777777778	3	29	0.83
