VAF	CN	avg.depth	purity
0.344827586206897	1	15	0.97
0.857142857142857	1	15	0.97
0.888888888888889	1	15	0.97
0.947368421052632	1	15	0.97
0.9	1	15	0.97
0.904761904761905	1	15	0.97
0.818181818181818	1	15	0.97
0.944444444444444	1	15	0.97
1	1	15	0.97
0.95	1	15	0.97
0.8	1	15	0.97
0.933333333333333	1	15	0.97
0.846153846153846	1	15	0.97
0.9	1	15	0.97
1	1	15	0.97
1	1	15	0.97
1	1	15	0.97
0.928571428571429	1	15	0.97
0.789473684210526	1	15	0.97
0.75	1	15	0.97
0.875	1	15	0.97
0.928571428571429	1	15	0.97
0.916666666666667	1	15	0.97
1	1	15	0.97
0.846153846153846	1	15	0.97
1	1	15	0.97
0.733333333333333	1	15	0.97
0.9	1	15	0.97
1	1	15	0.97
0.777777777777778	1	15	0.97
0.9	1	15	0.97
1	1	15	0.97
1	1	15	0.97
1	1	15	0.97
0.833333333333333	1	15	0.97
0.909090909090909	1	15	0.97
0.125	1	15	0.97
0.137931034482759	1	15	0.97
0.9	1	15	0.97
0.933333333333333	1	15	0.97
0.9375	1	15	0.97
1	1	15	0.97
0.916666666666667	1	15	0.97
1	1	15	0.97
0.928571428571429	1	15	0.97
1	1	15	0.97
0.8	1	15	0.97
0.923076923076923	1	15	0.97
0.916666666666667	1	15	0.97
0.909090909090909	1	15	0.97
1	1	15	0.97
1	1	15	0.97
1	1	15	0.97
0.857142857142857	1	15	0.97
0.777777777777778	1	15	0.97
0.75	1	15	0.97
0.777777777777778	1	15	0.97
0.857142857142857	1	15	0.97
0.888888888888889	1	15	0.97
0.8	1	15	0.97
0.818181818181818	1	15	0.97
0.894736842105263	1	15	0.97
1	1	15	0.97
0.785714285714286	1	15	0.97
0.8	1	15	0.97
0.875	1	15	0.97
0.2	1	15	0.97
0.137931034482759	1	15	0.97
0.448275862068966	2	28	0.97
0.615384615384615	2	28	0.97
0.571428571428571	2	28	0.97
0.434782608695652	2	28	0.97
0.352941176470588	2	28	0.97
0.578947368421053	2	28	0.97
0.461538461538462	2	28	0.97
0.482758620689655	2	28	0.97
0.481481481481481	2	28	0.97
0.615384615384615	2	28	0.97
0.538461538461538	2	28	0.97
0.45	2	28	0.97
0.478260869565217	2	28	0.97
0.473684210526316	2	28	0.97
0.761904761904762	2	28	0.97
0.433333333333333	2	28	0.97
0.458333333333333	2	28	0.97
0.575757575757576	2	28	0.97
0.34375	2	28	0.97
0.277777777777778	2	28	0.97
0.4375	2	28	0.97
0.48	2	28	0.97
0.6	2	28	0.97
0.454545454545455	2	28	0.97
0.638888888888889	2	28	0.97
0.375	2	28	0.97
0.375	2	28	0.97
0.580645161290323	2	28	0.97
0.481481481481481	2	28	0.97
0.366666666666667	2	28	0.97
0.521739130434783	2	28	0.97
0.535714285714286	2	28	0.97
0.307692307692308	2	28	0.97
0.321428571428571	2	28	0.97
0.521739130434783	2	28	0.97
0.333333333333333	2	28	0.97
0.473684210526316	2	28	0.97
0.451612903225806	2	28	0.97
0.541666666666667	2	28	0.97
0.40625	2	28	0.97
0.6	2	28	0.97
0.375	2	28	0.97
0.571428571428571	2	28	0.97
0.5	2	28	0.97
0.342857142857143	2	28	0.97
0.5	2	28	0.97
0.461538461538462	2	28	0.97
0.416666666666667	2	28	0.97
0.387096774193548	2	28	0.97
0.470588235294118	2	28	0.97
0.40625	2	28	0.97
0.354838709677419	2	28	0.97
0.421052631578947	2	28	0.97
0.416666666666667	2	28	0.97
0.518518518518518	2	28	0.97
0.473684210526316	2	28	0.97
0.478260869565217	2	28	0.97
0.291666666666667	2	28	0.97
0.5	2	28	0.97
0.666666666666667	2	28	0.97
0.351351351351351	2	28	0.97
0.333333333333333	2	28	0.97
0.346153846153846	2	28	0.97
0.333333333333333	2	28	0.97
0.588235294117647	2	28	0.97
0.514285714285714	2	28	0.97
0.233333333333333	2	28	0.97
0.526315789473684	2	28	0.97
0.454545454545455	2	28	0.97
0.40625	2	28	0.97
0.586206896551724	2	28	0.97
0.5	2	28	0.97
0.558823529411765	2	28	0.97
0.222222222222222	2	28	0.97
0.424242424242424	2	28	0.97
0.454545454545455	2	28	0.97
0.5	2	28	0.97
0.394736842105263	2	28	0.97
0.36	2	28	0.97
0.37037037037037	2	28	0.97
0.588235294117647	2	28	0.97
0.428571428571429	2	28	0.97
0.55	2	28	0.97
0.272727272727273	2	28	0.97
0.161290322580645	2	28	0.97
0.37037037037037	2	28	0.97
0.384615384615385	2	28	0.97
0.431818181818182	2	28	0.97
0.384615384615385	2	28	0.97
0.423076923076923	2	28	0.97
0.5	2	28	0.97
0.708333333333333	2	28	0.97
0.272727272727273	2	28	0.97
0.515151515151515	2	28	0.97
0.184210526315789	2	28	0.97
0.344827586206897	2	28	0.97
0.5	2	28	0.97
0.538461538461538	2	28	0.97
0.592592592592593	2	28	0.97
0.342857142857143	2	28	0.97
0.419354838709677	2	28	0.97
0.34375	2	28	0.97
0.388888888888889	2	28	0.97
0.5	2	28	0.97
0.379310344827586	2	28	0.97
0.5	2	28	0.97
0.5625	2	28	0.97
0.444444444444444	2	28	0.97
0.4	2	28	0.97
0.620689655172414	2	28	0.97
0.541666666666667	2	28	0.97
0.875	2	28	0.97
0.576923076923077	2	28	0.97
0.611111111111111	2	28	0.97
0.5	2	28	0.97
0.580645161290323	2	28	0.97
0.607142857142857	2	28	0.97
0.416666666666667	2	28	0.97
0.351351351351351	2	28	0.97
0.409090909090909	2	28	0.97
0.419354838709677	2	28	0.97
0.481481481481481	2	28	0.97
0.5	2	28	0.97
0.472222222222222	2	28	0.97
0.580645161290323	2	28	0.97
0.482758620689655	2	28	0.97
0.384615384615385	2	28	0.97
0.5	2	28	0.97
0.5	2	28	0.97
0.407407407407407	2	28	0.97
0.428571428571429	2	28	0.97
0.285714285714286	2	28	0.97
0.428571428571429	2	28	0.97
0.466666666666667	2	28	0.97
0.53125	2	28	0.97
0.363636363636364	2	28	0.97
0.526315789473684	2	28	0.97
0.538461538461538	2	28	0.97
0.52	2	28	0.97
0.558823529411765	2	28	0.97
0.457142857142857	2	28	0.97
0.545454545454545	2	28	0.97
0.518518518518518	2	28	0.97
0.423076923076923	2	28	0.97
0.4	2	28	0.97
0.473684210526316	2	28	0.97
0.285714285714286	2	28	0.97
0.545454545454545	2	28	0.97
0.451612903225806	2	28	0.97
0.459459459459459	2	28	0.97
0.421052631578947	2	28	0.97
0.526315789473684	2	28	0.97
0.5	2	28	0.97
0.608695652173913	2	28	0.97
0.464285714285714	2	28	0.97
0.444444444444444	2	28	0.97
0.5	2	28	0.97
0.361111111111111	2	28	0.97
0.458333333333333	2	28	0.97
0.434782608695652	2	28	0.97
0.34375	2	28	0.97
0.571428571428571	2	28	0.97
0.46875	2	28	0.97
0.56	2	28	0.97
0.481481481481481	2	28	0.97
0.392857142857143	2	28	0.97
0.458333333333333	2	28	0.97
0.75	2	28	0.97
0.522727272727273	2	28	0.97
0.545454545454545	2	28	0.97
0.5	2	28	0.97
0.318181818181818	2	28	0.97
0.37037037037037	2	28	0.97
0.5	2	28	0.97
0.714285714285714	2	28	0.97
0.541666666666667	2	28	0.97
0.512820512820513	2	28	0.97
0.333333333333333	2	28	0.97
0.470588235294118	2	28	0.97
0.461538461538462	2	28	0.97
0.5625	2	28	0.97
0.523809523809524	2	28	0.97
0.310344827586207	2	28	0.97
0.481481481481481	2	28	0.97
0.214285714285714	2	28	0.97
0.227272727272727	2	28	0.97
0.277777777777778	2	28	0.97
0.375	2	28	0.97
0.166666666666667	2	28	0.97
0.48	2	28	0.97
0.545454545454545	2	28	0.97
0.44	2	28	0.97
0.545454545454545	2	28	0.97
0.157894736842105	2	28	0.97
0.307692307692308	2	28	0.97
0.5	2	28	0.97
0.523809523809524	2	28	0.97
0.366666666666667	2	28	0.97
0.4	2	28	0.97
0.382352941176471	2	28	0.97
0.518518518518518	2	28	0.97
0.458333333333333	2	28	0.97
0.414634146341463	2	28	0.97
0.363636363636364	2	28	0.97
0.46875	2	28	0.97
0.478260869565217	2	28	0.97
0.580645161290323	2	28	0.97
0.645161290322581	2	28	0.97
0.5	2	28	0.97
0.48	2	28	0.97
0.45	2	28	0.97
0.586206896551724	2	28	0.97
0.571428571428571	2	28	0.97
0.6	2	28	0.97
0.52	2	28	0.97
0.5	2	28	0.97
0.451612903225806	2	28	0.97
0.606060606060606	2	28	0.97
0.37037037037037	2	28	0.97
0.392857142857143	2	28	0.97
0.448275862068966	2	28	0.97
0.72972972972973	2	28	0.97
0.344827586206897	2	28	0.97
0.6	2	28	0.97
0.37037037037037	2	28	0.97
0.303030303030303	2	28	0.97
0.583333333333333	2	28	0.97
0.380952380952381	2	28	0.97
0.571428571428571	2	28	0.97
0.472222222222222	2	28	0.97
0.346153846153846	2	28	0.97
0.444444444444444	2	28	0.97
0.551724137931034	2	28	0.97
0.642857142857143	2	28	0.97
0.44	2	28	0.97
0.15	2	28	0.97
0.62962962962963	2	28	0.97
0.473684210526316	2	28	0.97
0.342105263157895	2	28	0.97
0.25	2	28	0.97
0.5	2	28	0.97
0.405405405405405	2	28	0.97
0.515151515151515	2	28	0.97
0.741935483870968	2	28	0.97
0.392857142857143	2	28	0.97
0.653846153846154	2	28	0.97
0.380952380952381	2	28	0.97
0.357142857142857	2	28	0.97
0.230769230769231	2	28	0.97
0.5	2	28	0.97
0.5	2	28	0.97
0.526315789473684	2	28	0.97
0.555555555555556	2	28	0.97
0.44	2	28	0.97
0.409090909090909	2	28	0.97
0.575757575757576	2	28	0.97
0.291666666666667	2	28	0.97
0.645161290322581	2	28	0.97
0.565217391304348	2	28	0.97
0.625	2	28	0.97
0.466666666666667	2	28	0.97
0.526315789473684	2	28	0.97
0.580645161290323	2	28	0.97
0.323529411764706	2	28	0.97
0.526315789473684	2	28	0.97
0.434782608695652	2	28	0.97
0.380952380952381	2	28	0.97
0.457142857142857	2	28	0.97
0.5	2	28	0.97
0.470588235294118	2	28	0.97
0.379310344827586	2	28	0.97
0.340909090909091	2	28	0.97
0.44	2	28	0.97
0.470588235294118	2	28	0.97
0.454545454545455	2	28	0.97
0.352941176470588	2	28	0.97
0.384615384615385	2	28	0.97
0.521739130434783	2	28	0.97
0.566666666666667	2	28	0.97
0.1875	2	28	0.97
0.575757575757576	2	28	0.97
0.571428571428571	2	28	0.97
0.555555555555556	2	28	0.97
0.64	2	28	0.97
0.547169811320755	2	28	0.97
0.612903225806452	2	28	0.97
0.37037037037037	2	28	0.97
0.612903225806452	2	28	0.97
0.592592592592593	2	28	0.97
0.636363636363636	2	28	0.97
0.405405405405405	2	28	0.97
0.514285714285714	2	28	0.97
0.5625	2	28	0.97
0.405405405405405	2	28	0.97
0.464285714285714	2	28	0.97
0.67741935483871	2	28	0.97
0.52	2	28	0.97
0.525	2	28	0.97
0.388888888888889	2	28	0.97
0.48	2	28	0.97
0.36	2	28	0.97
0.625	2	28	0.97
0.555555555555556	2	28	0.97
0.45	2	28	0.97
0.4	2	28	0.97
0.379310344827586	2	28	0.97
0.444444444444444	2	28	0.97
0.612903225806452	2	28	0.97
0.421052631578947	2	28	0.97
0.421052631578947	2	28	0.97
0.393939393939394	2	28	0.97
0.75	2	28	0.97
0.269230769230769	2	28	0.97
0.464285714285714	2	28	0.97
0.571428571428571	2	28	0.97
0.52	2	28	0.97
0.333333333333333	2	28	0.97
0.448275862068966	2	28	0.97
0.464285714285714	2	28	0.97
0.371428571428571	2	28	0.97
0.606060606060606	2	28	0.97
0.428571428571429	2	28	0.97
0.392857142857143	2	28	0.97
0.5	2	28	0.97
0.5	2	28	0.97
0.172413793103448	2	28	0.97
0.5	2	28	0.97
0.625	2	28	0.97
0.555555555555556	2	28	0.97
0.357142857142857	2	28	0.97
0.32258064516129	2	28	0.97
0.409090909090909	2	28	0.97
0.588235294117647	2	28	0.97
0.517241379310345	2	28	0.97
0.538461538461538	2	28	0.97
0.392857142857143	2	28	0.97
0.304347826086957	2	28	0.97
0.416666666666667	2	28	0.97
0.4	2	28	0.97
0.619047619047619	2	28	0.97
0.357142857142857	2	28	0.97
0.407407407407407	2	28	0.97
0.5	2	28	0.97
0.433333333333333	2	28	0.97
0.451612903225806	2	28	0.97
0.5	2	28	0.97
0.5	2	28	0.97
0.32258064516129	2	28	0.97
0.4375	2	28	0.97
0.333333333333333	2	28	0.97
0.45	2	28	0.97
0.307692307692308	2	28	0.97
0.566666666666667	2	28	0.97
0.5	2	28	0.97
0.470588235294118	2	28	0.97
0.346153846153846	2	28	0.97
0.431818181818182	2	28	0.97
0.538461538461538	2	28	0.97
0.5	2	28	0.97
0.473684210526316	2	28	0.97
0.431818181818182	2	28	0.97
0.433333333333333	2	28	0.97
0.461538461538462	2	28	0.97
0.64	2	28	0.97
0.586206896551724	2	28	0.97
0.517241379310345	2	28	0.97
0.363636363636364	2	28	0.97
0.4	2	28	0.97
0.366666666666667	2	28	0.97
0.541666666666667	2	28	0.97
0.472222222222222	2	28	0.97
0.393939393939394	2	28	0.97
0.777777777777778	2	28	0.97
0.511111111111111	2	28	0.97
0.277777777777778	2	28	0.97
0.277777777777778	2	28	0.97
0.28	2	28	0.97
0.588235294117647	2	28	0.97
0.5	2	28	0.97
0.565217391304348	2	28	0.97
0.620689655172414	2	28	0.97
0.333333333333333	2	28	0.97
0.58974358974359	2	28	0.97
0.566666666666667	2	28	0.97
0.375	2	28	0.97
0.5625	2	28	0.97
0.380952380952381	2	28	0.97
0.518518518518518	2	28	0.97
0.4375	2	28	0.97
0.481481481481481	2	28	0.97
0.428571428571429	2	28	0.97
0.407407407407407	2	28	0.97
0.526315789473684	2	28	0.97
0.529411764705882	2	28	0.97
0.45	2	28	0.97
0.464285714285714	2	28	0.97
0.257142857142857	2	28	0.97
0.476190476190476	2	28	0.97
0.388888888888889	2	28	0.97
0.291666666666667	2	28	0.97
0.454545454545455	2	28	0.97
0.769230769230769	2	28	0.97
0.555555555555556	2	28	0.97
0.5	2	28	0.97
0.425	2	28	0.97
0.314285714285714	2	28	0.97
0.40625	2	28	0.97
0.5	2	28	0.97
0.375	2	28	0.97
0.428571428571429	2	28	0.97
0.464285714285714	2	28	0.97
0.37037037037037	2	28	0.97
0.517241379310345	2	28	0.97
0.666666666666667	2	28	0.97
0.333333333333333	2	28	0.97
0.48	2	28	0.97
0.526315789473684	2	28	0.97
0.5	2	28	0.97
0.461538461538462	2	28	0.97
0.192307692307692	2	28	0.97
0.25	2	28	0.97
0.25	2	28	0.97
0.15625	2	28	0.97
0.5	2	28	0.97
0.53125	2	28	0.97
0.516129032258065	2	28	0.97
0.305555555555556	2	28	0.97
0.366666666666667	2	28	0.97
0.545454545454545	2	28	0.97
0.608695652173913	2	28	0.97
0.615384615384615	2	28	0.97
0.575757575757576	2	28	0.97
0.724137931034483	2	28	0.97
0.551724137931034	2	28	0.97
0.514285714285714	2	28	0.97
0.382352941176471	2	28	0.97
0.533333333333333	2	28	0.97
0.555555555555556	2	28	0.97
0.458333333333333	2	28	0.97
0.5625	2	28	0.97
0.380952380952381	2	28	0.97
0.456521739130435	2	28	0.97
0.5	2	28	0.97
0.407407407407407	2	28	0.97
0.5	2	28	0.97
0.521739130434783	2	28	0.97
0.307692307692308	2	28	0.97
0.275862068965517	2	28	0.97
0.67741935483871	2	28	0.97
0.576923076923077	2	28	0.97
0.52	2	28	0.97
0.473684210526316	2	28	0.97
0.421052631578947	2	28	0.97
0.5	2	28	0.97
0.3	2	28	0.97
0.636363636363636	2	28	0.97
0.571428571428571	2	28	0.97
0.538461538461538	2	28	0.97
0.451612903225806	2	28	0.97
0.548387096774194	2	28	0.97
0.380952380952381	2	28	0.97
0.535714285714286	2	28	0.97
0.379310344827586	2	28	0.97
0.392857142857143	2	28	0.97
0.413793103448276	2	28	0.97
0.583333333333333	2	28	0.97
0.457142857142857	2	28	0.97
0.454545454545455	2	28	0.97
0.513513513513513	2	28	0.97
0.516129032258065	2	28	0.97
0.347826086956522	2	28	0.97
0.52	2	28	0.97
0.448275862068966	2	28	0.97
0.447368421052632	2	28	0.97
0.447368421052632	2	28	0.97
0.48	2	28	0.97
0.433333333333333	2	28	0.97
0.583333333333333	2	28	0.97
0.5	2	28	0.97
0.533333333333333	2	28	0.97
0.5	2	28	0.97
0.324324324324324	2	28	0.97
0.565217391304348	2	28	0.97
0.62962962962963	2	28	0.97
0.551724137931034	2	28	0.97
0.545454545454545	2	28	0.97
0.548387096774194	2	28	0.97
0.375	2	28	0.97
0.558823529411765	2	28	0.97
0.457142857142857	2	28	0.97
0.394736842105263	2	28	0.97
0.384615384615385	2	28	0.97
0.5	2	28	0.97
0.458333333333333	2	28	0.97
0.787878787878788	2	28	0.97
0.393939393939394	2	28	0.97
0.607142857142857	2	28	0.97
0.466666666666667	2	28	0.97
0.5	2	28	0.97
0.333333333333333	2	28	0.97
0.548387096774194	2	28	0.97
0.434782608695652	2	28	0.97
0.363636363636364	2	28	0.97
0.5	2	28	0.97
0.419354838709677	2	28	0.97
0.615384615384615	2	28	0.97
0.46875	2	28	0.97
0.470588235294118	2	28	0.97
0.5	2	28	0.97
0.571428571428571	2	28	0.97
0.428571428571429	2	28	0.97
0.37037037037037	2	28	0.97
0.418604651162791	2	28	0.97
0.555555555555556	2	28	0.97
0.62962962962963	2	28	0.97
0.517241379310345	2	28	0.97
0.545454545454545	2	28	0.97
0.607142857142857	2	28	0.97
0.62962962962963	2	28	0.97
0.357142857142857	2	28	0.97
0.333333333333333	2	28	0.97
0.351351351351351	2	28	0.97
0.466666666666667	2	28	0.97
0.444444444444444	2	28	0.97
0.416666666666667	2	28	0.97
0.523809523809524	2	28	0.97
0.72	2	28	0.97
0.5	2	28	0.97
0.684210526315789	2	28	0.97
0.28	2	28	0.97
0.515151515151515	2	28	0.97
0.432432432432432	2	28	0.97
0.344827586206897	2	28	0.97
0.357142857142857	2	28	0.97
0.641025641025641	2	28	0.97
0.478260869565217	2	28	0.97
0.5	2	28	0.97
0.4	2	28	0.97
0.386363636363636	2	28	0.97
0.44	2	28	0.97
0.35	2	28	0.97
0.388888888888889	2	28	0.97
0.41025641025641	2	28	0.97
0.51219512195122	2	28	0.97
0.454545454545455	2	28	0.97
0.379310344827586	2	28	0.97
0.434782608695652	2	28	0.97
0.303030303030303	2	28	0.97
0.315789473684211	2	28	0.97
0.3	2	28	0.97
0.588235294117647	2	28	0.97
0.470588235294118	2	28	0.97
0.5	2	28	0.97
0.5	2	28	0.97
0.615384615384615	2	28	0.97
0.53125	2	28	0.97
0.5	2	28	0.97
0.395348837209302	2	28	0.97
0.432432432432432	2	28	0.97
0.482758620689655	2	28	0.97
0.357142857142857	2	28	0.97
0.375	2	28	0.97
0.2	2	28	0.97
0.454545454545455	2	28	0.97
0.387096774193548	2	28	0.97
0.540540540540541	2	28	0.97
0.44	2	28	0.97
0.454545454545455	2	28	0.97
0.545454545454545	2	28	0.97
0.548387096774194	2	28	0.97
0.59375	2	28	0.97
0.380952380952381	2	28	0.97
0.617647058823529	2	28	0.97
0.433333333333333	2	28	0.97
0.615384615384615	2	28	0.97
0.368421052631579	2	28	0.97
0.464285714285714	2	28	0.97
0.473684210526316	2	28	0.97
0.52	2	28	0.97
0.387096774193548	2	28	0.97
0.642857142857143	2	28	0.97
0.5	2	28	0.97
0.363636363636364	2	28	0.97
0.404761904761905	2	28	0.97
0.387096774193548	2	28	0.97
0.303030303030303	2	28	0.97
0.483870967741935	2	28	0.97
0.433333333333333	2	28	0.97
0.416666666666667	2	28	0.97
0.434782608695652	2	28	0.97
0.590909090909091	2	28	0.97
0.461538461538462	2	28	0.97
0.28125	2	28	0.97
0.733333333333333	2	28	0.97
0.40625	2	28	0.97
0.428571428571429	2	28	0.97
0.379310344827586	2	28	0.97
0.514285714285714	2	28	0.97
0.515151515151515	2	28	0.97
0.564102564102564	2	28	0.97
0.428571428571429	2	28	0.97
0.607142857142857	2	28	0.97
0.461538461538462	2	28	0.97
0.366666666666667	2	28	0.97
0.392857142857143	2	28	0.97
0.454545454545455	2	28	0.97
0.484848484848485	2	28	0.97
0.555555555555556	2	28	0.97
0.536585365853659	2	28	0.97
0.482758620689655	2	28	0.97
0.272727272727273	2	28	0.97
0.392857142857143	2	28	0.97
0.323529411764706	2	28	0.97
0.486486486486487	2	28	0.97
0.357142857142857	2	28	0.97
0.333333333333333	2	28	0.97
0.321428571428571	2	28	0.97
0.484848484848485	2	28	0.97
0.235294117647059	2	28	0.97
0.464285714285714	2	28	0.97
0.354838709677419	2	28	0.97
0.625	2	28	0.97
0.416666666666667	2	28	0.97
0.625	2	28	0.97
0.375	2	28	0.97
0.516129032258065	2	28	0.97
0.541666666666667	2	28	0.97
0.535714285714286	2	28	0.97
0.256410256410256	2	28	0.97
0.5	2	28	0.97
0.526315789473684	2	28	0.97
0.378378378378378	2	28	0.97
0.6	2	28	0.97
0.411764705882353	2	28	0.97
0.482758620689655	2	28	0.97
0.466666666666667	2	28	0.97
0.4	2	28	0.97
0.448275862068966	2	28	0.97
0.413793103448276	2	28	0.97
0.466666666666667	2	28	0.97
0.409090909090909	2	28	0.97
0.375	2	28	0.97
0.378378378378378	2	28	0.97
0.428571428571429	2	28	0.97
0.461538461538462	2	28	0.97
0.611111111111111	2	28	0.97
0.368421052631579	2	28	0.97
0.444444444444444	2	28	0.97
0.64	2	28	0.97
0.565217391304348	2	28	0.97
0.567567567567568	2	28	0.97
0.538461538461538	2	28	0.97
0.5	2	28	0.97
0.466666666666667	2	28	0.97
0.444444444444444	2	28	0.97
0.358974358974359	2	28	0.97
0.428571428571429	2	28	0.97
0.285714285714286	2	28	0.97
0.636363636363636	2	28	0.97
0.523809523809524	2	28	0.97
0.470588235294118	2	28	0.97
0.384615384615385	2	28	0.97
0.545454545454545	2	28	0.97
0.46875	2	28	0.97
0.428571428571429	2	28	0.97
0.40625	2	28	0.97
0.592592592592593	2	28	0.97
0.407407407407407	2	28	0.97
0.517241379310345	2	28	0.97
0.48	2	28	0.97
0.619047619047619	2	28	0.97
0.521739130434783	2	28	0.97
0.583333333333333	2	28	0.97
0.535714285714286	2	28	0.97
0.75	2	28	0.97
0.5	2	28	0.97
0.565217391304348	2	28	0.97
0.458333333333333	2	28	0.97
0.407407407407407	2	28	0.97
0.56	2	28	0.97
0.565217391304348	2	28	0.97
0.416666666666667	2	28	0.97
0.428571428571429	2	28	0.97
0.294117647058824	2	28	0.97
0.448275862068966	2	28	0.97
0.444444444444444	2	28	0.97
0.413793103448276	2	28	0.97
0.387096774193548	2	28	0.97
0.555555555555556	2	28	0.97
0.470588235294118	2	28	0.97
0.269230769230769	2	28	0.97
0.444444444444444	2	28	0.97
0.15	2	28	0.97
0.44	2	28	0.97
0.272727272727273	2	28	0.97
0.384615384615385	2	28	0.97
0.342105263157895	2	28	0.97
0.333333333333333	2	28	0.97
0.5	2	28	0.97
0.571428571428571	2	28	0.97
0.32	2	28	0.97
0.464285714285714	2	28	0.97
0.478260869565217	2	28	0.97
0.542857142857143	2	28	0.97
0.478260869565217	2	28	0.97
0.424242424242424	2	28	0.97
0.620689655172414	2	28	0.97
0.517241379310345	2	28	0.97
0.5	2	28	0.97
0.153846153846154	2	28	0.97
0.333333333333333	2	28	0.97
0.423076923076923	2	28	0.97
0.583333333333333	2	28	0.97
0.342857142857143	2	28	0.97
0.540540540540541	2	28	0.97
0.5	2	28	0.97
0.588235294117647	2	28	0.97
0.606060606060606	2	28	0.97
0.466666666666667	2	28	0.97
0.485714285714286	2	28	0.97
0.411764705882353	2	28	0.97
0.523809523809524	2	28	0.97
0.583333333333333	2	28	0.97
0.642857142857143	2	28	0.97
0.578947368421053	2	28	0.97
0.481481481481481	2	28	0.97
0.545454545454545	2	28	0.97
0.466666666666667	2	28	0.97
0.387096774193548	2	28	0.97
0.56	2	28	0.97
0.64	2	28	0.97
0.434782608695652	2	28	0.97
0.551724137931034	2	28	0.97
0.580645161290323	2	28	0.97
0.444444444444444	2	28	0.97
0.481481481481481	2	28	0.97
0.444444444444444	2	28	0.97
0.363636363636364	2	28	0.97
0.541666666666667	2	28	0.97
0.482758620689655	2	28	0.97
0.533333333333333	2	28	0.97
0.4	2	28	0.97
0.576923076923077	2	28	0.97
0.424242424242424	2	28	0.97
0.28	2	28	0.97
0.4	2	28	0.97
0.464285714285714	2	28	0.97
0.444444444444444	2	28	0.97
0.666666666666667	2	28	0.97
0.310344827586207	2	28	0.97
0.5	2	28	0.97
0.36	2	28	0.97
0.444444444444444	2	28	0.97
0.214285714285714	2	28	0.97
0.533333333333333	2	28	0.97
0.46875	2	28	0.97
0.645161290322581	2	28	0.97
0.391304347826087	2	28	0.97
0.634146341463415	2	28	0.97
0.419354838709677	2	28	0.97
0.428571428571429	2	28	0.97
0.457142857142857	2	28	0.97
0.393939393939394	2	28	0.97
0.567567567567568	2	28	0.97
0.454545454545455	2	28	0.97
0.433333333333333	2	28	0.97
0.6	2	28	0.97
0.230769230769231	2	28	0.97
0.458333333333333	2	28	0.97
0.454545454545455	2	28	0.97
0.625	2	28	0.97
0.451612903225806	2	28	0.97
0.580645161290323	2	28	0.97
0.357142857142857	2	28	0.97
0.342105263157895	2	28	0.97
0.441860465116279	2	28	0.97
0.423076923076923	2	28	0.97
0.483870967741935	2	28	0.97
0.411764705882353	2	28	0.97
0.379310344827586	2	28	0.97
0.6	2	28	0.97
0.555555555555556	2	28	0.97
0.463414634146341	2	28	0.97
0.317073170731707	2	28	0.97
0.545454545454545	2	28	0.97
0.434782608695652	2	28	0.97
0.466666666666667	2	28	0.97
0.30952380952381	2	28	0.97
0.48	2	28	0.97
0.75	2	28	0.97
0.541666666666667	2	28	0.97
0.583333333333333	2	28	0.97
0.571428571428571	2	28	0.97
0.655172413793103	2	28	0.97
0.454545454545455	2	28	0.97
0.483870967741935	2	28	0.97
0.478260869565217	2	28	0.97
0.4	2	28	0.97
0.533333333333333	2	28	0.97
0.533333333333333	2	28	0.97
0.5	2	28	0.97
0.233333333333333	2	28	0.97
0.230769230769231	2	28	0.97
0.297297297297297	2	28	0.97
0.315789473684211	2	28	0.97
0.365853658536585	2	28	0.97
0.5	2	28	0.97
0.631578947368421	2	28	0.97
0.4	2	28	0.97
0.45	2	28	0.97
0.444444444444444	2	28	0.97
0.40625	2	28	0.97
0.233333333333333	2	28	0.97
0.615384615384615	2	28	0.97
0.586206896551724	2	28	0.97
0.488372093023256	2	28	0.97
0.388888888888889	2	28	0.97
0.464285714285714	2	28	0.97
0.486486486486487	2	28	0.97
0.133333333333333	2	28	0.97
0.428571428571429	2	28	0.97
0.28	2	28	0.97
0.470588235294118	2	28	0.97
0.409090909090909	2	28	0.97
0.458333333333333	2	28	0.97
0.32	2	28	0.97
0.476190476190476	2	28	0.97
0.393939393939394	2	28	0.97
0.375	2	28	0.97
0.454545454545455	2	28	0.97
0.523809523809524	2	28	0.97
0.454545454545455	2	28	0.97
0.375	2	28	0.97
0.555555555555556	2	28	0.97
0.607142857142857	2	28	0.97
0.363636363636364	2	28	0.97
0.347826086956522	2	28	0.97
0.405405405405405	2	28	0.97
0.72	2	28	0.97
0.541666666666667	2	28	0.97
0.583333333333333	2	28	0.97
0.304347826086957	2	28	0.97
0.5625	2	28	0.97
0.368421052631579	2	28	0.97
0.478260869565217	2	28	0.97
0.357142857142857	2	28	0.97
0.413793103448276	2	28	0.97
0.588235294117647	2	28	0.97
0.64	2	28	0.97
0.142857142857143	2	28	0.97
0.4	2	28	0.97
0.433333333333333	2	28	0.97
0.451612903225806	2	28	0.97
0.583333333333333	2	28	0.97
0.611111111111111	2	28	0.97
0.565217391304348	2	28	0.97
0.409090909090909	2	28	0.97
0.461538461538462	2	28	0.97
0.416666666666667	2	28	0.97
0.4	2	28	0.97
0.5	2	28	0.97
0.307692307692308	2	28	0.97
0.32	2	28	0.97
0.307692307692308	2	28	0.97
0.157894736842105	2	28	0.97
0.264705882352941	2	28	0.97
0.268292682926829	2	28	0.97
0.566666666666667	2	28	0.97
0.6875	2	28	0.97
0.655172413793103	2	28	0.97
0.464285714285714	2	28	0.97
0.333333333333333	2	28	0.97
0.344827586206897	2	28	0.97
0.5	2	28	0.97
0.413793103448276	2	28	0.97
0.172413793103448	2	28	0.97
0.3	2	28	0.97
0.518518518518518	2	28	0.97
0.516129032258065	2	28	0.97
0.484848484848485	2	28	0.97
0.482758620689655	2	28	0.97
0.363636363636364	2	28	0.97
0.551724137931034	2	28	0.97
0.354838709677419	2	28	0.97
0.478260869565217	2	28	0.97
0.472222222222222	2	28	0.97
0.441176470588235	2	28	0.97
0.516129032258065	2	28	0.97
0.41025641025641	2	28	0.97
0.454545454545455	2	28	0.97
0.41025641025641	2	28	0.97
0.567567567567568	2	28	0.97
0.535714285714286	2	28	0.97
0.512820512820513	2	28	0.97
0.586206896551724	2	28	0.97
0.363636363636364	2	28	0.97
0.424242424242424	2	28	0.97
0.259259259259259	2	28	0.97
0.315789473684211	2	28	0.97
0.40625	2	28	0.97
0.457142857142857	2	28	0.97
0.375	2	28	0.97
0.513513513513513	2	28	0.97
0.368421052631579	2	28	0.97
0.428571428571429	2	28	0.97
0.375	2	28	0.97
0.46875	2	28	0.97
0.435897435897436	2	28	0.97
0.444444444444444	2	28	0.97
0.441176470588235	2	28	0.97
0.457142857142857	2	28	0.97
0.210526315789474	2	28	0.97
0.615384615384615	2	28	0.97
0.466666666666667	2	28	0.97
0.391304347826087	2	28	0.97
0.52	2	28	0.97
0.571428571428571	2	28	0.97
0.387096774193548	2	28	0.97
0.538461538461538	2	28	0.97
0.538461538461538	2	28	0.97
0.451612903225806	2	28	0.97
0.321428571428571	2	28	0.97
0.53125	2	28	0.97
0.5	2	28	0.97
0.451612903225806	2	28	0.97
0.354838709677419	2	28	0.97
0.354838709677419	2	28	0.97
0.482758620689655	2	28	0.97
0.34375	2	28	0.97
0.585365853658537	2	28	0.97
0.290322580645161	2	28	0.97
0.607142857142857	2	28	0.97
0.818181818181818	2	28	0.97
0.441176470588235	2	28	0.97
0.41025641025641	2	28	0.97
0.461538461538462	2	28	0.97
0.571428571428571	2	28	0.97
0.470588235294118	2	28	0.97
0.483870967741935	2	28	0.97
0.380952380952381	2	28	0.97
0.2	2	28	0.97
0.405405405405405	2	28	0.97
0.535714285714286	2	28	0.97
0.419354838709677	2	28	0.97
0.567567567567568	2	28	0.97
0.484848484848485	2	28	0.97
0.705882352941177	2	28	0.97
0.444444444444444	2	28	0.97
0.625	2	28	0.97
0.48	2	28	0.97
0.46875	2	28	0.97
0.482758620689655	2	28	0.97
0.588235294117647	2	28	0.97
0.633333333333333	2	28	0.97
0.354838709677419	2	28	0.97
0.4	2	28	0.97
0.433333333333333	2	28	0.97
0.5	2	28	0.97
0.35	2	28	0.97
0.533333333333333	2	28	0.97
0.333333333333333	2	28	0.97
0.384615384615385	2	28	0.97
0.3	2	28	0.97
0.36	2	28	0.97
0.371428571428571	2	28	0.97
0.483870967741935	2	28	0.97
0.21875	2	28	0.97
0.588235294117647	2	28	0.97
0.615384615384615	2	28	0.97
0.666666666666667	2	28	0.97
0.290322580645161	2	28	0.97
0.53125	2	28	0.97
0.5625	2	28	0.97
0.352941176470588	2	28	0.97
0.379310344827586	2	28	0.97
0.466666666666667	2	28	0.97
0.444444444444444	2	28	0.97
0.461538461538462	2	28	0.97
0.485714285714286	2	28	0.97
0.633333333333333	2	28	0.97
0.363636363636364	2	28	0.97
0.526315789473684	2	28	0.97
0.55	2	28	0.97
0.580645161290323	2	28	0.97
0.588235294117647	2	28	0.97
0.533333333333333	2	28	0.97
0.551724137931034	2	28	0.97
0.388888888888889	2	28	0.97
0.433333333333333	2	28	0.97
0.32	2	28	0.97
0.647058823529412	2	28	0.97
0.594594594594595	2	28	0.97
0.404761904761905	2	28	0.97
0.5	2	28	0.97
0.347826086956522	2	28	0.97
0.2	2	28	0.97
0.444444444444444	2	28	0.97
0.458333333333333	2	28	0.97
0.454545454545455	2	28	0.97
0.36	2	28	0.97
0.464285714285714	2	28	0.97
0.5625	2	28	0.97
0.56	2	28	0.97
0.45	2	28	0.97
0.555555555555556	2	28	0.97
0.333333333333333	2	28	0.97
0.482758620689655	2	28	0.97
0.705882352941177	2	28	0.97
0.477272727272727	2	28	0.97
0.5	2	28	0.97
0.428571428571429	2	28	0.97
0.464285714285714	2	28	0.97
0.482758620689655	2	28	0.97
0.541666666666667	2	28	0.97
0.59375	2	28	0.97
0.444444444444444	2	28	0.97
0.555555555555556	2	28	0.97
0.516129032258065	2	28	0.97
0.558823529411765	2	28	0.97
0.583333333333333	2	28	0.97
0.433333333333333	2	28	0.97
0.416666666666667	2	28	0.97
0.375	2	28	0.97
0.55	2	28	0.97
0.233333333333333	2	28	0.97
0.5	2	28	0.97
0.56	2	28	0.97
0.526315789473684	2	28	0.97
0.392857142857143	2	28	0.97
0.464285714285714	2	28	0.97
0.379310344827586	2	28	0.97
0.457142857142857	2	28	0.97
0.407407407407407	2	28	0.97
0.423076923076923	2	28	0.97
0.4	2	28	0.97
0.55	2	28	0.97
0.521739130434783	2	28	0.97
0.536585365853659	2	28	0.97
0.470588235294118	2	28	0.97
0.407407407407407	2	28	0.97
0.625	2	28	0.97
0.481481481481481	2	28	0.97
0.612903225806452	2	28	0.97
0.448275862068966	2	28	0.97
0.5	2	28	0.97
0.461538461538462	2	28	0.97
0.611111111111111	2	28	0.97
0.545454545454545	2	28	0.97
0.565217391304348	2	28	0.97
0.457142857142857	2	28	0.97
0.441176470588235	2	28	0.97
0.378378378378378	2	28	0.97
0.529411764705882	2	28	0.97
0.37037037037037	2	28	0.97
0.529411764705882	2	28	0.97
0.625	2	28	0.97
0.392857142857143	2	28	0.97
0.392857142857143	2	28	0.97
0.384615384615385	2	28	0.97
0.392857142857143	2	28	0.97
0.418604651162791	2	28	0.97
0.472222222222222	2	28	0.97
0.576923076923077	2	28	0.97
0.515151515151515	2	28	0.97
0.607142857142857	2	28	0.97
0.4	2	28	0.97
0.575757575757576	2	28	0.97
0.5	2	28	0.97
0.571428571428571	2	28	0.97
0.533333333333333	2	28	0.97
0.547619047619048	2	28	0.97
0.535714285714286	2	28	0.97
0.484848484848485	2	28	0.97
0.571428571428571	2	28	0.97
0.428571428571429	2	28	0.97
0.533333333333333	2	28	0.97
0.375	2	28	0.97
0.517241379310345	2	28	0.97
0.541666666666667	2	28	0.97
0.441860465116279	2	28	0.97
0.291666666666667	2	28	0.97
0.416666666666667	2	28	0.97
0.36	2	28	0.97
0.32	2	28	0.97
0.478260869565217	2	28	0.97
0.4375	2	28	0.97
0.655172413793103	2	28	0.97
0.428571428571429	2	28	0.97
0.576923076923077	2	28	0.97
0.545454545454545	2	28	0.97
0.461538461538462	2	28	0.97
0.458333333333333	2	28	0.97
0.5	2	28	0.97
0.466666666666667	2	28	0.97
0.4	2	28	0.97
0.4	2	28	0.97
0.428571428571429	2	28	0.97
0.291666666666667	2	28	0.97
0.4	2	28	0.97
0.333333333333333	2	28	0.97
0.523809523809524	2	28	0.97
0.555555555555556	2	28	0.97
0.457142857142857	2	28	0.97
0.527777777777778	2	28	0.97
0.285714285714286	2	28	0.97
0.382352941176471	2	28	0.97
0.6	2	28	0.97
0.5	2	28	0.97
0.484848484848485	2	28	0.97
0.517241379310345	2	28	0.97
0.379310344827586	2	28	0.97
0.52	2	28	0.97
0.615384615384615	2	28	0.97
0.541666666666667	2	28	0.97
0.346153846153846	2	28	0.97
0.48	2	28	0.97
0.647058823529412	2	28	0.97
0.5	2	28	0.97
0.40625	2	28	0.97
0.666666666666667	2	28	0.97
0.571428571428571	2	28	0.97
0.666666666666667	2	28	0.97
0.548387096774194	2	28	0.97
0.416666666666667	2	28	0.97
0.555555555555556	2	28	0.97
0.5	2	28	0.97
0.409090909090909	2	28	0.97
0.448275862068966	2	28	0.97
0.5	2	28	0.97
0.375	2	28	0.97
0.416666666666667	2	28	0.97
0.545454545454545	2	28	0.97
0.346153846153846	2	28	0.97
0.413793103448276	2	28	0.97
0.416666666666667	2	28	0.97
0.346153846153846	2	28	0.97
0.379310344827586	2	28	0.97
0.633333333333333	2	28	0.97
0.296296296296296	2	28	0.97
0.529411764705882	2	28	0.97
0.34375	2	28	0.97
0.517241379310345	2	28	0.97
0.315789473684211	2	28	0.97
0.481481481481481	2	28	0.97
0.384615384615385	2	28	0.97
0.434782608695652	2	28	0.97
0.371428571428571	2	28	0.97
0.5	2	28	0.97
0.482758620689655	2	28	0.97
0.6	2	28	0.97
0.75	2	28	0.97
0.454545454545455	2	28	0.97
0.5	2	28	0.97
0.5625	2	28	0.97
0.377777777777778	2	28	0.97
0.366666666666667	2	28	0.97
0.259259259259259	2	28	0.97
0.304347826086957	2	28	0.97
0.272727272727273	2	28	0.97
0.473684210526316	2	28	0.97
0.458333333333333	2	28	0.97
0.414634146341463	2	28	0.97
0.407407407407407	2	28	0.97
0.551724137931034	2	28	0.97
0.357142857142857	2	28	0.97
0.545454545454545	2	28	0.97
0.40625	2	28	0.97
0.35	2	28	0.97
0.4375	2	28	0.97
0.433333333333333	2	28	0.97
0.484848484848485	2	28	0.97
0.535714285714286	2	28	0.97
0.52	2	28	0.97
0.363636363636364	2	28	0.97
0.384615384615385	2	28	0.97
0.516129032258065	2	28	0.97
0.294117647058824	2	28	0.97
0.333333333333333	2	28	0.97
0.521739130434783	2	28	0.97
0.454545454545455	2	28	0.97
0.619047619047619	2	28	0.97
0.518518518518518	2	28	0.97
0.5	2	28	0.97
0.333333333333333	2	28	0.97
0.458333333333333	2	28	0.97
0.434782608695652	2	28	0.97
0.303030303030303	2	28	0.97
0.272727272727273	2	28	0.97
0.5	2	28	0.97
0.535714285714286	2	28	0.97
0.466666666666667	2	28	0.97
0.222222222222222	2	28	0.97
0.230769230769231	2	28	0.97
0.333333333333333	2	28	0.97
0.448275862068966	2	28	0.97
0.533333333333333	2	28	0.97
0.761904761904762	2	28	0.97
0.523809523809524	2	28	0.97
0.5	2	28	0.97
0.444444444444444	2	28	0.97
0.424242424242424	2	28	0.97
0.448275862068966	2	28	0.97
0.516129032258065	2	28	0.97
0.515151515151515	2	28	0.97
0.46875	2	28	0.97
0.484848484848485	2	28	0.97
0.484848484848485	2	28	0.97
0.352941176470588	2	28	0.97
0.483870967741935	2	28	0.97
0.368421052631579	2	28	0.97
0.75	2	28	0.97
0.379310344827586	2	28	0.97
0.307692307692308	2	28	0.97
0.518518518518518	2	28	0.97
0.333333333333333	2	28	0.97
0.366666666666667	2	28	0.97
0.35	2	28	0.97
0.40625	2	28	0.97
0.5	2	28	0.97
0.444444444444444	2	28	0.97
0.375	2	28	0.97
0.388888888888889	2	28	0.97
0.48	2	28	0.97
0.518518518518518	2	28	0.97
0.409090909090909	2	28	0.97
0.483870967741935	2	28	0.97
0.533333333333333	2	28	0.97
0.567567567567568	2	28	0.97
0.45	2	28	0.97
0.638888888888889	2	28	0.97
0.4	2	28	0.97
0.538461538461538	2	28	0.97
0.357142857142857	2	28	0.97
0.6	2	28	0.97
0.32	2	28	0.97
0.428571428571429	2	28	0.97
0.413793103448276	2	28	0.97
0.45	2	28	0.97
0.423076923076923	2	28	0.97
0.548387096774194	2	28	0.97
0.576923076923077	2	28	0.97
0.481481481481481	2	28	0.97
0.432432432432432	2	28	0.97
0.485714285714286	2	28	0.97
0.565217391304348	2	28	0.97
0.388888888888889	2	28	0.97
0.382352941176471	2	28	0.97
0.444444444444444	2	28	0.97
0.346153846153846	2	28	0.97
0.434782608695652	2	28	0.97
0.388888888888889	2	28	0.97
0.555555555555556	2	28	0.97
0.434782608695652	2	28	0.97
0.458333333333333	2	28	0.97
0.392857142857143	2	28	0.97
0.578947368421053	2	28	0.97
0.407407407407407	2	28	0.97
0.5	2	28	0.97
0.347826086956522	2	28	0.97
0.583333333333333	2	28	0.97
0.545454545454545	2	28	0.97
0.285714285714286	2	28	0.97
0.514285714285714	2	28	0.97
0.552631578947368	2	28	0.97
0.259259259259259	2	28	0.97
0.307692307692308	2	28	0.97
0.565217391304348	2	28	0.97
0.380952380952381	2	28	0.97
0.75	2	28	0.97
0.434782608695652	2	28	0.97
0.423076923076923	2	28	0.97
0.464285714285714	2	28	0.97
0.64	2	28	0.97
0.703703703703704	2	28	0.97
0.517241379310345	2	28	0.97
0.666666666666667	2	28	0.97
0.448275862068966	2	28	0.97
0.3	2	28	0.97
0.379310344827586	2	28	0.97
0.461538461538462	2	28	0.97
0.548387096774194	2	28	0.97
0.48	2	28	0.97
0.464285714285714	2	28	0.97
0.565217391304348	2	28	0.97
0.488372093023256	2	28	0.97
0.615384615384615	2	28	0.97
0.5	2	28	0.97
0.5	2	28	0.97
0.32	2	28	0.97
0.545454545454545	2	28	0.97
0.428571428571429	2	28	0.97
0.583333333333333	2	28	0.97
0.461538461538462	2	28	0.97
0.518518518518518	2	28	0.97
0.5625	2	28	0.97
0.310344827586207	2	28	0.97
0.551724137931034	2	28	0.97
0.527777777777778	2	28	0.97
0.448275862068966	2	28	0.97
0.470588235294118	2	28	0.97
0.558823529411765	2	28	0.97
0.346153846153846	2	28	0.97
0.333333333333333	2	28	0.97
0.545454545454545	2	28	0.97
0.4	2	28	0.97
0.551724137931034	2	28	0.97
0.25	2	28	0.97
0.5	2	28	0.97
0.472222222222222	2	28	0.97
0.409090909090909	2	28	0.97
0.375	2	28	0.97
0.161290322580645	2	28	0.97
0.441176470588235	2	28	0.97
0.393939393939394	2	28	0.97
0.611111111111111	2	28	0.97
0.485714285714286	2	28	0.97
0.366666666666667	2	28	0.97
0.516129032258065	2	28	0.97
0.421052631578947	2	28	0.97
0.666666666666667	2	28	0.97
0.55	2	28	0.97
0.481481481481481	2	28	0.97
0.633333333333333	2	28	0.97
0.354838709677419	2	28	0.97
0.608695652173913	2	28	0.97
0.535714285714286	2	28	0.97
0.366666666666667	2	28	0.97
0.564102564102564	2	28	0.97
0.533333333333333	2	28	0.97
0.434782608695652	2	28	0.97
0.642857142857143	2	28	0.97
0.5	2	28	0.97
0.451612903225806	2	28	0.97
0.535714285714286	2	28	0.97
0.375	2	28	0.97
0.45	2	28	0.97
0.566666666666667	2	28	0.97
0.457142857142857	2	28	0.97
0.607142857142857	2	28	0.97
0.416666666666667	2	28	0.97
0.428571428571429	2	28	0.97
0.285714285714286	2	28	0.97
0.545454545454545	2	28	0.97
0.611111111111111	2	28	0.97
0.444444444444444	2	28	0.97
0.444444444444444	2	28	0.97
0.478260869565217	2	28	0.97
0.5	2	28	0.97
0.315789473684211	2	28	0.97
0.411764705882353	2	28	0.97
0.5	2	28	0.97
0.533333333333333	2	28	0.97
0.344827586206897	2	28	0.97
0.413793103448276	2	28	0.97
0.351351351351351	2	28	0.97
0.433333333333333	2	28	0.97
0.272727272727273	2	28	0.97
0.428571428571429	2	28	0.97
0.409090909090909	2	28	0.97
0.571428571428571	2	28	0.97
0.515151515151515	2	28	0.97
0.64	2	28	0.97
0.473684210526316	2	28	0.97
0.551724137931034	2	28	0.97
0.425	2	28	0.97
0.5	2	28	0.97
0.714285714285714	2	28	0.97
0.7	2	28	0.97
0.666666666666667	2	28	0.97
0.36734693877551	2	28	0.97
0.565217391304348	2	28	0.97
0.4375	2	28	0.97
0.464285714285714	2	28	0.97
0.529411764705882	2	28	0.97
0.323529411764706	2	28	0.97
0.533333333333333	2	28	0.97
0.483870967741935	2	28	0.97
0.428571428571429	2	28	0.97
0.411764705882353	2	28	0.97
0.269230769230769	2	28	0.97
0.448275862068966	2	28	0.97
0.45	2	28	0.97
0.44	2	28	0.97
0.28	2	28	0.97
0.642857142857143	2	28	0.97
0.517241379310345	2	28	0.97
0.238095238095238	2	28	0.97
0.473684210526316	2	28	0.97
0.454545454545455	2	28	0.97
0.470588235294118	2	28	0.97
0.486486486486487	2	28	0.97
0.428571428571429	2	28	0.97
0.291666666666667	2	28	0.97
0.363636363636364	2	28	0.97
0.205882352941176	2	28	0.97
0.363636363636364	2	28	0.97
0.461538461538462	2	28	0.97
0.517241379310345	2	28	0.97
0.592592592592593	2	28	0.97
0.5	2	28	0.97
0.4	2	28	0.97
0.53125	2	28	0.97
0.5625	2	28	0.97
0.545454545454545	2	28	0.97
0.407407407407407	2	28	0.97
0.568181818181818	2	28	0.97
0.387096774193548	2	28	0.97
0.375	2	28	0.97
0.515151515151515	2	28	0.97
0.533333333333333	2	28	0.97
0.6875	2	28	0.97
0.5	2	28	0.97
0.466666666666667	2	28	0.97
0.413793103448276	2	28	0.97
0.375	2	28	0.97
0.458333333333333	2	28	0.97
0.411764705882353	2	28	0.97
0.576923076923077	2	28	0.97
0.35	2	28	0.97
0.32258064516129	2	28	0.97
0.44	2	28	0.97
0.333333333333333	2	28	0.97
0.551724137931034	2	28	0.97
0.478260869565217	2	28	0.97
0.588235294117647	2	28	0.97
0.428571428571429	2	28	0.97
0.5625	2	28	0.97
0.481481481481481	2	28	0.97
0.44	2	28	0.97
0.333333333333333	2	28	0.97
0.5	2	28	0.97
0.481481481481481	2	28	0.97
0.482758620689655	2	28	0.97
0.392857142857143	2	28	0.97
0.4	2	28	0.97
0.4375	2	28	0.97
0.4	2	28	0.97
0.55	2	28	0.97
0.5	2	28	0.97
0.473684210526316	2	28	0.97
0.619047619047619	2	28	0.97
0.459459459459459	2	28	0.97
0.46875	2	28	0.97
0.466666666666667	2	28	0.97
0.4	2	28	0.97
0.375	2	28	0.97
0.545454545454545	2	28	0.97
0.428571428571429	2	28	0.97
0.473684210526316	2	28	0.97
0.35	2	28	0.97
0.761904761904762	2	28	0.97
0.517241379310345	2	28	0.97
0.458333333333333	2	28	0.97
0.44	2	28	0.97
0.3	2	28	0.97
0.466666666666667	2	28	0.97
0.517241379310345	2	28	0.97
0.45	2	28	0.97
0.392857142857143	2	28	0.97
0.241379310344828	2	28	0.97
0.535714285714286	2	28	0.97
0.633333333333333	2	28	0.97
0.321428571428571	2	28	0.97
0.521739130434783	2	28	0.97
0.260869565217391	2	28	0.97
0.272727272727273	2	28	0.97
0.523809523809524	2	28	0.97
0.5	2	28	0.97
0.433333333333333	2	28	0.97
0.5	2	28	0.97
0.363636363636364	2	28	0.97
0.304347826086957	2	28	0.97
0.447368421052632	2	28	0.97
0.558823529411765	2	28	0.97
0.548387096774194	2	28	0.97
0.5625	2	28	0.97
0.4375	2	28	0.97
0.515151515151515	2	28	0.97
0.5	2	28	0.97
0.590909090909091	2	28	0.97
0.583333333333333	2	28	0.97
0.9	2	28	0.97
0.5	2	28	0.97
0.655172413793103	2	28	0.97
0.416666666666667	2	28	0.97
0.5	2	28	0.97
0.5	2	28	0.97
0.592592592592593	2	28	0.97
0.6	2	28	0.97
0.375	2	28	0.97
0.368421052631579	2	28	0.97
0.571428571428571	2	28	0.97
0.416666666666667	2	28	0.97
0.692307692307692	2	28	0.97
0.53125	2	28	0.97
0.484848484848485	2	28	0.97
0.3	2	28	0.97
0.484848484848485	2	28	0.97
0.434782608695652	2	28	0.97
0.451612903225806	2	28	0.97
0.297297297297297	2	28	0.97
0.5	2	28	0.97
0.545454545454545	2	28	0.97
0.545454545454545	2	28	0.97
0.486486486486487	2	28	0.97
0.424242424242424	2	28	0.97
0.625	2	28	0.97
0.379310344827586	2	28	0.97
0.461538461538462	2	28	0.97
0.482758620689655	2	28	0.97
0.37037037037037	2	28	0.97
0.583333333333333	2	28	0.97
0.592592592592593	2	28	0.97
0.347826086956522	2	28	0.97
0.41025641025641	2	28	0.97
0.514285714285714	2	28	0.97
0.4	2	28	0.97
0.3	2	28	0.97
0.542857142857143	2	28	0.97
0.473684210526316	2	28	0.97
0.5	2	28	0.97
0.5	2	28	0.97
0.578947368421053	2	28	0.97
0.411764705882353	2	28	0.97
0.571428571428571	2	28	0.97
0.37037037037037	2	28	0.97
0.608695652173913	2	28	0.97
0.46875	2	28	0.97
0.263157894736842	2	28	0.97
0.518518518518518	2	28	0.97
0.566666666666667	2	28	0.97
0.545454545454545	2	28	0.97
0.583333333333333	2	28	0.97
0.555555555555556	2	28	0.97
0.404255319148936	2	28	0.97
0.451612903225806	2	28	0.97
0.166666666666667	2	28	0.97
0.571428571428571	2	28	0.97
0.545454545454545	2	28	0.97
0.5	2	28	0.97
0.4	2	28	0.97
0.394736842105263	2	28	0.97
0.588235294117647	2	28	0.97
0.35	2	28	0.97
0.517241379310345	2	28	0.97
0.586206896551724	2	28	0.97
0.447368421052632	2	28	0.97
0.321428571428571	2	28	0.97
0.411764705882353	2	28	0.97
0.388888888888889	2	28	0.97
0.526315789473684	2	28	0.97
0.533333333333333	2	28	0.97
0.4	2	28	0.97
0.444444444444444	2	28	0.97
0.470588235294118	2	28	0.97
0.419354838709677	2	28	0.97
0.414634146341463	2	28	0.97
0.466666666666667	2	28	0.97
0.291666666666667	2	28	0.97
0.555555555555556	2	28	0.97
0.666666666666667	2	28	0.97
0.576923076923077	2	28	0.97
0.40625	2	28	0.97
0.176470588235294	2	28	0.97
0.5	2	28	0.97
0.636363636363636	2	28	0.97
0.352941176470588	2	28	0.97
0.257142857142857	2	28	0.97
0.342105263157895	2	28	0.97
0.431818181818182	2	28	0.97
0.392857142857143	2	28	0.97
0.666666666666667	2	28	0.97
0.372093023255814	2	28	0.97
0.571428571428571	2	28	0.97
0.535714285714286	2	28	0.97
0.419354838709677	2	28	0.97
0.464285714285714	2	28	0.97
0.409090909090909	2	28	0.97
0.588235294117647	2	28	0.97
0.424242424242424	2	28	0.97
0.416666666666667	2	28	0.97
0.444444444444444	2	28	0.97
0.485714285714286	2	28	0.97
0.565217391304348	2	28	0.97
0.387096774193548	2	28	0.97
0.416666666666667	2	28	0.97
0.25	2	28	0.97
0.136363636363636	2	28	0.97
0.4	2	28	0.97
0.391304347826087	2	28	0.97
0.4375	2	28	0.97
0.4	2	28	0.97
0.5	2	28	0.97
0.523809523809524	2	28	0.97
0.464285714285714	2	28	0.97
0.151515151515152	2	28	0.97
0.461538461538462	2	28	0.97
0.585365853658537	2	28	0.97
0.481481481481481	2	28	0.97
0.428571428571429	2	28	0.97
0.5625	2	28	0.97
0.318181818181818	2	28	0.97
0.521739130434783	2	28	0.97
0.605263157894737	2	28	0.97
0.608695652173913	2	28	0.97
0.541666666666667	2	28	0.97
0.538461538461538	2	28	0.97
0.434782608695652	2	28	0.97
0.404761904761905	2	28	0.97
0.518518518518518	2	28	0.97
0.5625	2	28	0.97
0.448275862068966	2	28	0.97
0.590909090909091	2	28	0.97
0.552631578947368	2	28	0.97
0.375	2	28	0.97
0.5	2	28	0.97
0.347826086956522	2	28	0.97
0.461538461538462	2	28	0.97
0.642857142857143	2	28	0.97
0.441176470588235	2	28	0.97
0.6	2	28	0.97
0.291666666666667	2	28	0.97
0.542857142857143	2	28	0.97
0.533333333333333	2	28	0.97
0.571428571428571	2	28	0.97
0.454545454545455	2	28	0.97
0.612903225806452	2	28	0.97
0.518518518518518	2	28	0.97
0.37037037037037	2	28	0.97
0.461538461538462	2	28	0.97
0.352941176470588	2	28	0.97
0.375	2	28	0.97
0.32258064516129	2	28	0.97
0.307692307692308	2	28	0.97
0.37037037037037	2	28	0.97
0.56	2	28	0.97
0.451612903225806	2	28	0.97
0.466666666666667	2	28	0.97
0.392857142857143	2	28	0.97
0.4	2	28	0.97
0.515151515151515	2	28	0.97
0.5	2	28	0.97
0.4	2	28	0.97
0.37037037037037	2	28	0.97
0.393939393939394	2	28	0.97
0.541666666666667	2	28	0.97
0.444444444444444	2	28	0.97
0.478260869565217	2	28	0.97
0.457142857142857	2	28	0.97
0.433333333333333	2	28	0.97
0.4	2	28	0.97
0.535714285714286	2	28	0.97
0.67741935483871	2	28	0.97
0.444444444444444	2	28	0.97
0.35	2	28	0.97
0.413793103448276	2	28	0.97
0.566666666666667	2	28	0.97
0.375	2	28	0.97
0.435897435897436	2	28	0.97
0.517241379310345	2	28	0.97
0.4375	2	28	0.97
0.361111111111111	2	28	0.97
0.521739130434783	2	28	0.97
0.526315789473684	2	28	0.97
0.433333333333333	2	28	0.97
0.48	2	28	0.97
0.451612903225806	2	28	0.97
0.46875	2	28	0.97
0.379310344827586	2	28	0.97
0.333333333333333	2	28	0.97
0.466666666666667	2	28	0.97
0.592592592592593	2	28	0.97
0.782608695652174	2	28	0.97
0.325	2	28	0.97
0.354838709677419	2	28	0.97
0.533333333333333	2	28	0.97
0.379310344827586	2	28	0.97
0.521739130434783	2	28	0.97
0.588235294117647	2	28	0.97
0.5	2	28	0.97
0.379310344827586	2	28	0.97
0.448275862068966	2	28	0.97
0.35	2	28	0.97
0.387096774193548	2	28	0.97
0.34375	2	28	0.97
0.488372093023256	2	28	0.97
0.612903225806452	2	28	0.97
0.612903225806452	2	28	0.97
0.40625	2	28	0.97
0.304347826086957	2	28	0.97
0.560975609756098	2	28	0.97
0.428571428571429	2	28	0.97
0.53125	2	28	0.97
0.464285714285714	2	28	0.97
0.5	2	28	0.97
0.375	2	28	0.97
0.636363636363636	2	28	0.97
0.666666666666667	2	28	0.97
0.307692307692308	2	28	0.97
0.428571428571429	2	28	0.97
0.419354838709677	2	28	0.97
0.636363636363636	2	28	0.97
0.441176470588235	2	28	0.97
0.392857142857143	2	28	0.97
0.56	2	28	0.97
0.393939393939394	2	28	0.97
0.428571428571429	2	28	0.97
0.377777777777778	2	28	0.97
0.517241379310345	2	28	0.97
0.46875	2	28	0.97
0.4	2	28	0.97
0.35	2	28	0.97
0.529411764705882	2	28	0.97
0.375	2	28	0.97
0.375	2	28	0.97
0.583333333333333	2	28	0.97
0.529411764705882	2	28	0.97
0.4	2	28	0.97
0.9	2	28	0.97
0.607142857142857	2	28	0.97
0.416666666666667	2	28	0.97
0.333333333333333	2	28	0.97
0.409090909090909	2	28	0.97
0.541666666666667	2	28	0.97
0.473684210526316	2	28	0.97
0.48	2	28	0.97
0.393939393939394	2	28	0.97
0.413793103448276	2	28	0.97
0.428571428571429	2	28	0.97
0.35	2	28	0.97
0.357142857142857	2	28	0.97
0.416666666666667	2	28	0.97
0.380952380952381	2	28	0.97
0.481481481481481	2	28	0.97
0.321428571428571	2	28	0.97
0.310344827586207	2	28	0.97
0.347826086956522	2	28	0.97
0.352941176470588	2	28	0.97
0.5	2	28	0.97
0.56	2	28	0.97
0.5	2	28	0.97
0.5	2	28	0.97
0.52	2	28	0.97
0.405405405405405	2	28	0.97
0.653846153846154	2	28	0.97
0.625	2	28	0.97
0.344827586206897	2	28	0.97
0.461538461538462	2	28	0.97
0.558823529411765	2	28	0.97
0.24	2	28	0.97
0.478260869565217	2	28	0.97
0.413793103448276	2	28	0.97
0.5	2	28	0.97
0.342857142857143	2	28	0.97
0.5625	2	28	0.97
0.395348837209302	2	28	0.97
0.535714285714286	2	28	0.97
0.416666666666667	2	28	0.97
0.62962962962963	2	28	0.97
0.555555555555556	2	28	0.97
0.432432432432432	2	28	0.97
0.482758620689655	2	28	0.97
0.535714285714286	2	28	0.97
0.535714285714286	2	28	0.97
0.363636363636364	2	28	0.97
0.5	2	28	0.97
0.454545454545455	2	28	0.97
0.517241379310345	2	28	0.97
0.2	2	28	0.97
0.392857142857143	2	28	0.97
0.888888888888889	2	28	0.97
0.484848484848485	2	28	0.97
0.428571428571429	2	28	0.97
0.4	2	28	0.97
0.705882352941177	2	28	0.97
0.454545454545455	2	28	0.97
0.4	2	28	0.97
0.482758620689655	2	28	0.97
0.473684210526316	2	28	0.97
0.416666666666667	2	28	0.97
0.627906976744186	2	28	0.97
0.444444444444444	2	28	0.97
0.5	2	28	0.97
0.647058823529412	2	28	0.97
0.6	2	28	0.97
0.407407407407407	2	28	0.97
0.541666666666667	2	28	0.97
0.46875	2	28	0.97
0.4375	2	28	0.97
0.71875	2	28	0.97
0.411764705882353	2	28	0.97
0.368421052631579	2	28	0.97
0.333333333333333	2	28	0.97
0.45	2	28	0.97
0.310344827586207	2	28	0.97
0.457142857142857	2	28	0.97
0.538461538461538	2	28	0.97
0.645161290322581	2	28	0.97
0.533333333333333	2	28	0.97
0.545454545454545	2	28	0.97
0.485714285714286	2	28	0.97
0.617647058823529	2	28	0.97
0.482758620689655	2	28	0.97
0.425	2	28	0.97
0.521739130434783	2	28	0.97
0.540540540540541	2	28	0.97
0.413793103448276	2	28	0.97
0.433333333333333	2	28	0.97
0.588235294117647	2	28	0.97
0.541666666666667	2	28	0.97
0.357142857142857	2	28	0.97
0.444444444444444	2	28	0.97
0.483870967741935	2	28	0.97
0.5	2	28	0.97
0.382352941176471	2	28	0.97
0.666666666666667	2	28	0.97
0.548387096774194	2	28	0.97
0.333333333333333	2	28	0.97
0.235294117647059	2	28	0.97
0.388888888888889	2	28	0.97
0.485714285714286	2	28	0.97
0.384615384615385	2	28	0.97
0.64	2	28	0.97
0.333333333333333	2	28	0.97
0.48	2	28	0.97
0.409090909090909	2	28	0.97
0.2	2	28	0.97
0.52	2	28	0.97
0.521739130434783	2	28	0.97
0.625	2	28	0.97
0.62962962962963	2	28	0.97
0.444444444444444	2	28	0.97
0.533333333333333	2	28	0.97
0.304347826086957	2	28	0.97
0.48	2	28	0.97
0.44	2	28	0.97
0.548387096774194	2	28	0.97
0.315789473684211	2	28	0.97
0.645161290322581	2	28	0.97
0.333333333333333	2	28	0.97
0.541666666666667	2	28	0.97
0.380952380952381	2	28	0.97
0.454545454545455	2	28	0.97
0.583333333333333	2	28	0.97
0.55	2	28	0.97
0.545454545454545	2	28	0.97
0.482758620689655	2	28	0.97
0.44	2	28	0.97
0.484848484848485	2	28	0.97
0.4	2	28	0.97
0.482758620689655	2	28	0.97
0.518518518518518	2	28	0.97
0.5	2	28	0.97
0.423076923076923	2	28	0.97
0.567567567567568	2	28	0.97
0.44	2	28	0.97
0.375	2	28	0.97
0.533333333333333	2	28	0.97
0.461538461538462	2	28	0.97
0.45	2	28	0.97
0.40625	2	28	0.97
0.483870967741935	2	28	0.97
0.454545454545455	2	28	0.97
0.384615384615385	2	28	0.97
0.514285714285714	2	28	0.97
0.4	2	28	0.97
0.52	2	28	0.97
0.419354838709677	2	28	0.97
0.585365853658537	2	28	0.97
0.448275862068966	2	28	0.97
0.52	2	28	0.97
0.28	2	28	0.97
0.523809523809524	2	28	0.97
0.5	2	28	0.97
0.617647058823529	2	28	0.97
0.48	2	28	0.97
1	2	28	0.97
0.541666666666667	2	28	0.97
0.375	2	28	0.97
0.571428571428571	2	28	0.97
0.666666666666667	2	28	0.97
0.606060606060606	2	28	0.97
0.4	2	28	0.97
0.4	2	28	0.97
0.411764705882353	2	28	0.97
0.333333333333333	2	28	0.97
0.5	2	28	0.97
0.548387096774194	2	28	0.97
0.4375	2	28	0.97
0.472222222222222	2	28	0.97
0.32258064516129	2	28	0.97
0.628571428571429	2	28	0.97
0.481481481481481	2	28	0.97
0.411764705882353	2	28	0.97
0.176470588235294	2	28	0.97
0.375	2	28	0.97
0.470588235294118	2	28	0.97
0.4	2	28	0.97
0.333333333333333	2	28	0.97
0.473684210526316	2	28	0.97
0.423076923076923	2	28	0.97
0.142857142857143	2	28	0.97
0.448275862068966	2	28	0.97
0.525	2	28	0.97
0.44	2	28	0.97
0.4	2	28	0.97
0.344827586206897	2	28	0.97
0.722222222222222	2	28	0.97
0.285714285714286	2	28	0.97
0.615384615384615	2	28	0.97
0.483870967741935	2	28	0.97
0.272727272727273	2	28	0.97
0.434782608695652	2	28	0.97
0.542857142857143	2	28	0.97
0.535714285714286	2	28	0.97
0.545454545454545	2	28	0.97
0.485714285714286	2	28	0.97
0.405405405405405	2	28	0.97
0.555555555555556	2	28	0.97
0.611111111111111	2	28	0.97
0.517241379310345	2	28	0.97
0.947368421052632	2	28	0.97
0.37037037037037	2	28	0.97
0.5	2	28	0.97
0.517241379310345	2	28	0.97
0.5	2	28	0.97
0.714285714285714	2	28	0.97
0.384615384615385	2	28	0.97
0.517241379310345	2	28	0.97
1	2	28	0.97
0.32	2	28	0.97
0.346153846153846	2	28	0.97
0.347826086956522	2	28	0.97
0.523809523809524	2	28	0.97
0.375	2	28	0.97
0.464285714285714	2	28	0.97
0.407407407407407	2	28	0.97
0.552631578947368	2	28	0.97
0.375	2	28	0.97
0.375	2	28	0.97
0.5	2	28	0.97
0.529411764705882	2	28	0.97
0.56	2	28	0.97
0.393939393939394	2	28	0.97
0.466666666666667	2	28	0.97
0.379310344827586	2	28	0.97
0.46875	2	28	0.97
0.75	2	28	0.97
0.4375	2	28	0.97
0.428571428571429	2	28	0.97
0.52	2	28	0.97
0.666666666666667	2	28	0.97
0.333333333333333	2	28	0.97
1	2	28	0.97
0.388888888888889	2	28	0.97
0.392857142857143	2	28	0.97
0.392857142857143	2	28	0.97
0.321428571428571	2	28	0.97
0.5	2	28	0.97
0.529411764705882	2	28	0.97
0.545454545454545	2	28	0.97
0.576923076923077	2	28	0.97
0.419354838709677	2	28	0.97
0.5	2	28	0.97
0.647058823529412	2	28	0.97
0.48	2	28	0.97
0.4	2	28	0.97
0.444444444444444	2	28	0.97
0.32258064516129	2	28	0.97
0.457142857142857	2	28	0.97
0.241379310344828	2	28	0.97
0.347826086956522	2	28	0.97
0.6	2	28	0.97
0.482758620689655	2	28	0.97
0.363636363636364	2	28	0.97
0.461538461538462	2	28	0.97
0.482758620689655	2	28	0.97
0.428571428571429	2	28	0.97
0.533333333333333	2	28	0.97
0.333333333333333	2	28	0.97
0.260869565217391	2	28	0.97
0.25	2	28	0.97
0.555555555555556	2	28	0.97
0.576923076923077	2	28	0.97
0.482758620689655	2	28	0.97
0.666666666666667	2	28	0.97
0.55	2	28	0.97
0.5	2	28	0.97
0.545454545454545	2	28	0.97
0.433333333333333	2	28	0.97
0.432432432432432	2	28	0.97
0.341463414634146	2	28	0.97
0.583333333333333	2	28	0.97
0.421052631578947	2	28	0.97
0.375	2	28	0.97
0.45	2	28	0.97
0.485714285714286	2	28	0.97
0.4	2	28	0.97
0.357142857142857	2	28	0.97
0.416666666666667	2	28	0.97
0.472222222222222	2	28	0.97
0.346153846153846	2	28	0.97
0.392857142857143	2	28	0.97
0.352941176470588	2	28	0.97
0.48780487804878	2	28	0.97
0.416666666666667	2	28	0.97
0.655172413793103	2	28	0.97
0.538461538461538	2	28	0.97
0.391304347826087	2	28	0.97
0.461538461538462	2	28	0.97
0.615384615384615	2	28	0.97
0.5	2	28	0.97
0.423076923076923	2	28	0.97
0.464285714285714	2	28	0.97
0.363636363636364	2	28	0.97
0.514285714285714	2	28	0.97
0.416666666666667	2	28	0.97
0.392857142857143	2	28	0.97
0.333333333333333	2	28	0.97
0.470588235294118	2	28	0.97
0.571428571428571	2	28	0.97
0.296296296296296	2	28	0.97
0.473684210526316	2	28	0.97
0.631578947368421	2	28	0.97
0.454545454545455	2	28	0.97
0.363636363636364	2	28	0.97
0.545454545454545	2	28	0.97
0.444444444444444	2	28	0.97
0.407407407407407	2	28	0.97
0.611111111111111	2	28	0.97
0.565217391304348	2	28	0.97
0.407407407407407	2	28	0.97
0.5	2	28	0.97
0.375	2	28	0.97
0.3	2	28	0.97
0.764705882352941	2	28	0.97
0.303030303030303	2	28	0.97
0.5	2	28	0.97
0.533333333333333	2	28	0.97
0.625	2	28	0.97
0.5	2	28	0.97
0.56	2	28	0.97
0.411764705882353	2	28	0.97
0.5	2	28	0.97
0.6	2	28	0.97
0.428571428571429	2	28	0.97
0.454545454545455	2	28	0.97
0.5	2	28	0.97
0.454545454545455	2	28	0.97
0.551724137931034	2	28	0.97
0.307692307692308	2	28	0.97
0.45	2	28	0.97
0.307692307692308	2	28	0.97
0.652173913043478	2	28	0.97
0.444444444444444	2	28	0.97
0.615384615384615	2	28	0.97
0.478260869565217	2	28	0.97
0.6	2	28	0.97
0.388888888888889	2	28	0.97
0.46875	2	28	0.97
0.4	2	28	0.97
0.517241379310345	2	28	0.97
0.407407407407407	2	28	0.97
0.5	2	28	0.97
0.46875	2	28	0.97
0.461538461538462	2	28	0.97
0.37037037037037	2	28	0.97
0.315789473684211	2	28	0.97
0.473684210526316	2	28	0.97
0.464285714285714	2	28	0.97
0.40625	2	28	0.97
0.375	2	28	0.97
0.4	2	28	0.97
0.5	2	28	0.97
0.428571428571429	2	28	0.97
0.32	2	28	0.97
0.32	2	28	0.97
0.409090909090909	2	28	0.97
0.5	2	28	0.97
0.36	2	28	0.97
0.631578947368421	2	28	0.97
0.368421052631579	2	28	0.97
0.421052631578947	2	28	0.97
0.476190476190476	2	28	0.97
0.521739130434783	2	28	0.97
0.318181818181818	2	28	0.97
0.472222222222222	2	28	0.97
0.357142857142857	2	28	0.97
0.333333333333333	2	28	0.97
0.583333333333333	2	28	0.97
0.571428571428571	2	28	0.97
0.458333333333333	2	28	0.97
0.636363636363636	2	28	0.97
0.48780487804878	2	28	0.97
0.548387096774194	2	28	0.97
0.6	2	28	0.97
0.5625	2	28	0.97
0.523809523809524	2	28	0.97
0.571428571428571	2	28	0.97
0.357142857142857	2	28	0.97
0.387096774193548	2	28	0.97
0.857142857142857	2	28	0.97
0.857142857142857	2	28	0.97
0.333333333333333	2	28	0.97
0.65	2	28	0.97
0.653846153846154	2	28	0.97
0.545454545454545	2	28	0.97
0.419354838709677	2	28	0.97
0.484848484848485	2	28	0.97
0.6	2	28	0.97
0.515151515151515	2	28	0.97
0.608695652173913	2	28	0.97
0.580645161290323	2	28	0.97
0.681818181818182	2	28	0.97
0.36	2	28	0.97
0.466666666666667	2	28	0.97
0.411764705882353	2	28	0.97
0.523809523809524	2	28	0.97
0.709677419354839	2	28	0.97
0.607142857142857	2	28	0.97
0.565217391304348	2	28	0.97
0.481481481481481	2	28	0.97
0.423076923076923	2	28	0.97
0.333333333333333	2	28	0.97
0.5	2	28	0.97
0.434782608695652	2	28	0.97
0.363636363636364	2	28	0.97
0.481481481481481	2	28	0.97
0.5	2	28	0.97
0.21875	2	28	0.97
0.6	2	28	0.97
0.433333333333333	2	28	0.97
0.592592592592593	2	28	0.97
0.514285714285714	2	28	0.97
0.454545454545455	2	28	0.97
0.380952380952381	2	28	0.97
0.41025641025641	2	28	0.97
0.5	2	28	0.97
0.333333333333333	2	28	0.97
0.41025641025641	2	28	0.97
0.461538461538462	2	28	0.97
0.368421052631579	2	28	0.97
0.48	2	28	0.97
0.32258064516129	2	28	0.97
0.375	2	28	0.97
0.571428571428571	2	28	0.97
0.411764705882353	2	28	0.97
0.6	2	28	0.97
0.464285714285714	2	28	0.97
0.571428571428571	2	28	0.97
0.428571428571429	2	28	0.97
0.4	2	28	0.97
0.8	2	28	0.97
0.470588235294118	2	28	0.97
0.551724137931034	2	28	0.97
0.5	2	28	0.97
0.242424242424242	2	28	0.97
0.481481481481481	2	28	0.97
0.535714285714286	2	28	0.97
0.387096774193548	2	28	0.97
0.34375	2	28	0.97
0.666666666666667	2	28	0.97
0.3	2	28	0.97
0.444444444444444	2	28	0.97
0.516129032258065	2	28	0.97
0.535714285714286	2	28	0.97
0.45	2	28	0.97
0.409090909090909	2	28	0.97
0.545454545454545	2	28	0.97
0.3125	2	28	0.97
0.470588235294118	2	28	0.97
0.363636363636364	2	28	0.97
0.368421052631579	2	28	0.97
0.514285714285714	2	28	0.97
0.458333333333333	2	28	0.97
0.5	2	28	0.97
0.583333333333333	2	28	0.97
0.315789473684211	2	28	0.97
0.416666666666667	2	28	0.97
0.444444444444444	2	28	0.97
0.432432432432432	2	28	0.97
0.375	2	28	0.97
0.5	2	28	0.97
0.368421052631579	2	28	0.97
0.428571428571429	2	28	0.97
0.533333333333333	2	28	0.97
0.46875	3	41	0.97
0.285714285714286	3	41	0.97
0.447368421052632	3	41	0.97
0.361702127659574	3	41	0.97
0.194444444444444	3	41	0.97
0.333333333333333	3	41	0.97
0.234042553191489	3	41	0.97
0.313725490196078	3	41	0.97
0.372549019607843	3	41	0.97
0.651162790697674	3	41	0.97
0.317073170731707	3	41	0.97
0.255813953488372	3	41	0.97
0.25	3	41	0.97
0.192307692307692	3	41	0.97
0.551724137931034	3	41	0.97
0.25	3	41	0.97
0.333333333333333	3	41	0.97
0.463414634146341	3	41	0.97
0.297872340425532	3	41	0.97
0.320754716981132	3	41	0.97
0.294117647058824	3	41	0.97
0.365853658536585	3	41	0.97
0.325581395348837	3	41	0.97
0.342105263157895	3	41	0.97
0.536585365853659	3	41	0.97
0.344827586206897	3	41	0.97
0.24	3	41	0.97
0.444444444444444	3	41	0.97
0.275	3	41	0.97
0.375	3	41	0.97
0.393939393939394	3	41	0.97
0.254545454545455	3	41	0.97
0.451612903225806	3	41	0.97
0.363636363636364	3	41	0.97
0.351851851851852	3	41	0.97
0.347826086956522	3	41	0.97
0.294117647058824	3	41	0.97
0.404255319148936	3	41	0.97
0.235294117647059	3	41	0.97
0.314285714285714	3	41	0.97
0.276595744680851	3	41	0.97
0.291666666666667	3	41	0.97
0.425925925925926	3	41	0.97
0.270833333333333	3	41	0.97
0.35	3	41	0.97
0.27027027027027	3	41	0.97
0.25	3	41	0.97
0.636363636363636	3	41	0.97
0.315789473684211	3	41	0.97
0.5	3	41	0.97
0.611111111111111	3	41	0.97
0.255813953488372	3	41	0.97
0.193548387096774	3	41	0.97
0.263157894736842	3	41	0.97
0.333333333333333	3	41	0.97
0.217391304347826	3	41	0.97
0.346153846153846	3	41	0.97
0.227272727272727	3	41	0.97
0.292682926829268	3	41	0.97
0.285714285714286	3	41	0.97
0.270833333333333	3	41	0.97
0.261904761904762	3	41	0.97
0.319148936170213	3	41	0.97
0.210526315789474	3	41	0.97
0.307692307692308	3	41	0.97
0.333333333333333	3	41	0.97
0.295454545454545	3	41	0.97
0.45	3	41	0.97
0.361111111111111	3	41	0.97
0.241379310344828	3	41	0.97
0.166666666666667	3	41	0.97
0.275	3	41	0.97
0.372093023255814	3	41	0.97
0.30188679245283	3	41	0.97
0.395348837209302	3	41	0.97
0.375	3	41	0.97
0.25	3	41	0.97
0.355555555555556	3	41	0.97
0.348837209302326	3	41	0.97
0.428571428571429	3	41	0.97
0.282608695652174	3	41	0.97
0.347826086956522	3	41	0.97
0.390243902439024	3	41	0.97
0.675675675675676	3	41	0.97
0.32	3	41	0.97
0.288461538461538	3	41	0.97
0.547619047619048	3	41	0.97
0.318181818181818	3	41	0.97
0.654545454545455	3	41	0.97
0.444444444444444	3	41	0.97
0.282051282051282	3	41	0.97
0.2	3	41	0.97
0.333333333333333	3	41	0.97
0.5	3	41	0.97
0.266666666666667	3	41	0.97
0.0967741935483871	3	41	0.97
0.346938775510204	3	41	0.97
0.347826086956522	3	41	0.97
0.763157894736842	3	41	0.97
0.32	3	41	0.97
0.298245614035088	3	41	0.97
0.340909090909091	3	41	0.97
0.233333333333333	3	41	0.97
0.285714285714286	3	41	0.97
0.315789473684211	3	41	0.97
0.267857142857143	3	41	0.97
0.266666666666667	3	41	0.97
0.694444444444444	3	41	0.97
0.35	3	41	0.97
0.243243243243243	3	41	0.97
0.325581395348837	3	41	0.97
0.319148936170213	3	41	0.97
0.365853658536585	3	41	0.97
0.53125	3	41	0.97
0.333333333333333	3	41	0.97
0.306122448979592	3	41	0.97
0.242424242424242	3	41	0.97
0.411764705882353	3	41	0.97
0.375	3	41	0.97
0.206896551724138	3	41	0.97
0.4	3	41	0.97
0.27027027027027	3	41	0.97
0.320754716981132	3	41	0.97
0.481481481481481	3	41	0.97
0.392156862745098	3	41	0.97
0.24390243902439	3	41	0.97
0.12280701754386	3	41	0.97
0.272727272727273	3	41	0.97
0.285714285714286	3	41	0.97
0.196428571428571	3	41	0.97
0.391304347826087	3	41	0.97
0.348837209302326	3	41	0.97
0.268292682926829	3	41	0.97
0.304347826086957	3	41	0.97
0.272727272727273	3	41	0.97
0.30952380952381	3	41	0.97
0.38	3	41	0.97
0.35	3	41	0.97
0.285714285714286	3	41	0.97
0.375	3	41	0.97
0.320754716981132	3	41	0.97
0.266666666666667	3	41	0.97
0.277777777777778	3	41	0.97
0.348837209302326	3	41	0.97
0.422222222222222	3	41	0.97
0.306122448979592	3	41	0.97
0.277777777777778	3	41	0.97
0.425	3	41	0.97
0.317073170731707	3	41	0.97
0.256410256410256	3	41	0.97
0.407407407407407	3	41	0.97
0.254901960784314	3	41	0.97
0.363636363636364	3	41	0.97
0.404761904761905	3	41	0.97
0.380952380952381	3	41	0.97
0.218181818181818	3	41	0.97
0.3	3	41	0.97
0.363636363636364	3	41	0.97
0.346153846153846	3	41	0.97
0.466666666666667	3	41	0.97
0.419354838709677	3	41	0.97
0.307692307692308	3	41	0.97
0.552631578947368	3	41	0.97
0.5	3	41	0.97
0.227272727272727	3	41	0.97
0.292682926829268	3	41	0.97
0.53448275862069	3	41	0.97
0.277777777777778	3	41	0.97
0.30952380952381	3	41	0.97
0.313725490196078	3	41	0.97
0.5	3	41	0.97
0.388888888888889	3	41	0.97
0.333333333333333	3	41	0.97
0.325	3	41	0.97
0.466666666666667	3	41	0.97
0.342857142857143	3	41	0.97
0.652173913043478	3	41	0.97
0.166666666666667	3	41	0.97
0.45	3	41	0.97
0.405405405405405	3	41	0.97
0.461538461538462	3	41	0.97
0.526315789473684	3	41	0.97
0.238095238095238	3	41	0.97
0.290322580645161	3	41	0.97
0.234042553191489	3	41	0.97
0.234042553191489	3	41	0.97
0.212765957446809	3	41	0.97
0.282608695652174	3	41	0.97
0.341463414634146	3	41	0.97
0.260869565217391	3	41	0.97
0.28125	3	41	0.97
0.229166666666667	3	41	0.97
0.234042553191489	3	41	0.97
0.436363636363636	3	41	0.97
0.354838709677419	3	41	0.97
0.355555555555556	3	41	0.97
0.463414634146341	3	41	0.97
0.470588235294118	3	41	0.97
0.368421052631579	3	41	0.97
0.608695652173913	3	41	0.97
