VAF	CN	avg.depth	purity
0.571428571428571	1	21	0.96
0.6875	1	21	0.96
0.291666666666667	1	21	0.96
0.5	1	21	0.96
0.785714285714286	1	21	0.96
0.230769230769231	1	21	0.96
0.555555555555556	1	21	0.96
0.391304347826087	1	21	0.96
1	1	21	0.96
0.6	1	21	0.96
0.333333333333333	1	21	0.96
0.523809523809524	1	21	0.96
0.294117647058824	1	21	0.96
0.346153846153846	1	21	0.96
0.333333333333333	1	21	0.96
0.4	1	21	0.96
0.275862068965517	1	21	0.96
0.318181818181818	1	21	0.96
0.5	1	21	0.96
0.291666666666667	1	21	0.96
0.5	1	21	0.96
0.65	1	21	0.96
0.952380952380952	1	21	0.96
0.5	1	21	0.96
0.315789473684211	1	21	0.96
1	1	21	0.96
0.428571428571429	1	21	0.96
0.576923076923077	1	21	0.96
0.444444444444444	1	21	0.96
0.421052631578947	1	21	0.96
0.6	1	21	0.96
0.578947368421053	1	21	0.96
0.448275862068966	1	21	0.96
0.92	1	21	0.96
0.407407407407407	1	21	0.96
0.565217391304348	1	21	0.96
0.434782608695652	1	21	0.96
0.333333333333333	1	21	0.96
1	1	21	0.96
0.36	1	21	0.96
0.5	1	21	0.96
0.631578947368421	1	21	0.96
0.157894736842105	1	21	0.96
0.428571428571429	1	21	0.96
0.3	1	21	0.96
0.46875	1	21	0.96
0.473684210526316	1	21	0.96
0.314285714285714	2	42	0.96
0.21875	2	42	0.96
0.193548387096774	2	42	0.96
0.170731707317073	2	42	0.96
0.160714285714286	2	42	0.96
0.387755102040816	2	42	0.96
0.196078431372549	2	42	0.96
0.27027027027027	2	42	0.96
0.291666666666667	2	42	0.96
0.191489361702128	2	42	0.96
0.48936170212766	2	42	0.96
0.152173913043478	2	42	0.96
0.193548387096774	2	42	0.96
0.441860465116279	2	42	0.96
0.238095238095238	2	42	0.96
0.361111111111111	2	42	0.96
0.163265306122449	2	42	0.96
0.340909090909091	2	42	0.96
0.290909090909091	2	42	0.96
0.227272727272727	2	42	0.96
0.439024390243902	2	42	0.96
0.135593220338983	2	42	0.96
0.28	2	42	0.96
0.128205128205128	2	42	0.96
0.341463414634146	2	42	0.96
0.240740740740741	2	42	0.96
0.294117647058824	2	42	0.96
0.4375	2	42	0.96
0.3	2	42	0.96
0.189189189189189	2	42	0.96
0.185185185185185	2	42	0.96
0.268292682926829	2	42	0.96
0.166666666666667	2	42	0.96
0.215384615384615	2	42	0.96
0.145833333333333	2	42	0.96
0.30952380952381	2	42	0.96
0.145833333333333	2	42	0.96
0.469387755102041	2	42	0.96
0.162790697674419	2	42	0.96
0.46	2	42	0.96
0.333333333333333	2	42	0.96
0.285714285714286	2	42	0.96
0.203703703703704	2	42	0.96
0.296296296296296	2	42	0.96
0.2	2	42	0.96
0.227272727272727	2	42	0.96
0.307692307692308	2	42	0.96
0.2	2	42	0.96
0.26530612244898	2	42	0.96
0.130434782608696	2	42	0.96
0.155555555555556	2	42	0.96
0.563636363636364	2	42	0.96
0.256410256410256	2	42	0.96
0.15625	2	42	0.96
0.296296296296296	2	42	0.96
0.245901639344262	2	42	0.96
0.48780487804878	2	42	0.96
0.58	2	42	0.96
0.137931034482759	2	42	0.96
0.137931034482759	2	42	0.96
0.487179487179487	2	42	0.96
0.157894736842105	2	42	0.96
0.133333333333333	2	42	0.96
0.254545454545455	2	42	0.96
0.21875	2	42	0.96
0.222222222222222	2	42	0.96
0.411764705882353	2	42	0.96
0.377358490566038	2	42	0.96
0.32258064516129	2	42	0.96
0.159090909090909	2	42	0.96
0.258064516129032	2	42	0.96
0.384615384615385	2	42	0.96
0.216216216216216	2	42	0.96
0.25	2	42	0.96
0.25	2	42	0.96
0.214285714285714	2	42	0.96
0.177777777777778	2	42	0.96
0.25	2	42	0.96
0.166666666666667	2	42	0.96
0.217391304347826	2	42	0.96
0.269230769230769	2	42	0.96
0.210526315789474	2	42	0.96
0.357142857142857	2	42	0.96
0.108695652173913	2	42	0.96
0.326086956521739	2	42	0.96
0.294117647058824	2	42	0.96
0.297872340425532	2	42	0.96
0.305555555555556	2	42	0.96
0.311111111111111	2	42	0.96
0.234042553191489	2	42	0.96
0.205128205128205	2	42	0.96
0.22	2	42	0.96
0.355555555555556	2	42	0.96
0.533333333333333	2	42	0.96
0.222222222222222	2	42	0.96
0.113636363636364	2	42	0.96
0.181818181818182	2	42	0.96
0.19047619047619	2	42	0.96
0.219512195121951	2	42	0.96
0.333333333333333	2	42	0.96
0.210526315789474	2	42	0.96
0.145833333333333	2	42	0.96
0.275	2	42	0.96
0.152173913043478	2	42	0.96
0.58974358974359	2	42	0.96
0.45	2	42	0.96
0.184210526315789	2	42	0.96
0.375	2	42	0.96
0.2	2	42	0.96
0.261904761904762	2	42	0.96
0.263157894736842	2	42	0.96
0.45	2	42	0.96
0.3125	2	42	0.96
0.333333333333333	2	42	0.96
0.269230769230769	2	42	0.96
0.227272727272727	2	42	0.96
0.146341463414634	2	42	0.96
0.140845070422535	2	42	0.96
0.305555555555556	2	42	0.96
0.480769230769231	2	42	0.96
0.130434782608696	2	42	0.96
0.3125	2	42	0.96
0.271186440677966	2	42	0.96
0.228571428571429	2	42	0.96
0.203389830508475	2	42	0.96
0.317073170731707	2	42	0.96
0.219512195121951	2	42	0.96
0.145454545454545	2	42	0.96
0.261904761904762	2	42	0.96
0.285714285714286	2	42	0.96
0.2	2	42	0.96
0.216216216216216	2	42	0.96
0.148936170212766	2	42	0.96
0.285714285714286	2	42	0.96
0.210526315789474	2	42	0.96
0.229166666666667	2	42	0.96
0.259259259259259	2	42	0.96
0.260869565217391	2	42	0.96
0.235294117647059	2	42	0.96
0.2	2	42	0.96
0.307692307692308	2	42	0.96
0.525423728813559	2	42	0.96
0.433333333333333	2	42	0.96
0.145833333333333	2	42	0.96
0.272727272727273	2	42	0.96
0.189189189189189	2	42	0.96
0.333333333333333	2	42	0.96
0.25	2	42	0.96
0.326086956521739	2	42	0.96
0.176470588235294	2	42	0.96
0.390243902439024	2	42	0.96
0.405405405405405	2	42	0.96
0.24	2	42	0.96
0.211538461538462	2	42	0.96
0.166666666666667	2	42	0.96
1	2	42	0.96
0.5	2	42	0.96
0.166666666666667	2	42	0.96
0.195121951219512	2	42	0.96
0.217391304347826	2	42	0.96
0.341463414634146	2	42	0.96
0.166666666666667	2	42	0.96
0.217391304347826	2	42	0.96
0.27906976744186	2	42	0.96
0.432432432432432	2	42	0.96
0.292682926829268	2	42	0.96
0.256410256410256	2	42	0.96
0.166666666666667	2	42	0.96
0.263157894736842	2	42	0.96
0.222222222222222	2	42	0.96
0.547619047619048	2	42	0.96
0.178571428571429	2	42	0.96
0.166666666666667	2	42	0.96
0.555555555555556	2	42	0.96
0.146341463414634	2	42	0.96
0.333333333333333	2	42	0.96
0.162162162162162	2	42	0.96
0.234042553191489	2	42	0.96
0.184210526315789	2	42	0.96
0.27027027027027	2	42	0.96
0.148148148148148	2	42	0.96
0.222222222222222	2	42	0.96
0.173913043478261	2	42	0.96
0.342105263157895	2	42	0.96
0.176470588235294	2	42	0.96
0.275862068965517	2	42	0.96
0.230769230769231	2	42	0.96
0.318181818181818	2	42	0.96
0.239130434782609	2	42	0.96
0.2	2	42	0.96
0.289473684210526	2	42	0.96
0.3	2	42	0.96
0.478260869565217	2	42	0.96
0.24390243902439	2	42	0.96
0.1875	2	42	0.96
0.203703703703704	2	42	0.96
0.333333333333333	2	42	0.96
0.222222222222222	2	42	0.96
0.236363636363636	2	42	0.96
0.25	2	42	0.96
0.382978723404255	2	42	0.96
0.4	2	42	0.96
0.576923076923077	2	42	0.96
0.363636363636364	2	42	0.96
0.184210526315789	2	42	0.96
0.209302325581395	2	42	0.96
0.133333333333333	2	42	0.96
0.175	2	42	0.96
0.454545454545455	2	42	0.96
0.260869565217391	2	42	0.96
0.297872340425532	2	42	0.96
0.170731707317073	2	42	0.96
0.256410256410256	2	42	0.96
0.294117647058824	2	42	0.96
0.185185185185185	2	42	0.96
0.307692307692308	2	42	0.96
0.160714285714286	2	42	0.96
0.585365853658537	2	42	0.96
0.298245614035088	2	42	0.96
0.296296296296296	2	42	0.96
0.25	2	42	0.96
0.222222222222222	2	42	0.96
0.285714285714286	2	42	0.96
0.214285714285714	2	42	0.96
0.189189189189189	2	42	0.96
0.162790697674419	2	42	0.96
0.204545454545455	2	42	0.96
0.230769230769231	2	42	0.96
0.175	2	42	0.96
0.275	2	42	0.96
0.511627906976744	2	42	0.96
0.191489361702128	2	42	0.96
0.195121951219512	2	42	0.96
0.219512195121951	2	42	0.96
0.617647058823529	2	42	0.96
0.15	2	42	0.96
0.205882352941176	2	42	0.96
0.195121951219512	2	42	0.96
0.272727272727273	2	42	0.96
0.256410256410256	2	42	0.96
0.166666666666667	2	42	0.96
0.222222222222222	2	42	0.96
0.236842105263158	2	42	0.96
0.32	2	42	0.96
0.255813953488372	2	42	0.96
0.244897959183673	2	42	0.96
0.183673469387755	2	42	0.96
0.372093023255814	2	42	0.96
0.297297297297297	2	42	0.96
0.212765957446809	2	42	0.96
0.192307692307692	2	42	0.96
0.256410256410256	2	42	0.96
0.490196078431373	2	42	0.96
0.264705882352941	2	42	0.96
0.292682926829268	2	42	0.96
0.170731707317073	2	42	0.96
0.2	2	42	0.96
0.4	2	42	0.96
0.509803921568627	2	42	0.96
0.292682926829268	2	42	0.96
0.161290322580645	2	42	0.96
0.290909090909091	2	42	0.96
0.206349206349206	2	42	0.96
0.346938775510204	2	42	0.96
0.170731707317073	2	42	0.96
0.138888888888889	2	42	0.96
0.26	2	42	0.96
0.137931034482759	2	42	0.96
0.333333333333333	2	42	0.96
0.19047619047619	2	42	0.96
0.465116279069767	2	42	0.96
0.225	2	42	0.96
0.456521739130435	2	42	0.96
0.358974358974359	2	42	0.96
0.2	2	42	0.96
0.404255319148936	2	42	0.96
0.277777777777778	2	42	0.96
0.24390243902439	2	42	0.96
0.4375	2	42	0.96
0.282051282051282	2	42	0.96
0.2	2	42	0.96
0.195652173913043	2	42	0.96
0.212121212121212	2	42	0.96
0.142857142857143	2	42	0.96
0.263157894736842	2	42	0.96
0.194444444444444	2	42	0.96
0.263157894736842	2	42	0.96
0.157894736842105	2	42	0.96
0.268292682926829	2	42	0.96
0.212765957446809	2	42	0.96
0.272727272727273	2	42	0.96
0.179487179487179	2	42	0.96
0.277777777777778	2	42	0.96
0.116279069767442	2	42	0.96
0.2	2	42	0.96
0.4	2	42	0.96
0.5	2	42	0.96
0.2	2	42	0.96
0.266666666666667	2	42	0.96
0.176470588235294	2	42	0.96
0.242424242424242	2	42	0.96
0.203703703703704	2	42	0.96
0.263157894736842	2	42	0.96
0.166666666666667	2	42	0.96
0.230769230769231	2	42	0.96
0.375	2	42	0.96
0.302325581395349	2	42	0.96
0.260869565217391	2	42	0.96
0.272727272727273	2	42	0.96
0.224489795918367	2	42	0.96
0.605263157894737	2	42	0.96
0.448979591836735	2	42	0.96
0.189189189189189	2	42	0.96
0.48	2	42	0.96
0.218181818181818	2	42	0.96
0.195652173913043	2	42	0.96
0.205882352941176	2	42	0.96
0.212765957446809	2	42	0.96
0.351351351351351	2	42	0.96
0.162162162162162	2	42	0.96
0.125	2	42	0.96
0.461538461538462	2	42	0.96
0.270833333333333	2	42	0.96
0.418604651162791	2	42	0.96
0.152173913043478	2	42	0.96
0.186046511627907	2	42	0.96
0.272727272727273	2	42	0.96
0.244897959183673	2	42	0.96
0.191780821917808	2	42	0.96
0.28125	2	42	0.96
0.409090909090909	2	42	0.96
0.488888888888889	2	42	0.96
0.227272727272727	2	42	0.96
0.127659574468085	2	42	0.96
0.30188679245283	2	42	0.96
0.346153846153846	2	42	0.96
0.238095238095238	2	42	0.96
0.431034482758621	2	42	0.96
0.36	2	42	0.96
0.446808510638298	2	42	0.96
0.25	2	42	0.96
0.222222222222222	2	42	0.96
0.326923076923077	2	42	0.96
0.222222222222222	2	42	0.96
0.324324324324324	2	42	0.96
0.179487179487179	2	42	0.96
0.205882352941176	2	42	0.96
0.285714285714286	2	42	0.96
0.40625	2	42	0.96
0.275	2	42	0.96
0.137254901960784	2	42	0.96
0.24	2	42	0.96
0.232558139534884	2	42	0.96
0.2	2	42	0.96
0.339622641509434	2	42	0.96
0.325	2	42	0.96
0.178571428571429	2	42	0.96
0.162162162162162	2	42	0.96
0.166666666666667	2	42	0.96
0.5	2	42	0.96
0.404761904761905	2	42	0.96
0.267857142857143	2	42	0.96
0.470588235294118	2	42	0.96
0.25	2	42	0.96
0.163265306122449	2	42	0.96
0.25	2	42	0.96
0.3	2	42	0.96
0.259259259259259	2	42	0.96
0.543478260869565	2	42	0.96
0.222222222222222	2	42	0.96
0.127659574468085	2	42	0.96
0.230769230769231	2	42	0.96
0.333333333333333	2	42	0.96
0.244897959183673	2	42	0.96
0.170731707317073	2	42	0.96
0.173913043478261	2	42	0.96
0.289473684210526	2	42	0.96
0.211538461538462	2	42	0.96
0.458333333333333	2	42	0.96
0.296296296296296	2	42	0.96
0.264705882352941	2	42	0.96
0.375	2	42	0.96
0.186440677966102	2	42	0.96
0.208333333333333	2	42	0.96
0.409090909090909	2	42	0.96
0.254901960784314	2	42	0.96
0.256410256410256	2	42	0.96
0.219512195121951	2	42	0.96
0.580645161290323	2	42	0.96
0.189189189189189	2	42	0.96
0.181818181818182	2	42	0.96
0.166666666666667	2	42	0.96
0.295081967213115	2	42	0.96
0.448275862068966	2	42	0.96
0.244444444444444	2	42	0.96
0.264150943396226	2	42	0.96
0.264150943396226	2	42	0.96
0.594594594594595	2	42	0.96
0.233333333333333	2	42	0.96
0.40625	2	42	0.96
0.26984126984127	2	42	0.96
0.46031746031746	2	42	0.96
0.4	2	42	0.96
0.348837209302326	2	42	0.96
0.282608695652174	2	42	0.96
0.211538461538462	2	42	0.96
0.228571428571429	2	42	0.96
0.148148148148148	2	42	0.96
0.236842105263158	2	42	0.96
0.431818181818182	2	42	0.96
0.204819277108434	2	42	0.96
0.282608695652174	2	42	0.96
0.259259259259259	2	42	0.96
0.153846153846154	2	42	0.96
0.115384615384615	2	42	0.96
0.295454545454545	2	42	0.96
0.153846153846154	2	42	0.96
0.142857142857143	2	42	0.96
0.266666666666667	2	42	0.96
0.172413793103448	2	42	0.96
0.127659574468085	2	42	0.96
0.175	2	42	0.96
0.27027027027027	2	42	0.96
0.230769230769231	2	42	0.96
0.214285714285714	2	42	0.96
0.355555555555556	2	42	0.96
0.224489795918367	2	42	0.96
0.233333333333333	2	42	0.96
0.292682926829268	2	42	0.96
0.203389830508475	2	42	0.96
0.122448979591837	2	42	0.96
0.215686274509804	2	42	0.96
0.229166666666667	2	42	0.96
0.18	2	42	0.96
0.176470588235294	2	42	0.96
0.282051282051282	2	42	0.96
0.212765957446809	2	42	0.96
0.159090909090909	2	42	0.96
0.232142857142857	2	42	0.96
0.172413793103448	2	42	0.96
0.289473684210526	2	42	0.96
0.0892857142857143	2	42	0.96
0.295454545454545	2	42	0.96
0.214285714285714	2	42	0.96
0.368421052631579	2	42	0.96
0.65	2	42	0.96
0.322033898305085	2	42	0.96
0.215686274509804	2	42	0.96
0.219512195121951	2	42	0.96
0.5	2	42	0.96
0.348837209302326	2	42	0.96
0.2	2	42	0.96
0.166666666666667	2	42	0.96
0.282051282051282	2	42	0.96
0.285714285714286	2	42	0.96
0.155555555555556	2	42	0.96
0.41025641025641	2	42	0.96
0.230769230769231	2	42	0.96
0.239130434782609	2	42	0.96
0.3125	2	42	0.96
0.3125	2	42	0.96
0.4	2	42	0.96
0.518518518518518	2	42	0.96
0.233333333333333	2	42	0.96
0.181818181818182	2	42	0.96
0.242424242424242	2	42	0.96
0.272727272727273	2	42	0.96
0.276595744680851	2	42	0.96
0.27027027027027	2	42	0.96
0.113636363636364	2	42	0.96
0.210526315789474	2	42	0.96
0.145833333333333	2	42	0.96
0.288888888888889	2	42	0.96
0.558139534883721	2	42	0.96
0.274509803921569	2	42	0.96
0.238095238095238	2	42	0.96
0.311111111111111	2	42	0.96
0.380952380952381	2	42	0.96
0.25	2	42	0.96
0.261904761904762	2	42	0.96
0.30952380952381	2	42	0.96
0.222222222222222	2	42	0.96
0.5	2	42	0.96
0.324324324324324	2	42	0.96
0.380952380952381	2	42	0.96
0.196078431372549	2	42	0.96
0.292682926829268	2	42	0.96
0.12280701754386	2	42	0.96
0.558823529411765	2	42	0.96
0.256410256410256	2	42	0.96
0.243243243243243	2	42	0.96
0.289473684210526	2	42	0.96
0.296296296296296	2	42	0.96
0.385964912280702	2	42	0.96
0.333333333333333	2	42	0.96
0.526315789473684	2	42	0.96
0.203703703703704	2	42	0.96
0.186046511627907	2	42	0.96
0.230769230769231	2	42	0.96
0.32	2	42	0.96
0.333333333333333	2	42	0.96
0.216216216216216	2	42	0.96
0.224137931034483	2	42	0.96
0.319444444444444	2	42	0.96
0.538461538461538	2	42	0.96
0.1875	2	42	0.96
0.285714285714286	2	42	0.96
0.313725490196078	2	42	0.96
0.285714285714286	2	42	0.96
0.222222222222222	2	42	0.96
0.243243243243243	2	42	0.96
0.192307692307692	2	42	0.96
0.189189189189189	2	42	0.96
0.431818181818182	2	42	0.96
0.272727272727273	2	42	0.96
0.285714285714286	2	42	0.96
0.181818181818182	2	42	0.96
0.255813953488372	2	42	0.96
0.282051282051282	2	42	0.96
0.489795918367347	2	42	0.96
0.189189189189189	2	42	0.96
0.242424242424242	2	42	0.96
0.183673469387755	2	42	0.96
0.333333333333333	2	42	0.96
0.305084745762712	2	42	0.96
0.318181818181818	2	42	0.96
0.283333333333333	2	42	0.96
0.153846153846154	2	42	0.96
0.238095238095238	2	42	0.96
0.266666666666667	2	42	0.96
0.205882352941176	2	42	0.96
0.278688524590164	2	42	0.96
0.23728813559322	2	42	0.96
0.527272727272727	2	42	0.96
0.375	2	42	0.96
0.133333333333333	2	42	0.96
0.170212765957447	2	42	0.96
0.188679245283019	2	42	0.96
0.166666666666667	2	42	0.96
0.288461538461538	2	42	0.96
0.3	2	42	0.96
0.181818181818182	2	42	0.96
0.347826086956522	2	42	0.96
0.32	2	42	0.96
0.162162162162162	2	42	0.96
0.214285714285714	2	42	0.96
0.375	2	42	0.96
0.163636363636364	2	42	0.96
0.172413793103448	2	42	0.96
0.450980392156863	2	42	0.96
0.227272727272727	2	42	0.96
0.217948717948718	2	42	0.96
0.255813953488372	2	42	0.96
0.3125	2	42	0.96
0.3	2	42	0.96
0.185185185185185	2	42	0.96
0.192307692307692	2	42	0.96
0.325581395348837	2	42	0.96
0.261904761904762	2	42	0.96
0.325	2	42	0.96
0.288888888888889	2	42	0.96
0.111111111111111	2	42	0.96
0.272727272727273	2	42	0.96
0.157894736842105	2	42	0.96
0.136363636363636	2	42	0.96
0.384615384615385	2	42	0.96
0.28	2	42	0.96
0.525	2	42	0.96
0.209302325581395	2	42	0.96
0.313725490196078	2	42	0.96
0.266666666666667	2	42	0.96
0.456521739130435	2	42	0.96
0.145454545454545	2	42	0.96
0.25531914893617	2	42	0.96
0.147058823529412	2	42	0.96
0.193548387096774	2	42	0.96
0.195121951219512	2	42	0.96
0.272727272727273	2	42	0.96
0.240740740740741	2	42	0.96
0.235294117647059	2	42	0.96
0.208333333333333	2	42	0.96
0.216216216216216	2	42	0.96
0.327272727272727	2	42	0.96
0.254237288135593	2	42	0.96
0.530612244897959	2	42	0.96
0.458333333333333	2	42	0.96
0.239130434782609	2	42	0.96
0.230769230769231	2	42	0.96
0.292682926829268	2	42	0.96
0.448275862068966	2	42	0.96
0.277777777777778	2	42	0.96
0.185185185185185	2	42	0.96
0.1875	2	42	0.96
0.222222222222222	2	42	0.96
0.459459459459459	2	42	0.96
0.25	2	42	0.96
0.244897959183673	2	42	0.96
0.5	2	42	0.96
0.272727272727273	2	42	0.96
0.242424242424242	2	42	0.96
0.388888888888889	2	42	0.96
0.2	2	42	0.96
0.175	2	42	0.96
0.5	2	42	0.96
0.305555555555556	2	42	0.96
0.1	2	42	0.96
0.0509554140127389	2	42	0.96
0.147058823529412	2	42	0.96
0.6	2	42	0.96
0.166666666666667	2	42	0.96
0.216216216216216	2	42	0.96
0.354838709677419	2	42	0.96
0.238095238095238	2	42	0.96
0.311111111111111	2	42	0.96
0.214285714285714	2	42	0.96
0.0833333333333333	2	42	0.96
0.137931034482759	2	42	0.96
0.162790697674419	2	42	0.96
0.193548387096774	2	42	0.96
0.288461538461538	2	42	0.96
0.153846153846154	2	42	0.96
0.117647058823529	2	42	0.96
0.109090909090909	2	42	0.96
0.136363636363636	2	42	0.96
0.3	2	42	0.96
0.272727272727273	2	42	0.96
0.7	2	42	0.96
0.25	2	42	0.96
0.2	2	42	0.96
0.606060606060606	2	42	0.96
0.289473684210526	2	42	0.96
0.289473684210526	2	42	0.96
0.574468085106383	2	42	0.96
0.1875	2	42	0.96
0.35	2	42	0.96
0.193548387096774	2	42	0.96
0.342857142857143	2	42	0.96
0.1875	2	42	0.96
0.181818181818182	2	42	0.96
0.369565217391304	2	42	0.96
0.584905660377358	2	42	0.96
0.102040816326531	2	42	0.96
0.233333333333333	2	42	0.96
0.533333333333333	2	42	0.96
0.216216216216216	2	42	0.96
0.179487179487179	2	42	0.96
0.285714285714286	2	42	0.96
0.25	2	42	0.96
0.204545454545455	2	42	0.96
0.288888888888889	2	42	0.96
0.1875	2	42	0.96
0.275	2	42	0.96
0.151515151515152	2	42	0.96
0.208333333333333	2	42	0.96
0.277777777777778	2	42	0.96
0.236363636363636	2	42	0.96
0.171428571428571	2	42	0.96
0.170731707317073	2	42	0.96
0.179487179487179	2	42	0.96
0.282608695652174	2	42	0.96
0.478260869565217	2	42	0.96
0.547619047619048	2	42	0.96
0.714285714285714	2	42	0.96
0.348484848484849	2	42	0.96
0.216216216216216	2	42	0.96
0.162162162162162	2	42	0.96
0.321428571428571	2	42	0.96
0.290322580645161	2	42	0.96
0.235294117647059	2	42	0.96
0.264705882352941	2	42	0.96
0.232558139534884	2	42	0.96
0.387096774193548	2	42	0.96
0.171428571428571	2	42	0.96
0.222222222222222	2	42	0.96
0.186440677966102	2	42	0.96
0.271428571428571	2	42	0.96
0.258064516129032	2	42	0.96
0.1875	2	42	0.96
0.277777777777778	2	42	0.96
0.26	2	42	0.96
0.4	2	42	0.96
0.209302325581395	2	42	0.96
0.469387755102041	2	42	0.96
0.1875	2	42	0.96
0.283018867924528	2	42	0.96
0.176470588235294	2	42	0.96
0.169811320754717	2	42	0.96
0.285714285714286	2	42	0.96
0.234042553191489	2	42	0.96
0.150943396226415	2	42	0.96
0.291666666666667	2	42	0.96
0.263157894736842	2	42	0.96
0.326530612244898	2	42	0.96
0.152542372881356	2	42	0.96
0.142857142857143	2	42	0.96
0.238095238095238	2	42	0.96
0.448979591836735	2	42	0.96
0.106382978723404	2	42	0.96
0.238095238095238	2	42	0.96
0.240740740740741	2	42	0.96
0.263157894736842	2	42	0.96
0.315789473684211	2	42	0.96
0.257142857142857	2	42	0.96
0.230769230769231	2	42	0.96
0.166666666666667	2	42	0.96
0.222222222222222	2	42	0.96
0.244897959183673	2	42	0.96
0.116279069767442	2	42	0.96
0.489795918367347	2	42	0.96
0.642857142857143	2	42	0.96
0.577777777777778	2	42	0.96
0.194444444444444	2	42	0.96
0.447368421052632	2	42	0.96
0.478260869565217	2	42	0.96
0.653846153846154	2	42	0.96
0.236842105263158	2	42	0.96
0.189189189189189	2	42	0.96
0.285714285714286	2	42	0.96
0.235294117647059	2	42	0.96
0.289473684210526	2	42	0.96
0.241379310344828	2	42	0.96
0.219512195121951	2	42	0.96
0.138461538461538	2	42	0.96
0.171428571428571	2	42	0.96
0.35	2	42	0.96
0.25	2	42	0.96
0.315789473684211	2	42	0.96
0.108695652173913	2	42	0.96
0.204081632653061	2	42	0.96
0.268292682926829	2	42	0.96
0.256410256410256	2	42	0.96
0.368421052631579	2	42	0.96
0.214285714285714	2	42	0.96
0.285714285714286	2	42	0.96
0.368421052631579	2	42	0.96
0.159090909090909	2	42	0.96
0.166666666666667	2	42	0.96
0.162162162162162	2	42	0.96
0.208333333333333	2	42	0.96
0.473684210526316	2	42	0.96
0.244444444444444	2	42	0.96
0.355555555555556	2	42	0.96
0.333333333333333	2	42	0.96
0.229166666666667	2	42	0.96
0.225	2	42	0.96
0.272727272727273	2	42	0.96
0.358974358974359	2	42	0.96
0.245283018867925	2	42	0.96
0.217391304347826	2	42	0.96
0.260869565217391	2	42	0.96
0.28125	2	42	0.96
0.19047619047619	2	42	0.96
0.228571428571429	2	42	0.96
0.470588235294118	2	42	0.96
0.170212765957447	2	42	0.96
0.282051282051282	2	42	0.96
0.272727272727273	2	42	0.96
0.26530612244898	2	42	0.96
0.230769230769231	2	42	0.96
0.210526315789474	2	42	0.96
0.21875	2	42	0.96
0.166666666666667	2	42	0.96
0.193548387096774	2	42	0.96
0.315789473684211	2	42	0.96
0.15625	2	42	0.96
0.266666666666667	2	42	0.96
0.136363636363636	2	42	0.96
0.217391304347826	2	42	0.96
0.269230769230769	2	42	0.96
0.571428571428571	2	42	0.96
0.325581395348837	2	42	0.96
0.3	2	42	0.96
0.303030303030303	2	42	0.96
0.142857142857143	2	42	0.96
0.525	2	42	0.96
0.212765957446809	2	42	0.96
0.2	2	42	0.96
0.12280701754386	2	42	0.96
0.291666666666667	2	42	0.96
0.133333333333333	2	42	0.96
0.148936170212766	2	42	0.96
0.305555555555556	2	42	0.96
0.25	2	42	0.96
0.489795918367347	2	42	0.96
0.209677419354839	2	42	0.96
0.276595744680851	2	42	0.96
0.28	2	42	0.96
0.245614035087719	2	42	0.96
0.3	2	42	0.96
0.181818181818182	2	42	0.96
0.576271186440678	2	42	0.96
0.206896551724138	2	42	0.96
0.176470588235294	2	42	0.96
0.340909090909091	2	42	0.96
0.189189189189189	2	42	0.96
0.32	2	42	0.96
0.195652173913043	2	42	0.96
0.225	2	42	0.96
0.163636363636364	2	42	0.96
0.25	2	42	0.96
0.26530612244898	2	42	0.96
0.272727272727273	2	42	0.96
0.285714285714286	2	42	0.96
0.142857142857143	2	42	0.96
0.225	2	42	0.96
0.24390243902439	2	42	0.96
0.5	2	42	0.96
0.184210526315789	2	42	0.96
0.125	2	42	0.96
0.666666666666667	2	42	0.96
0.4	2	42	0.96
0.127659574468085	2	42	0.96
0.166666666666667	2	42	0.96
0.104166666666667	2	42	0.96
0.125	2	42	0.96
0.291666666666667	2	42	0.96
0.260869565217391	2	42	0.96
0.0909090909090909	2	42	0.96
0.2	2	42	0.96
0.28125	2	42	0.96
0.254901960784314	2	42	0.96
0.229508196721311	2	42	0.96
0.22	2	42	0.96
0.261904761904762	2	42	0.96
0.428571428571429	2	42	0.96
0.315789473684211	2	42	0.96
0.227272727272727	2	42	0.96
0.422222222222222	2	42	0.96
0.166666666666667	2	42	0.96
0.275862068965517	2	42	0.96
0.513513513513513	2	42	0.96
0.177777777777778	2	42	0.96
0.2	2	42	0.96
0.25	2	42	0.96
0.222222222222222	2	42	0.96
0.239130434782609	2	42	0.96
0.178571428571429	2	42	0.96
0.208333333333333	2	42	0.96
0.175	2	42	0.96
0.217391304347826	2	42	0.96
0.333333333333333	2	42	0.96
0.290322580645161	2	42	0.96
0.0961538461538462	2	42	0.96
0.25	2	42	0.96
0.153846153846154	2	42	0.96
0.369565217391304	2	42	0.96
0.25	2	42	0.96
0.181818181818182	2	42	0.96
0.152173913043478	2	42	0.96
0.479166666666667	2	42	0.96
0.238095238095238	2	42	0.96
0.285714285714286	2	42	0.96
0.368421052631579	2	42	0.96
0.219512195121951	2	42	0.96
0.186046511627907	2	42	0.96
0.214285714285714	2	42	0.96
0.177777777777778	2	42	0.96
0.318181818181818	2	42	0.96
0.25	2	42	0.96
0.162790697674419	2	42	0.96
0.484848484848485	2	42	0.96
0.153846153846154	2	42	0.96
0.277777777777778	2	42	0.96
0.185185185185185	2	42	0.96
0.256410256410256	2	42	0.96
0.372093023255814	2	42	0.96
0.214285714285714	2	42	0.96
0.2	2	42	0.96
0.3125	2	42	0.96
0.245283018867925	2	42	0.96
0.189189189189189	2	42	0.96
0.318181818181818	2	42	0.96
0.477272727272727	2	42	0.96
0.416666666666667	2	42	0.96
0.184210526315789	2	42	0.96
0.23728813559322	2	42	0.96
0.255813953488372	2	42	0.96
0.365853658536585	2	42	0.96
0.228571428571429	2	42	0.96
0.191489361702128	2	42	0.96
0.346938775510204	2	42	0.96
0.233333333333333	2	42	0.96
0.204545454545455	2	42	0.96
0.439024390243902	2	42	0.96
0.488372093023256	2	42	0.96
0.291666666666667	2	42	0.96
0.263157894736842	2	42	0.96
0.387096774193548	2	42	0.96
0.282608695652174	2	42	0.96
0.134615384615385	2	42	0.96
0.321428571428571	2	42	0.96
0.203389830508475	2	42	0.96
0.4375	2	42	0.96
0.326530612244898	2	42	0.96
0.142857142857143	2	42	0.96
0.259259259259259	2	42	0.96
0.207547169811321	2	42	0.96
0.625	2	42	0.96
0.163265306122449	2	42	0.96
0.306122448979592	2	42	0.96
0.340909090909091	2	42	0.96
0.302325581395349	2	42	0.96
0.157894736842105	2	42	0.96
0.232558139534884	2	42	0.96
0.259259259259259	2	42	0.96
0.216216216216216	2	42	0.96
0.1875	2	42	0.96
0.244897959183673	2	42	0.96
0.189189189189189	2	42	0.96
0.259259259259259	2	42	0.96
0.295454545454545	2	42	0.96
0.230769230769231	2	42	0.96
0.323529411764706	2	42	0.96
0.171428571428571	2	42	0.96
0.179487179487179	2	42	0.96
0.416666666666667	2	42	0.96
0.142857142857143	2	42	0.96
0.243243243243243	2	42	0.96
0.214285714285714	2	42	0.96
0.189189189189189	2	42	0.96
0.257142857142857	2	42	0.96
0.209302325581395	2	42	0.96
0.393939393939394	2	42	0.96
0.206896551724138	2	42	0.96
0.14	2	42	0.96
0.183673469387755	2	42	0.96
0.177777777777778	2	42	0.96
0.292307692307692	2	42	0.96
0.558139534883721	2	42	0.96
0.289473684210526	2	42	0.96
0.318181818181818	2	42	0.96
0.162162162162162	2	42	0.96
0.46031746031746	2	42	0.96
0.431818181818182	2	42	0.96
0.132075471698113	2	42	0.96
0.294117647058824	2	42	0.96
0.257142857142857	2	42	0.96
0.472222222222222	2	42	0.96
0.154929577464789	2	42	0.96
0.395348837209302	2	42	0.96
0.209677419354839	2	42	0.96
0.225806451612903	2	42	0.96
0.210526315789474	2	42	0.96
0.204545454545455	2	42	0.96
0.462962962962963	2	42	0.96
0.28	2	42	0.96
0.361111111111111	2	42	0.96
0.214285714285714	2	42	0.96
0.447368421052632	2	42	0.96
0.109090909090909	2	42	0.96
0.191489361702128	2	42	0.96
0.333333333333333	2	42	0.96
0.225806451612903	2	42	0.96
0.34375	2	42	0.96
0.5	2	42	0.96
0.441176470588235	2	42	0.96
0.12962962962963	2	42	0.96
0.209302325581395	2	42	0.96
0.222222222222222	2	42	0.96
0.152173913043478	2	42	0.96
0.2	2	42	0.96
0.285714285714286	2	42	0.96
0.242424242424242	2	42	0.96
0.272727272727273	2	42	0.96
0.254901960784314	2	42	0.96
0.333333333333333	2	42	0.96
0.181818181818182	2	42	0.96
0.5	2	42	0.96
0.25	2	42	0.96
0.2	2	42	0.96
0.217391304347826	2	42	0.96
0.25	2	42	0.96
0.113207547169811	2	42	0.96
0.125	2	42	0.96
0.32	2	42	0.96
0.222222222222222	2	42	0.96
0.326086956521739	2	42	0.96
0.21875	2	42	0.96
0.344827586206897	2	42	0.96
0.333333333333333	2	42	0.96
0.184210526315789	2	42	0.96
0.463414634146341	2	42	0.96
0.203703703703704	2	42	0.96
0.208333333333333	2	42	0.96
0.266666666666667	2	42	0.96
0.2	2	42	0.96
0.333333333333333	2	42	0.96
0.244897959183673	2	42	0.96
0.18	2	42	0.96
0.254901960784314	2	42	0.96
0.216216216216216	2	42	0.96
0.214285714285714	2	42	0.96
0.294117647058824	2	42	0.96
0.127659574468085	2	42	0.96
0.2	2	42	0.96
0.171428571428571	2	42	0.96
0.13953488372093	2	42	0.96
0.277777777777778	2	42	0.96
0.212765957446809	2	42	0.96
0.13953488372093	2	42	0.96
0.368421052631579	2	42	0.96
0.3	2	42	0.96
0.386363636363636	2	42	0.96
0.422222222222222	2	42	0.96
0.538461538461538	2	42	0.96
0.458333333333333	2	42	0.96
0.241379310344828	2	42	0.96
0.571428571428571	2	42	0.96
0.170212765957447	2	42	0.96
0.15	2	42	0.96
0.209302325581395	2	42	0.96
0.179487179487179	2	42	0.96
0.288888888888889	2	42	0.96
0.4	2	42	0.96
0.30188679245283	2	42	0.96
0.474576271186441	2	42	0.96
0.184210526315789	2	42	0.96
0.122448979591837	2	42	0.96
0.162162162162162	2	42	0.96
0.222222222222222	2	42	0.96
0.189189189189189	2	42	0.96
0.153846153846154	2	42	0.96
0.226415094339623	2	42	0.96
0.509803921568627	2	42	0.96
0.432432432432432	2	42	0.96
0.305555555555556	2	42	0.96
0.228571428571429	2	42	0.96
0.484848484848485	2	42	0.96
0.4	2	42	0.96
0.25531914893617	2	42	0.96
0.333333333333333	2	42	0.96
0.393939393939394	2	42	0.96
0.209302325581395	2	42	0.96
0.217391304347826	2	42	0.96
0.162790697674419	2	42	0.96
0.285714285714286	2	42	0.96
0.170731707317073	2	42	0.96
0.275	2	42	0.96
0.133333333333333	2	42	0.96
0.263157894736842	2	42	0.96
0.303030303030303	2	42	0.96
0.227272727272727	2	42	0.96
0.608695652173913	2	42	0.96
0.230769230769231	2	42	0.96
0.13953488372093	2	42	0.96
0.439024390243902	2	42	0.96
0.4375	2	42	0.96
0.186440677966102	2	42	0.96
0.2	2	42	0.96
0.2	2	42	0.96
0.487179487179487	2	42	0.96
0.125	2	42	0.96
0.257142857142857	2	42	0.96
0.531914893617021	2	42	0.96
0.142857142857143	2	42	0.96
0.2	2	42	0.96
0.434782608695652	2	42	0.96
0.218181818181818	2	42	0.96
0.361111111111111	2	42	0.96
0.257142857142857	2	42	0.96
0.263157894736842	2	42	0.96
0.3	2	42	0.96
0.226415094339623	2	42	0.96
0.340909090909091	2	42	0.96
0.254901960784314	2	42	0.96
0.145833333333333	2	42	0.96
0.651162790697674	2	42	0.96
0.183673469387755	2	42	0.96
0.24	2	42	0.96
0.368421052631579	2	42	0.96
0.306122448979592	2	42	0.96
0.196428571428571	2	42	0.96
0.333333333333333	2	42	0.96
0.1875	2	42	0.96
0.3125	2	42	0.96
0.260869565217391	2	42	0.96
0.260869565217391	2	42	0.96
0.211538461538462	2	42	0.96
0.225	2	42	0.96
0.235294117647059	2	42	0.96
0.333333333333333	2	42	0.96
0.369565217391304	2	42	0.96
0.472222222222222	2	42	0.96
0.485714285714286	2	42	0.96
0.2	2	42	0.96
0.163636363636364	2	42	0.96
0.490566037735849	2	42	0.96
0.275	2	42	0.96
0.432835820895522	2	42	0.96
0.2	2	42	0.96
0.290322580645161	2	42	0.96
0.404761904761905	2	42	0.96
0.297297297297297	2	42	0.96
0.206896551724138	2	42	0.96
0.421052631578947	2	42	0.96
0.152173913043478	2	42	0.96
0.525	2	42	0.96
0.305555555555556	2	42	0.96
0.162790697674419	2	42	0.96
0.181818181818182	2	42	0.96
0.117647058823529	2	42	0.96
0.131578947368421	2	42	0.96
0.2	2	42	0.96
0.166666666666667	2	42	0.96
0.212765957446809	2	42	0.96
0.186046511627907	2	42	0.96
0.266666666666667	2	42	0.96
0.193548387096774	2	42	0.96
0.204545454545455	2	42	0.96
0.130434782608696	2	42	0.96
0.2	2	42	0.96
0.289855072463768	2	42	0.96
0.233333333333333	2	42	0.96
0.290322580645161	2	42	0.96
0.166666666666667	2	42	0.96
0.303030303030303	2	42	0.96
0.351351351351351	2	42	0.96
0.307692307692308	2	42	0.96
0.135135135135135	2	42	0.96
0.263157894736842	2	42	0.96
0.263157894736842	2	42	0.96
0.476190476190476	2	42	0.96
0.196078431372549	2	42	0.96
0.203703703703704	2	42	0.96
0.268292682926829	2	42	0.96
0.307692307692308	2	42	0.96
0.170731707317073	2	42	0.96
0.101694915254237	2	42	0.96
0.295454545454545	2	42	0.96
0.2	2	42	0.96
0.509433962264151	2	42	0.96
0.444444444444444	2	42	0.96
0.131578947368421	2	42	0.96
0.133333333333333	2	42	0.96
0.238095238095238	2	42	0.96
0.25	2	42	0.96
0.214285714285714	2	42	0.96
0.210526315789474	2	42	0.96
0.484848484848485	2	42	0.96
0.15	2	42	0.96
0.368421052631579	2	42	0.96
0.384615384615385	2	42	0.96
0.229166666666667	2	42	0.96
0.241935483870968	2	42	0.96
0.16	2	42	0.96
0.225	2	42	0.96
0.188679245283019	2	42	0.96
0.185185185185185	2	42	0.96
0.18	2	42	0.96
0.238095238095238	2	42	0.96
0.263157894736842	2	42	0.96
0.393939393939394	2	42	0.96
0.42	2	42	0.96
0.463414634146341	2	42	0.96
0.162790697674419	2	42	0.96
0.363636363636364	2	42	0.96
0.2	2	42	0.96
0.28	2	42	0.96
0.326530612244898	2	42	0.96
0.205128205128205	2	42	0.96
0.151515151515152	2	42	0.96
0.175	2	42	0.96
0.384615384615385	2	42	0.96
0.260869565217391	2	42	0.96
0.181818181818182	2	42	0.96
0.171428571428571	2	42	0.96
0.295454545454545	2	42	0.96
0.264705882352941	2	42	0.96
0.186046511627907	2	42	0.96
0.136363636363636	2	42	0.96
0.390243902439024	2	42	0.96
0.133333333333333	2	42	0.96
0.225806451612903	2	42	0.96
0.216216216216216	2	42	0.96
0.25	2	42	0.96
0.229508196721311	2	42	0.96
0.5	2	42	0.96
0.333333333333333	2	42	0.96
0.13953488372093	2	42	0.96
0.326086956521739	2	42	0.96
0.5	2	42	0.96
0.306122448979592	2	42	0.96
0.447368421052632	2	42	0.96
0.233333333333333	2	42	0.96
0.526315789473684	2	42	0.96
0.234042553191489	2	42	0.96
0.166666666666667	2	42	0.96
0.264150943396226	2	42	0.96
0.2	2	42	0.96
0.19047619047619	2	42	0.96
0.5	2	42	0.96
0.151515151515152	2	42	0.96
0.136363636363636	2	42	0.96
0.295454545454545	2	42	0.96
0.163265306122449	2	42	0.96
0.177777777777778	2	42	0.96
0.3	2	42	0.96
0.25	2	42	0.96
0.473684210526316	2	42	0.96
0.604651162790698	2	42	0.96
0.205128205128205	2	42	0.96
0.205128205128205	2	42	0.96
0.227272727272727	2	42	0.96
0.222222222222222	2	42	0.96
0.266666666666667	2	42	0.96
0.48780487804878	2	42	0.96
0.206349206349206	2	42	0.96
0.342105263157895	2	42	0.96
0.2	2	42	0.96
0.235294117647059	2	42	0.96
0.470588235294118	2	42	0.96
0.162790697674419	2	42	0.96
0.352941176470588	2	42	0.96
0.195121951219512	2	42	0.96
0.42	2	42	0.96
0.22	2	42	0.96
0.25	2	42	0.96
0.162162162162162	2	42	0.96
0.257142857142857	2	42	0.96
0.214285714285714	2	42	0.96
0.290322580645161	2	42	0.96
0.217391304347826	2	42	0.96
0.333333333333333	2	42	0.96
0.235294117647059	2	42	0.96
0.111111111111111	2	42	0.96
0.473684210526316	2	42	0.96
0.155555555555556	2	42	0.96
0.181818181818182	2	42	0.96
0.297297297297297	2	42	0.96
0.189189189189189	2	42	0.96
0.444444444444444	2	42	0.96
0.219512195121951	2	42	0.96
0.333333333333333	2	42	0.96
0.157894736842105	2	42	0.96
0.34	2	42	0.96
0.261904761904762	2	42	0.96
0.241379310344828	2	42	0.96
0.314285714285714	2	42	0.96
0.409090909090909	2	42	0.96
0.269230769230769	2	42	0.96
0.26530612244898	2	42	0.96
0.263157894736842	2	42	0.96
0.173913043478261	2	42	0.96
0.205128205128205	2	42	0.96
0.666666666666667	2	42	0.96
0.375	2	42	0.96
0.260869565217391	2	42	0.96
1	2	42	0.96
0.517241379310345	2	42	0.96
0.416666666666667	2	42	0.96
0.166666666666667	2	42	0.96
0.170212765957447	2	42	0.96
