VAF	CN	avg.depth	purity
0.344827586206897	3	30	0.63
0.108108108108108	3	30	0.63
0.352941176470588	3	30	0.63
0.111111111111111	3	30	0.63
0.372093023255814	3	30	0.63
0.5	3	30	0.63
0.233333333333333	3	30	0.63
0.551724137931034	3	30	0.63
0.3	3	30	0.63
0.5	3	30	0.63
0.115384615384615	3	30	0.63
0.172413793103448	3	30	0.63
0.27027027027027	3	30	0.63
0.176470588235294	3	30	0.63
0.181818181818182	3	30	0.63
0.166666666666667	3	30	0.63
0.28	3	30	0.63
0.365853658536585	3	30	0.63
0.185185185185185	3	30	0.63
0.136363636363636	3	30	0.63
0.482758620689655	3	30	0.63
0.346153846153846	3	30	0.63
0.166666666666667	3	30	0.63
0.27027027027027	3	30	0.63
0.0857142857142857	3	30	0.63
0.323529411764706	3	30	0.63
0.152173913043478	3	30	0.63
0.166666666666667	3	30	0.63
0.472222222222222	3	30	0.63
0.347826086956522	3	30	0.63
0.212121212121212	3	30	0.63
0.172413793103448	3	30	0.63
0.216216216216216	3	30	0.63
0.130434782608696	3	30	0.63
0.205882352941176	3	30	0.63
0.193548387096774	3	30	0.63
0.620689655172414	3	30	0.63
0.64	3	30	0.63
0.69047619047619	3	30	0.63
0.1	3	30	0.63
0.133333333333333	3	30	0.63
0.5	3	30	0.63
0.0967741935483871	3	30	0.63
0.875	3	30	0.63
0.272727272727273	3	30	0.63
0.545454545454545	4	33	0.63
0.0882352941176471	4	33	0.63
0.315789473684211	4	33	0.63
0.323529411764706	4	33	0.63
0.0967741935483871	4	33	0.63
0.434782608695652	4	33	0.63
0.35	4	33	0.63
0.230769230769231	4	33	0.63
0.111111111111111	4	33	0.63
0.304347826086957	4	33	0.63
0.541666666666667	4	33	0.63
0.275862068965517	4	33	0.63
0.307692307692308	4	33	0.63
0.119047619047619	4	33	0.63
0.3	4	33	0.63
0.461538461538462	4	33	0.63
0.333333333333333	4	33	0.63
0.303030303030303	4	33	0.63
0.13953488372093	4	33	0.63
0.152173913043478	4	33	0.63
0.15625	4	33	0.63
0.145833333333333	4	33	0.63
0.529411764705882	4	33	0.63
0.214285714285714	4	33	0.63
0.346153846153846	4	33	0.63
0.121951219512195	4	33	0.63
0.161290322580645	4	33	0.63
0.161290322580645	4	33	0.63
0.645161290322581	4	33	0.63
0.189189189189189	4	33	0.63
0.137931034482759	4	33	0.63
0.318181818181818	4	33	0.63
0.56	4	33	0.63
0.551724137931034	4	33	0.63
0.129032258064516	4	33	0.63
0.121212121212121	4	33	0.63
0.710526315789474	4	33	0.63
0.304347826086957	4	33	0.63
0.153846153846154	4	33	0.63
0.575757575757576	4	33	0.63
0.5	4	33	0.63
0.171428571428571	4	33	0.63
0.62962962962963	4	33	0.63
0.217391304347826	4	33	0.63
0.111111111111111	4	33	0.63
0.260869565217391	4	33	0.63
0.384615384615385	4	33	0.63
0.214285714285714	4	33	0.63
0.272727272727273	4	33	0.63
0.1	4	33	0.63
0.292682926829268	4	33	0.63
0.275	4	33	0.63
0.153846153846154	4	33	0.63
0.222222222222222	4	33	0.63
0.192307692307692	4	33	0.63
0.365853658536585	4	33	0.63
0.59375	4	33	0.63
0.173913043478261	4	33	0.63
0.296296296296296	4	33	0.63
0.3	4	33	0.63
0.25	4	33	0.63
0.303030303030303	4	33	0.63
0.3	4	33	0.63
0.176470588235294	4	33	0.63
0.5	4	33	0.63
0.32258064516129	4	33	0.63
0.441176470588235	4	33	0.63
0.295454545454545	4	33	0.63
0.34375	4	33	0.63
0.41304347826087	4	33	0.63
0.411764705882353	4	33	0.63
0.114285714285714	4	33	0.63
0.342857142857143	4	33	0.63
0.153846153846154	4	33	0.63
0.428571428571429	4	33	0.63
0.2	4	33	0.63
0.171428571428571	4	33	0.63
0.341463414634146	4	33	0.63
0.235294117647059	4	33	0.63
0.121212121212121	4	33	0.63
0.159090909090909	4	33	0.63
0.189189189189189	4	33	0.63
0.166666666666667	4	33	0.63
0.126984126984127	4	33	0.63
0.14	4	33	0.63
0.48	4	33	0.63
0.357142857142857	4	33	0.63
0.148148148148148	4	33	0.63
0.233333333333333	4	33	0.63
0.4	4	33	0.63
0.375	4	33	0.63
0.5	4	33	0.63
0.368421052631579	4	33	0.63
0.166666666666667	4	33	0.63
0.315789473684211	4	33	0.63
0.117647058823529	4	33	0.63
0.470588235294118	4	33	0.63
0.162162162162162	4	33	0.63
0.166666666666667	4	33	0.63
0.291666666666667	4	33	0.63
0.1875	4	33	0.63
0.137931034482759	4	33	0.63
0.0810810810810811	4	33	0.63
0.4	4	33	0.63
0.230769230769231	4	33	0.63
0.3	4	33	0.63
0.41304347826087	4	33	0.63
0.324324324324324	4	33	0.63
0.119047619047619	4	33	0.63
0.184210526315789	4	33	0.63
0.431818181818182	4	33	0.63
0.130434782608696	4	33	0.63
0.4375	4	33	0.63
0.193548387096774	4	33	0.63
0.620689655172414	4	33	0.63
0.64	4	33	0.63
0.69047619047619	4	33	0.63
0.1	4	33	0.63
0.133333333333333	4	33	0.63
0.5	4	33	0.63
0.0967741935483871	4	33	0.63
0.875	4	33	0.63
0.272727272727273	4	33	0.63
0.382352941176471	4	33	0.63
0.256410256410256	4	33	0.63
0.458333333333333	4	33	0.63
0.153846153846154	4	33	0.63
0.166666666666667	4	33	0.63
0.242424242424242	4	33	0.63
0.2	4	33	0.63
0.13953488372093	4	33	0.63
0.229166666666667	4	33	0.63
0.122448979591837	4	33	0.63
0.285714285714286	4	33	0.63
0.511627906976744	4	33	0.63
0.340909090909091	4	33	0.63
0.346153846153846	4	33	0.63
0.326923076923077	4	33	0.63
0.458333333333333	4	33	0.63
0.361702127659574	4	33	0.63
0.459459459459459	4	33	0.63
0.266666666666667	4	33	0.63
0.461538461538462	4	33	0.63
0.142857142857143	4	33	0.63
0.529411764705882	4	33	0.63
0.205882352941176	4	33	0.63
0.222222222222222	4	33	0.63
0.483870967741935	4	33	0.63
0.142857142857143	4	33	0.63
0.19047619047619	4	33	0.63
0.214285714285714	4	33	0.63
0.333333333333333	4	33	0.63
0.206896551724138	4	33	0.63
0.176470588235294	4	33	0.63
0.306122448979592	4	33	0.63
0.290322580645161	4	33	0.63
0.176470588235294	4	33	0.63
0.116279069767442	4	33	0.63
0.130434782608696	4	33	0.63
0.425	4	33	0.63
0.290322580645161	4	33	0.63
0.355555555555556	4	33	0.63
0.111111111111111	4	33	0.63
0.30952380952381	4	33	0.63
0.16	4	33	0.63
0.210526315789474	4	33	0.63
0.75	4	33	0.63
0.161290322580645	4	33	0.63
0.145833333333333	4	33	0.63
0.483870967741935	4	33	0.63
0.103448275862069	4	33	0.63
0.222222222222222	4	33	0.63
0.222222222222222	4	33	0.63
0.260869565217391	4	33	0.63
0.155555555555556	4	33	0.63
0.264705882352941	4	33	0.63
0.541666666666667	4	33	0.63
0.483870967741935	4	33	0.63
0.3	4	33	0.63
0.214285714285714	4	33	0.63
0.111111111111111	4	33	0.63
0.111111111111111	4	33	0.63
0.111111111111111	4	33	0.63
0.222222222222222	4	33	0.63
0.172413793103448	4	33	0.63
0.4	4	33	0.63
0.117647058823529	4	33	0.63
0.333333333333333	4	33	0.63
0.447368421052632	4	33	0.63
