VAF	CN	avg.depth	purity
1	1	17	1
0.9	1	17	1
1	1	17	1
1	1	17	1
0.954545454545455	1	17	1
0.933333333333333	1	17	1
0.956521739130435	1	17	1
1	1	17	1
0.9	1	17	1
0.888888888888889	1	17	1
0.571428571428571	2	31	1
0.458333333333333	2	31	1
0.25	2	31	1
0.259259259259259	2	31	1
0.5	2	31	1
0.375	2	31	1
0.685714285714286	2	31	1
0.695652173913043	2	31	1
0.515151515151515	2	31	1
0.523809523809524	2	31	1
0.5	2	31	1
0.512820512820513	2	31	1
0.433333333333333	2	31	1
0.476190476190476	2	31	1
0.444444444444444	2	31	1
0.318181818181818	2	31	1
0.590909090909091	2	31	1
0.4	2	31	1
0.40625	2	31	1
0.32258064516129	2	31	1
0.451612903225806	2	31	1
0.384615384615385	2	31	1
0.435897435897436	2	31	1
0.162162162162162	2	31	1
0.53125	2	31	1
0.5625	2	31	1
0.48	2	31	1
0.375	2	31	1
0.384615384615385	2	31	1
0.181818181818182	2	31	1
0.424242424242424	2	31	1
0.230769230769231	2	31	1
0.473684210526316	2	31	1
0.58	2	31	1
0.451612903225806	2	31	1
0.666666666666667	2	31	1
0.459459459459459	2	31	1
0.391304347826087	2	31	1
0.444444444444444	2	31	1
0.615384615384615	2	31	1
0.421052631578947	2	31	1
0.419354838709677	2	31	1
0.485714285714286	2	31	1
0.32258064516129	2	31	1
0.594594594594595	2	31	1
0.466666666666667	2	31	1
0.416666666666667	2	31	1
0.575	2	31	1
0.393939393939394	2	31	1
0.647058823529412	2	31	1
0.464285714285714	2	31	1
0.113636363636364	2	31	1
0.48	2	31	1
0.162790697674419	2	31	1
0.162790697674419	2	31	1
0.159090909090909	2	31	1
0.678571428571429	2	31	1
0.428571428571429	2	31	1
0.666666666666667	2	31	1
0.1875	2	31	1
0.533333333333333	2	31	1
0.310344827586207	2	31	1
0.513513513513513	2	31	1
0.36	2	31	1
0.633333333333333	2	31	1
0.523809523809524	2	31	1
0.340909090909091	2	31	1
0.323529411764706	2	31	1
0.333333333333333	2	31	1
0.409090909090909	2	31	1
0.435897435897436	2	31	1
0.379310344827586	2	31	1
0.424242424242424	2	31	1
0.6	2	31	1
0.324324324324324	2	31	1
0.393939393939394	2	31	1
0.391304347826087	2	31	1
0.352941176470588	2	31	1
0.363636363636364	2	31	1
0.478260869565217	2	31	1
0.553571428571429	2	31	1
0.485714285714286	2	31	1
0.555555555555556	2	31	1
0.636363636363636	2	31	1
0.32	2	31	1
0.536585365853659	2	31	1
0.394736842105263	2	31	1
0.366666666666667	2	31	1
0.390243902439024	2	31	1
0.392857142857143	2	31	1
0.5	2	31	1
0.181818181818182	2	31	1
0.419354838709677	2	31	1
0.545454545454545	2	31	1
0.512820512820513	2	31	1
0.564102564102564	2	31	1
0.48780487804878	2	31	1
0.631578947368421	2	31	1
0.333333333333333	2	31	1
0.523809523809524	2	31	1
0.206896551724138	2	31	1
0.521739130434783	2	31	1
0.472222222222222	2	31	1
0.388888888888889	2	31	1
0.46875	2	31	1
0.409090909090909	2	31	1
0.409090909090909	2	31	1
0.580645161290323	2	31	1
0.372093023255814	2	31	1
0.588235294117647	2	31	1
0.371428571428571	2	31	1
0.526315789473684	2	31	1
0.423076923076923	2	31	1
0.310344827586207	2	31	1
0.354838709677419	2	31	1
0.533333333333333	2	31	1
0.321428571428571	2	31	1
0.516129032258065	2	31	1
0.24	2	31	1
0.516129032258065	2	31	1
0.617647058823529	2	31	1
0.666666666666667	2	31	1
0.204545454545455	2	31	1
0.724137931034483	2	31	1
0.37037037037037	2	31	1
0.444444444444444	2	31	1
0.53125	2	31	1
0.608695652173913	2	31	1
0.692307692307692	2	31	1
0.466666666666667	2	31	1
0.461538461538462	2	31	1
0.416666666666667	2	31	1
0.46875	2	31	1
0.378378378378378	2	31	1
0.564102564102564	2	31	1
0.552631578947368	2	31	1
0.607142857142857	2	31	1
0.5	2	31	1
0.382352941176471	2	31	1
0.7	2	31	1
0.617647058823529	2	31	1
0.472222222222222	2	31	1
0.517241379310345	2	31	1
0.4375	2	31	1
0.447368421052632	2	31	1
0.2	2	31	1
0.525	2	31	1
0.375	2	31	1
0.564102564102564	2	31	1
0.594594594594595	2	31	1
0.435897435897436	2	31	1
0.423076923076923	2	31	1
0.560975609756098	2	31	1
0.523809523809524	2	31	1
0.555555555555556	2	31	1
0.642857142857143	2	31	1
0.310344827586207	2	31	1
0.51219512195122	2	31	1
0.485714285714286	2	31	1
0.514285714285714	2	31	1
0.5	2	31	1
0.230769230769231	2	31	1
0.458333333333333	2	31	1
0.705882352941177	2	31	1
0.384615384615385	2	31	1
0.607142857142857	2	31	1
0.56	2	31	1
0.375	2	31	1
0.423076923076923	2	31	1
0.333333333333333	2	31	1
0.580645161290323	2	31	1
0.444444444444444	2	31	1
0.645833333333333	2	31	1
0.56	2	31	1
0.523809523809524	2	31	1
0.580645161290323	2	31	1
0.484848484848485	2	31	1
0.517857142857143	2	31	1
0.5	2	31	1
0.5	2	31	1
0.447368421052632	2	31	1
0.588235294117647	2	31	1
0.375	2	31	1
0.533333333333333	2	31	1
0.5	2	31	1
0.421052631578947	2	31	1
0.391304347826087	2	31	1
0.375	2	31	1
0.354838709677419	2	31	1
0.35	2	31	1
0.538461538461538	2	31	1
0.423076923076923	2	31	1
0.684210526315789	2	31	1
0.473684210526316	2	31	1
0.333333333333333	2	31	1
0.5	2	31	1
0.40625	2	31	1
0.52	2	31	1
0.119047619047619	2	31	1
0.411764705882353	2	31	1
0.4	2	31	1
0.185185185185185	2	31	1
0.303030303030303	2	31	1
0.484848484848485	2	31	1
0.260869565217391	2	31	1
0.424242424242424	2	31	1
0.485714285714286	2	31	1
0.566666666666667	2	31	1
0.538461538461538	2	31	1
0.428571428571429	2	31	1
0.321428571428571	2	31	1
0.434782608695652	2	31	1
0.310344827586207	2	31	1
0.483870967741935	2	31	1
0.2	2	31	1
0.4	2	31	1
0.289473684210526	2	31	1
0.56	2	31	1
0.413793103448276	2	31	1
0.385964912280702	2	31	1
0.441176470588235	2	31	1
0.351351351351351	2	31	1
0.458333333333333	2	31	1
0.535714285714286	2	31	1
0.371428571428571	2	31	1
0.375	2	31	1
0.435897435897436	2	31	1
0.366666666666667	2	31	1
0.523809523809524	2	31	1
0.655172413793103	2	31	1
0.558139534883721	2	31	1
0.451612903225806	2	31	1
0.444444444444444	2	31	1
0.555555555555556	2	31	1
0.527777777777778	2	31	1
0.421052631578947	2	31	1
0.433333333333333	2	31	1
0.475	2	31	1
0.387096774193548	2	31	1
0.55	2	31	1
0.53125	2	31	1
0.536585365853659	2	31	1
0.588235294117647	2	31	1
0.709677419354839	2	31	1
0.4375	2	31	1
0.444444444444444	2	31	1
0.363636363636364	2	31	1
0.416666666666667	2	31	1
0.461538461538462	2	31	1
0.375	2	31	1
0.333333333333333	2	31	1
0.463414634146341	2	31	1
0.51219512195122	2	31	1
0.633333333333333	2	31	1
0.464285714285714	2	31	1
0.4375	2	31	1
0.34375	2	31	1
0.435897435897436	2	31	1
0.555555555555556	2	31	1
0.5	2	31	1
0.413793103448276	2	31	1
0.583333333333333	2	31	1
0.5	2	31	1
0.5	2	31	1
0.428571428571429	2	31	1
0.512820512820513	2	31	1
0.321428571428571	2	31	1
0.479166666666667	2	31	1
0.133333333333333	2	31	1
0.5625	2	31	1
0.4375	2	31	1
0.46875	2	31	1
0.608695652173913	2	31	1
0.590909090909091	2	31	1
0.441176470588235	2	31	1
0.52	2	31	1
0.533333333333333	2	31	1
0.392857142857143	2	31	1
0.555555555555556	2	31	1
0.4	2	31	1
0.53125	2	31	1
0.388888888888889	2	31	1
0.285714285714286	2	31	1
0.44	2	31	1
0.571428571428571	2	31	1
0.482758620689655	2	31	1
0.285714285714286	2	31	1
0.5	2	31	1
0.541666666666667	2	31	1
0.363636363636364	2	31	1
0.342105263157895	2	31	1
0.375	2	31	1
0.555555555555556	2	31	1
0.394736842105263	2	31	1
0.352941176470588	2	31	1
0.393939393939394	2	31	1
0.4	2	31	1
0.372549019607843	2	31	1
0.457142857142857	2	31	1
0.514285714285714	2	31	1
0.481481481481481	2	31	1
0.527777777777778	2	31	1
0.464285714285714	2	31	1
0.513513513513513	2	31	1
0.571428571428571	2	31	1
0.486486486486487	2	31	1
0.409090909090909	2	31	1
0.32	2	31	1
0.486486486486487	2	31	1
0.565217391304348	2	31	1
0.5	2	31	1
0.4	2	31	1
0.527777777777778	2	31	1
0.541666666666667	2	31	1
0.545454545454545	2	31	1
0.581395348837209	2	31	1
0.6	2	31	1
0.5	2	31	1
0.534883720930233	2	31	1
0.375	2	31	1
0.388888888888889	2	31	1
0.428571428571429	2	31	1
0.382352941176471	2	31	1
0.645161290322581	2	31	1
0.560975609756098	2	31	1
0.5	2	31	1
0.421052631578947	2	31	1
0.392857142857143	2	31	1
0.191489361702128	2	31	1
0.444444444444444	2	31	1
0.485714285714286	2	31	1
0.463414634146341	2	31	1
0.461538461538462	2	31	1
0.580645161290323	2	31	1
0.444444444444444	2	31	1
0.454545454545455	2	31	1
0.411764705882353	2	31	1
0.428571428571429	2	31	1
0.441176470588235	2	31	1
0.464285714285714	2	31	1
0.3125	2	31	1
0.342105263157895	2	31	1
0.5	2	31	1
0.5	2	31	1
0.516129032258065	2	31	1
0.177777777777778	2	31	1
0.36	2	31	1
0.515151515151515	2	31	1
0.419354838709677	2	31	1
0.621621621621622	2	31	1
0.363636363636364	2	31	1
0.416666666666667	2	31	1
0.488372093023256	2	31	1
0.714285714285714	2	31	1
0.361111111111111	2	31	1
0.5	2	31	1
0.473684210526316	2	31	1
0.540540540540541	2	31	1
0.458333333333333	2	31	1
0.521739130434783	2	31	1
0.380952380952381	2	31	1
0.529411764705882	2	31	1
0.482758620689655	2	31	1
0.578947368421053	2	31	1
0.617647058823529	2	31	1
0.56	2	31	1
0.368421052631579	2	31	1
0.529411764705882	2	31	1
0.470588235294118	2	31	1
0.518518518518518	2	31	1
0.372093023255814	2	31	1
0.285714285714286	2	31	1
0.5	2	31	1
0.533333333333333	2	31	1
0.472222222222222	2	31	1
0.466666666666667	2	31	1
0.533333333333333	2	31	1
0.583333333333333	2	31	1
0.48	2	31	1
0.466666666666667	2	31	1
0.53125	2	31	1
0.428571428571429	2	31	1
0.2	2	31	1
0.6	2	31	1
0.294117647058824	2	31	1
0.414634146341463	2	31	1
0.357142857142857	2	31	1
0.266666666666667	2	31	1
0.433333333333333	2	31	1
0.35	2	31	1
0.444444444444444	2	31	1
0.461538461538462	2	31	1
0.25	2	31	1
0.310344827586207	2	31	1
0.387096774193548	2	31	1
0.514285714285714	2	31	1
0.65	2	31	1
0.533333333333333	2	31	1
0.466666666666667	2	31	1
0.352941176470588	2	31	1
0.545454545454545	2	31	1
0.5	2	31	1
0.444444444444444	2	31	1
0.354838709677419	2	31	1
0.235294117647059	2	31	1
0.37037037037037	2	31	1
0.361111111111111	2	31	1
0.636363636363636	2	31	1
0.52	2	31	1
0.516129032258065	2	31	1
0.439024390243902	2	31	1
0.538461538461538	2	31	1
0.578947368421053	2	31	1
0.432432432432432	2	31	1
0.366666666666667	2	31	1
0.612903225806452	2	31	1
0.6	2	31	1
0.5	2	31	1
0.324324324324324	2	31	1
0.542857142857143	2	31	1
0.222222222222222	2	31	1
0.388888888888889	2	31	1
0.586206896551724	2	31	1
0.444444444444444	2	31	1
0.7	2	31	1
0.48780487804878	2	31	1
0.425	2	31	1
0.48780487804878	2	31	1
0.470588235294118	2	31	1
0.533333333333333	2	31	1
0.5	2	31	1
0.405405405405405	2	31	1
0.565217391304348	2	31	1
0.461538461538462	2	31	1
0.342857142857143	2	31	1
0.617647058823529	2	31	1
0.470588235294118	2	31	1
0.565217391304348	2	31	1
0.307692307692308	2	31	1
0.4375	2	31	1
0.625	2	31	1
0.391304347826087	2	31	1
0.135135135135135	2	31	1
0.425	2	31	1
0.444444444444444	2	31	1
0.395348837209302	2	31	1
0.658536585365854	2	31	1
0.428571428571429	2	31	1
0.59375	2	31	1
0.485714285714286	2	31	1
0.5	2	31	1
0.575757575757576	2	31	1
0.5625	2	31	1
0.444444444444444	2	31	1
0.533333333333333	2	31	1
0.533333333333333	2	31	1
0.475	2	31	1
0.392857142857143	2	31	1
0.53125	2	31	1
0.451612903225806	2	31	1
0.5	2	31	1
0.45	2	31	1
0.5	2	31	1
0.444444444444444	2	31	1
0.37037037037037	2	31	1
0.45	2	31	1
0.394736842105263	2	31	1
0.341463414634146	2	31	1
0.4	2	31	1
0.470588235294118	2	31	1
0.342857142857143	2	31	1
0.529411764705882	2	31	1
0.444444444444444	2	31	1
0.166666666666667	2	31	1
0.6	2	31	1
0.516129032258065	2	31	1
0.466666666666667	2	31	1
0.272727272727273	2	31	1
0.464285714285714	2	31	1
0.448275862068966	2	31	1
0.473684210526316	2	31	1
0.461538461538462	2	31	1
0.545454545454545	2	31	1
0.333333333333333	2	31	1
0.542857142857143	2	31	1
0.486486486486487	2	31	1
0.533333333333333	2	31	1
0.4	2	31	1
0.413793103448276	2	31	1
0.372093023255814	2	31	1
0.371428571428571	2	31	1
0.425	2	31	1
0.131578947368421	2	31	1
0.571428571428571	2	31	1
0.578947368421053	2	31	1
0.363636363636364	2	31	1
0.615384615384615	2	31	1
0.484848484848485	2	31	1
0.363636363636364	2	31	1
0.333333333333333	2	31	1
0.5	2	31	1
0.454545454545455	2	31	1
0.483870967741935	2	31	1
0.512820512820513	2	31	1
0.285714285714286	2	31	1
0.58974358974359	2	31	1
0.447368421052632	2	31	1
0.448275862068966	2	31	1
0.52	2	31	1
0.575757575757576	2	31	1
0.380952380952381	2	31	1
0.414634146341463	2	31	1
0.4	2	31	1
0.522727272727273	2	31	1
0.511627906976744	2	31	1
0.428571428571429	2	31	1
0.106382978723404	2	31	1
0.387096774193548	2	31	1
0.448275862068966	2	31	1
0.53125	2	31	1
0.459459459459459	2	31	1
0.333333333333333	2	31	1
0.522727272727273	2	31	1
0.390243902439024	2	31	1
0.615384615384615	2	31	1
0.393939393939394	2	31	1
0.470588235294118	2	31	1
0.548387096774194	2	31	1
0.419354838709677	2	31	1
0.425	2	31	1
0.444444444444444	2	31	1
0.666666666666667	2	31	1
0.444444444444444	2	31	1
0.28125	2	31	1
0.464285714285714	2	31	1
0.540540540540541	2	31	1
0.171428571428571	2	31	1
0.214285714285714	2	31	1
0.529411764705882	2	31	1
0.606060606060606	2	31	1
0.444444444444444	2	31	1
0.5	2	31	1
0.523809523809524	2	31	1
0.512820512820513	2	31	1
0.631578947368421	2	31	1
0.6	2	31	1
0.533333333333333	2	31	1
0.275862068965517	2	31	1
0.648648648648649	2	31	1
0.4375	2	31	1
0.363636363636364	2	31	1
0.475	2	31	1
0.583333333333333	2	31	1
0.423076923076923	2	31	1
0.428571428571429	2	31	1
0.461538461538462	2	31	1
0.25	2	31	1
0.428571428571429	2	31	1
0.424242424242424	2	31	1
0.46875	2	31	1
0.333333333333333	2	31	1
0.571428571428571	2	31	1
0.423076923076923	2	31	1
0.482758620689655	2	31	1
0.48780487804878	2	31	1
0.314285714285714	2	31	1
0.592592592592593	2	31	1
0.558139534883721	2	31	1
0.434782608695652	2	31	1
0.428571428571429	2	31	1
0.473684210526316	2	31	1
0.3125	2	31	1
0.555555555555556	2	31	1
0.571428571428571	2	31	1
0.4375	2	31	1
0.620689655172414	2	31	1
0.555555555555556	2	31	1
0.457142857142857	2	31	1
0.625	2	31	1
0.560975609756098	2	31	1
0.46875	2	31	1
0.37037037037037	2	31	1
0.5	2	31	1
0.444444444444444	2	31	1
0.545454545454545	2	31	1
0.545454545454545	2	31	1
0.2	2	31	1
0.457142857142857	2	31	1
0.375	2	31	1
0.416666666666667	2	31	1
0.390243902439024	2	31	1
0.444444444444444	2	31	1
0.483870967741935	2	31	1
0.458333333333333	2	31	1
0.590909090909091	2	31	1
0.454545454545455	2	31	1
0.4375	2	31	1
0.379310344827586	2	31	1
0.375	2	31	1
0.625	2	31	1
0.257142857142857	2	31	1
0.52	2	31	1
0.4375	2	31	1
0.285714285714286	2	31	1
0.372093023255814	2	31	1
0.522727272727273	2	31	1
0.631578947368421	2	31	1
0.434782608695652	2	31	1
0.583333333333333	2	31	1
0.534883720930233	2	31	1
0.516129032258065	2	31	1
0.511111111111111	2	31	1
0.475	2	31	1
0.594594594594595	2	31	1
0.513513513513513	2	31	1
0.5	2	31	1
0.44	2	31	1
0.514285714285714	2	31	1
0.5	2	31	1
0.564102564102564	2	31	1
0.516129032258065	2	31	1
0.419354838709677	2	31	1
0.448275862068966	2	31	1
0.387096774193548	2	31	1
0.264705882352941	2	31	1
0.769230769230769	2	31	1
0.375	2	31	1
0.388888888888889	2	31	1
0.40625	2	31	1
0.53125	2	31	1
0.347826086956522	2	31	1
0.4	2	31	1
0.28	2	31	1
0.628571428571429	2	31	1
0.727272727272727	2	31	1
0.571428571428571	2	31	1
0.538461538461538	2	31	1
0.575	2	31	1
0.432432432432432	2	31	1
0.473684210526316	2	31	1
0.216216216216216	2	31	1
0.611111111111111	2	31	1
0.347826086956522	2	31	1
0.483870967741935	2	31	1
0.481481481481481	2	31	1
0.483870967741935	2	31	1
0.458333333333333	2	31	1
0.368421052631579	2	31	1
0.318181818181818	2	31	1
0.441176470588235	2	31	1
0.346153846153846	2	31	1
0.333333333333333	2	31	1
0.290322580645161	2	31	1
0.638888888888889	2	31	1
0.407407407407407	2	31	1
0.435897435897436	2	31	1
0.413793103448276	2	31	1
0.65	2	31	1
0.428571428571429	2	31	1
0.45	2	31	1
0.733333333333333	2	31	1
0.407407407407407	2	31	1
0.5	2	31	1
0.230769230769231	2	31	1
0.268292682926829	2	31	1
0.5	2	31	1
0.5	2	31	1
0.428571428571429	2	31	1
0.478260869565217	2	31	1
0.5	2	31	1
0.5625	2	31	1
0.545454545454545	2	31	1
0.789473684210526	2	31	1
0.53125	2	31	1
0.545454545454545	2	31	1
0.379310344827586	2	31	1
0.548387096774194	2	31	1
0.5625	2	31	1
0.388888888888889	2	31	1
0.5	2	31	1
0.378378378378378	2	31	1
0.351351351351351	2	31	1
0.323529411764706	2	31	1
0.464285714285714	2	31	1
0.466666666666667	2	31	1
0.441860465116279	2	31	1
0.607142857142857	2	31	1
0.464285714285714	2	31	1
0.28	2	31	1
0.564102564102564	2	31	1
0.384615384615385	2	31	1
0.53125	2	31	1
0.485714285714286	2	31	1
0.59375	2	31	1
0.472222222222222	2	31	1
0.571428571428571	2	31	1
0.166666666666667	2	31	1
0.157894736842105	2	31	1
0.478260869565217	2	31	1
0.552631578947368	2	31	1
0.461538461538462	2	31	1
0.631578947368421	2	31	1
0.342857142857143	2	31	1
0.217391304347826	2	31	1
0.464285714285714	2	31	1
0.468085106382979	2	31	1
0.444444444444444	2	31	1
0.515151515151515	2	31	1
0.51063829787234	2	31	1
0.2	2	31	1
0.545454545454545	2	31	1
0.407407407407407	2	31	1
0.586206896551724	2	31	1
0.448275862068966	2	31	1
0.488888888888889	2	31	1
0.621621621621622	2	31	1
0.476190476190476	2	31	1
0.27906976744186	2	31	1
0.48936170212766	2	31	1
0.527777777777778	2	31	1
0.515151515151515	2	31	1
0.56	2	31	1
0.4	2	31	1
0.216216216216216	2	31	1
0.181818181818182	2	31	1
0.4375	2	31	1
0.578947368421053	2	31	1
0.533333333333333	2	31	1
0.555555555555556	2	31	1
0.5	2	31	1
0.56	2	31	1
0.235294117647059	2	31	1
0.447368421052632	2	31	1
0.135135135135135	2	31	1
0.148148148148148	2	31	1
0.517241379310345	2	31	1
0.304347826086957	2	31	1
0.37037037037037	2	31	1
0.473684210526316	2	31	1
0.59375	2	31	1
0.484848484848485	2	31	1
0.466666666666667	2	31	1
0.439024390243902	2	31	1
0.275	2	31	1
0.40625	2	31	1
0.615384615384615	2	31	1
0.433333333333333	2	31	1
0.37037037037037	2	31	1
0.425	2	31	1
0.423076923076923	2	31	1
0.613636363636364	2	31	1
0.575	2	31	1
0.408163265306122	2	31	1
0.518518518518518	2	31	1
0.58974358974359	2	31	1
0.45	2	31	1
0.368421052631579	2	31	1
0.5	2	31	1
0.366666666666667	2	31	1
0.473684210526316	2	31	1
0.533333333333333	2	31	1
0.189189189189189	2	31	1
0.6	2	31	1
0.529411764705882	2	31	1
0.466666666666667	2	31	1
0.3125	2	31	1
0.407407407407407	2	31	1
0.657142857142857	2	31	1
0.571428571428571	2	31	1
0.25	2	31	1
0.535714285714286	2	31	1
0.571428571428571	2	31	1
0.384615384615385	2	31	1
0.441176470588235	2	31	1
0.464285714285714	2	31	1
0.354838709677419	2	31	1
0.517241379310345	2	31	1
0.6	2	31	1
0.75	2	31	1
0.409090909090909	2	31	1
0.454545454545455	2	31	1
0.586206896551724	2	31	1
0.133333333333333	2	31	1
0.41025641025641	2	31	1
0.40625	2	31	1
0.347826086956522	2	31	1
0.333333333333333	2	31	1
0.342105263157895	2	31	1
0.464285714285714	2	31	1
0.4	2	31	1
0.514285714285714	2	31	1
0.488372093023256	2	31	1
0.647058823529412	2	31	1
0.413793103448276	2	31	1
0.513513513513513	2	31	1
0.365853658536585	2	31	1
0.564102564102564	2	31	1
0.476190476190476	2	31	1
0.636363636363636	2	31	1
0.41025641025641	2	31	1
0.592592592592593	2	31	1
0.45	2	31	1
0.516129032258065	2	31	1
0.421052631578947	2	31	1
0.5	2	31	1
0.388888888888889	2	31	1
0.555555555555556	2	31	1
0.484848484848485	2	31	1
0.615384615384615	2	31	1
0.214285714285714	2	31	1
0.416666666666667	2	31	1
0.777777777777778	2	31	1
0.526315789473684	2	31	1
0.52	2	31	1
0.145833333333333	2	31	1
0.48	2	31	1
0.444444444444444	2	31	1
0.636363636363636	2	31	1
0.428571428571429	2	31	1
0.363636363636364	2	31	1
0.666666666666667	2	31	1
0.466666666666667	2	31	1
0.193548387096774	2	31	1
0.552631578947368	2	31	1
0.424242424242424	2	31	1
0.387096774193548	2	31	1
0.454545454545455	2	31	1
0.464285714285714	2	31	1
0.146341463414634	2	31	1
0.642857142857143	2	31	1
0.476190476190476	2	31	1
0.513513513513513	2	31	1
0.5	2	31	1
0.540540540540541	2	31	1
0.5	2	31	1
0.333333333333333	2	31	1
0.41304347826087	2	31	1
0.230769230769231	2	31	1
0.590909090909091	2	31	1
0.130434782608696	2	31	1
0.382352941176471	2	31	1
0.259259259259259	2	31	1
0.464285714285714	2	31	1
0.454545454545455	2	31	1
0.52	2	31	1
0.413793103448276	2	31	1
0.456521739130435	2	31	1
0.392857142857143	2	31	1
0.515151515151515	2	31	1
0.5	2	31	1
0.625	2	31	1
0.518518518518518	2	31	1
0.394736842105263	2	31	1
0.428571428571429	2	31	1
0.380952380952381	2	31	1
0.454545454545455	2	31	1
0.652173913043478	2	31	1
0.428571428571429	2	31	1
0.464285714285714	2	31	1
0.534883720930233	2	31	1
0.522727272727273	2	31	1
0.627906976744186	2	31	1
0.375	2	31	1
0.348837209302326	2	31	1
0.346153846153846	2	31	1
0.444444444444444	2	31	1
0.352941176470588	2	31	1
0.414634146341463	2	31	1
0.657894736842105	2	31	1
0.578947368421053	2	31	1
0.478260869565217	2	31	1
0.515151515151515	2	31	1
0.514285714285714	2	31	1
0.588235294117647	2	31	1
0.527777777777778	2	31	1
0.606060606060606	2	31	1
0.344827586206897	2	31	1
0.392857142857143	2	31	1
0.413793103448276	2	31	1
0.6	2	31	1
0.444444444444444	2	31	1
0.170212765957447	2	31	1
0.5	2	31	1
0.432432432432432	2	31	1
0.605263157894737	2	31	1
0.448275862068966	2	31	1
0.488372093023256	2	31	1
0.555555555555556	2	31	1
0.444444444444444	2	31	1
0.41025641025641	2	31	1
0.542857142857143	2	31	1
0.478260869565217	2	31	1
0.526315789473684	2	31	1
0.333333333333333	2	31	1
0.578947368421053	2	31	1
0.35	2	31	1
0.447368421052632	2	31	1
0.592592592592593	2	31	1
0.363636363636364	2	31	1
0.4	2	31	1
0.451612903225806	2	31	1
0.3125	2	31	1
0.391304347826087	2	31	1
0.365853658536585	2	31	1
0.32	2	31	1
0.578947368421053	2	31	1
0.5	2	31	1
0.551020408163265	2	31	1
0.571428571428571	2	31	1
0.552631578947368	2	31	1
0.37037037037037	2	31	1
0.457142857142857	2	31	1
0.447368421052632	2	31	1
0.459459459459459	2	31	1
0.434782608695652	2	31	1
0.378378378378378	2	31	1
0.441176470588235	2	31	1
0.5	2	31	1
0.514285714285714	2	31	1
0.44	2	31	1
0.5	2	31	1
0.585365853658537	2	31	1
0.625	2	31	1
0.653846153846154	2	31	1
0.75	2	31	1
0.516129032258065	2	31	1
0.476190476190476	2	31	1
0.529411764705882	2	31	1
0.545454545454545	2	31	1
0.145833333333333	2	31	1
0.46875	2	31	1
0.127659574468085	2	31	1
0.142857142857143	2	31	1
0.447368421052632	2	31	1
0.392857142857143	2	31	1
0.2	2	31	1
0.441860465116279	2	31	1
0.541666666666667	2	31	1
0.648648648648649	2	31	1
0.611111111111111	2	31	1
0.325	2	31	1
0.441176470588235	2	31	1
0.928571428571429	2	31	1
0.428571428571429	2	31	1
0.40625	2	31	1
0.576923076923077	2	31	1
0.454545454545455	2	31	1
0.421052631578947	2	31	1
0.555555555555556	2	31	1
0.277777777777778	2	31	1
0.535714285714286	2	31	1
0.391304347826087	2	31	1
0.538461538461538	2	31	1
0.53125	2	31	1
0.5	2	31	1
0.333333333333333	2	31	1
0.380952380952381	2	31	1
0.346153846153846	2	31	1
0.6	2	31	1
0.625	2	31	1
0.454545454545455	2	31	1
0.594594594594595	2	31	1
0.526315789473684	2	31	1
0.653846153846154	2	31	1
0.314285714285714	2	31	1
0.433333333333333	2	31	1
0.55	2	31	1
0.425	2	31	1
0.5	2	31	1
0.530612244897959	2	31	1
0.548387096774194	2	31	1
0.416666666666667	2	31	1
0.416666666666667	2	31	1
0.423076923076923	2	31	1
0.46875	2	31	1
0.511111111111111	2	31	1
0.142857142857143	2	31	1
0.3	2	31	1
0.421052631578947	2	31	1
0.538461538461538	2	31	1
0.5	2	31	1
0.413793103448276	2	31	1
0.615384615384615	2	31	1
0.521739130434783	2	31	1
0.608695652173913	2	31	1
0.465116279069767	2	31	1
0.454545454545455	2	31	1
0.384615384615385	2	31	1
0.25	2	31	1
0.533333333333333	2	31	1
0.457627118644068	2	31	1
0.388888888888889	2	31	1
0.407407407407407	2	31	1
0.394736842105263	2	31	1
0.595744680851064	2	31	1
0.68	2	31	1
0.473684210526316	2	31	1
0.409090909090909	2	31	1
0.452380952380952	2	31	1
0.456521739130435	2	31	1
0.269230769230769	2	31	1
0.441860465116279	2	31	1
0.48780487804878	2	31	1
0.534883720930233	2	31	1
0.382352941176471	2	31	1
0.2	2	31	1
0.333333333333333	2	31	1
0.421052631578947	2	31	1
0.547619047619048	2	31	1
0.542857142857143	2	31	1
0.714285714285714	2	31	1
0.518518518518518	2	31	1
0.548387096774194	2	31	1
0.6875	2	31	1
0.454545454545455	2	31	1
0.473684210526316	2	31	1
0.432432432432432	2	31	1
0.552631578947368	2	31	1
0.4	2	31	1
0.521739130434783	2	31	1
0.433333333333333	2	31	1
0.523809523809524	2	31	1
0.448275862068966	2	31	1
0.611111111111111	2	31	1
0.621621621621622	2	31	1
0.421052631578947	2	31	1
0.555555555555556	2	31	1
0.414634146341463	2	31	1
0.416666666666667	2	31	1
0.363636363636364	2	31	1
0.3125	2	31	1
0.395348837209302	2	31	1
0.285714285714286	2	31	1
0.472222222222222	2	31	1
0.424242424242424	2	31	1
0.365853658536585	2	31	1
0.375	2	31	1
0.4	2	31	1
0.146341463414634	2	31	1
0.521739130434783	2	31	1
0.375	2	31	1
0.483870967741935	2	31	1
0.5	2	31	1
0.535714285714286	2	31	1
0.511627906976744	2	31	1
0.357142857142857	2	31	1
0.538461538461538	2	31	1
0.5	2	31	1
0.48	2	31	1
0.5	2	31	1
0.166666666666667	2	31	1
0.444444444444444	2	31	1
0.36	2	31	1
0.290322580645161	2	31	1
0.34375	2	31	1
0.314285714285714	2	31	1
0.45	2	31	1
0.457142857142857	2	31	1
0.333333333333333	2	31	1
0.392857142857143	2	31	1
0.382352941176471	2	31	1
0.6	2	31	1
0.523809523809524	2	31	1
0.205128205128205	2	31	1
0.777777777777778	2	31	1
0.333333333333333	2	31	1
0.111111111111111	2	31	1
0.5	2	31	1
0.444444444444444	2	31	1
0.5	2	31	1
0.477272727272727	2	31	1
0.525	2	31	1
0.411764705882353	2	31	1
0.466666666666667	2	31	1
0.6	2	31	1
0.545454545454545	2	31	1
0.304347826086957	2	31	1
0.40625	2	31	1
0.25531914893617	2	31	1
0.517241379310345	2	31	1
0.473684210526316	2	31	1
0.486486486486487	2	31	1
0.419354838709677	2	31	1
0.388888888888889	2	31	1
0.382352941176471	2	31	1
0.470588235294118	2	31	1
0.612903225806452	2	31	1
0.727272727272727	2	31	1
0.5	2	31	1
0.517241379310345	2	31	1
0.470588235294118	2	31	1
0.421052631578947	2	31	1
0.375	2	31	1
0.538461538461538	2	31	1
0.483870967741935	2	31	1
0.58974358974359	2	31	1
0.422222222222222	2	31	1
0.586206896551724	2	31	1
0.333333333333333	2	31	1
0.518518518518518	2	31	1
0.296296296296296	2	31	1
0.391304347826087	2	31	1
0.416666666666667	2	31	1
0.6	2	31	1
0.384615384615385	2	31	1
0.4375	2	31	1
0.516129032258065	2	31	1
0.533333333333333	2	31	1
0.478260869565217	2	31	1
0.526315789473684	2	31	1
0.515151515151515	2	31	1
0.458333333333333	2	31	1
0.433333333333333	2	31	1
0.3125	2	31	1
0.5	2	31	1
0.548387096774194	2	31	1
0.592592592592593	2	31	1
0.294117647058824	2	31	1
0.451612903225806	2	31	1
0.517241379310345	2	31	1
0.138888888888889	2	31	1
0.567567567567568	2	31	1
0.552631578947368	2	31	1
0.545454545454545	2	31	1
0.478260869565217	2	31	1
0.375	2	31	1
0.666666666666667	2	31	1
0.454545454545455	2	31	1
0.5	2	31	1
0.5	2	31	1
0.56	2	31	1
0.5	2	31	1
0.428571428571429	2	31	1
0.444444444444444	2	31	1
0.517241379310345	2	31	1
0.566666666666667	2	31	1
0.384615384615385	2	31	1
0.476190476190476	2	31	1
0.476190476190476	2	31	1
0.425	2	31	1
0.51219512195122	2	31	1
0.478260869565217	2	31	1
0.454545454545455	2	31	1
0.119047619047619	2	31	1
0.34375	2	31	1
0.575	2	31	1
0.545454545454545	2	31	1
0.347826086956522	2	31	1
0.5	2	31	1
0.421052631578947	2	31	1
0.555555555555556	2	31	1
0.37037037037037	2	31	1
0.333333333333333	2	31	1
0.304347826086957	2	31	1
0.448275862068966	2	31	1
0.466666666666667	2	31	1
0.307692307692308	2	31	1
0.551724137931034	2	31	1
0.448275862068966	2	31	1
0.363636363636364	2	31	1
0.470588235294118	2	31	1
0.152173913043478	2	31	1
0.48	2	31	1
0.277777777777778	2	31	1
0.5	2	31	1
0.476190476190476	2	31	1
0.517241379310345	2	31	1
0.4	2	31	1
0.428571428571429	2	31	1
0.666666666666667	2	31	1
0.7	2	31	1
0.230769230769231	2	31	1
0.323529411764706	2	31	1
0.543478260869565	2	31	1
0.5625	2	31	1
0.486486486486487	2	31	1
0.285714285714286	2	31	1
0.5	2	31	1
0.387096774193548	2	31	1
0.4375	2	31	1
0.342105263157895	2	31	1
0.44	2	31	1
0.483870967741935	2	31	1
0.515151515151515	2	31	1
0.4375	2	31	1
0.357142857142857	2	31	1
0.432432432432432	2	31	1
0.473684210526316	2	31	1
0.466666666666667	2	31	1
0.441176470588235	2	31	1
0.458333333333333	2	31	1
0.566666666666667	2	31	1
0.513513513513513	2	31	1
0.405405405405405	2	31	1
0.433333333333333	2	31	1
0.405405405405405	2	31	1
0.513513513513513	2	31	1
0.571428571428571	2	31	1
0.527777777777778	2	31	1
0.568181818181818	2	31	1
0.516129032258065	2	31	1
0.375	2	31	1
0.605263157894737	2	31	1
0.5	2	31	1
0.422222222222222	2	31	1
0.571428571428571	2	31	1
0.666666666666667	2	31	1
0.6	2	31	1
0.388888888888889	2	31	1
0.444444444444444	2	31	1
0.727272727272727	2	31	1
0.32258064516129	2	31	1
0.576923076923077	2	31	1
0.666666666666667	2	31	1
0.351351351351351	2	31	1
0.571428571428571	2	31	1
0.36	2	31	1
0.413793103448276	2	31	1
0.692307692307692	2	31	1
0.647058823529412	2	31	1
0.5	2	31	1
0.421052631578947	2	31	1
0.392857142857143	2	31	1
0.4	2	31	1
0.483870967741935	2	31	1
0.391304347826087	2	31	1
0.666666666666667	2	31	1
0.620689655172414	2	31	1
0.41304347826087	2	31	1
0.45	2	31	1
0.538461538461538	2	31	1
0.605263157894737	2	31	1
0.483870967741935	2	31	1
0.380952380952381	2	31	1
0.388888888888889	2	31	1
0.866666666666667	2	31	1
0.666666666666667	2	31	1
0.357142857142857	2	31	1
0.608695652173913	2	31	1
0.619047619047619	2	31	1
0.388888888888889	2	31	1
0.388888888888889	2	31	1
0.411764705882353	2	31	1
0.564102564102564	2	31	1
0.5	2	31	1
0.555555555555556	2	31	1
0.451612903225806	2	31	1
0.433333333333333	2	31	1
0.605263157894737	2	31	1
0.608695652173913	2	31	1
0.421052631578947	2	31	1
0.388888888888889	2	31	1
0.5	2	31	1
0.617647058823529	2	31	1
0.366666666666667	2	31	1
0.481481481481481	2	31	1
0.481481481481481	2	31	1
0.5	2	31	1
0.428571428571429	2	31	1
0.448275862068966	2	31	1
0.521739130434783	2	31	1
0.45	2	31	1
0.4375	2	31	1
0.578947368421053	2	31	1
0.6	2	31	1
0.476190476190476	2	31	1
0.411764705882353	2	31	1
0.153846153846154	2	31	1
0.513513513513513	2	31	1
0.5	2	31	1
0.45	2	31	1
0.545454545454545	2	31	1
0.538461538461538	2	31	1
0.428571428571429	2	31	1
0.433333333333333	2	31	1
0.5	2	31	1
0.478260869565217	2	31	1
0.4	2	31	1
0.4375	2	31	1
0.464285714285714	2	31	1
0.605263157894737	2	31	1
0.545454545454545	2	31	1
0.590909090909091	2	31	1
0.303030303030303	2	31	1
0.461538461538462	2	31	1
0.379310344827586	2	31	1
0.5	2	31	1
0.5	2	31	1
0.666666666666667	2	31	1
0.633333333333333	2	31	1
0.526315789473684	2	31	1
0.363636363636364	2	31	1
0.638888888888889	2	31	1
0.458333333333333	2	31	1
0.433333333333333	2	31	1
0.5625	2	31	1
0.4	2	31	1
0.382352941176471	2	31	1
0.5	2	31	1
0.452380952380952	2	31	1
0.647058823529412	2	31	1
0.571428571428571	2	31	1
0.515151515151515	2	31	1
0.269230769230769	2	31	1
0.272727272727273	2	31	1
0.605263157894737	2	31	1
0.592592592592593	2	31	1
0.466666666666667	2	31	1
0.333333333333333	2	31	1
0.346153846153846	2	31	1
0.552631578947368	2	31	1
0.48	2	31	1
0.421052631578947	2	31	1
0.457142857142857	2	31	1
0.473684210526316	2	31	1
0.266666666666667	2	31	1
0.379310344827586	2	31	1
0.53125	2	31	1
0.333333333333333	2	31	1
0.464285714285714	2	31	1
0.470588235294118	2	31	1
0.5	2	31	1
0.5625	2	31	1
0.37037037037037	2	31	1
0.434782608695652	2	31	1
0.456521739130435	2	31	1
0.394736842105263	2	31	1
0.513513513513513	2	31	1
0.478260869565217	2	31	1
0.260869565217391	2	31	1
0.433333333333333	2	31	1
0.378378378378378	2	31	1
0.285714285714286	2	31	1
0.393939393939394	2	31	1
0.666666666666667	2	31	1
0.441860465116279	2	31	1
0.477272727272727	2	31	1
0.411764705882353	2	31	1
0.6	2	31	1
0.416666666666667	2	31	1
0.382352941176471	2	31	1
0.571428571428571	2	31	1
0.566666666666667	2	31	1
0.5	2	31	1
0.59375	2	31	1
0.5	2	31	1
0.315789473684211	2	31	1
0.151515151515152	2	31	1
0.5	2	31	1
0.457142857142857	2	31	1
0.421052631578947	2	31	1
0.461538461538462	2	31	1
0.5625	2	31	1
0.466666666666667	2	31	1
0.444444444444444	2	31	1
0.392857142857143	2	31	1
0.607142857142857	2	31	1
0.421052631578947	2	31	1
0.428571428571429	2	31	1
0.44	2	31	1
0.28125	2	31	1
0.555555555555556	2	31	1
0.153846153846154	2	31	1
0.333333333333333	2	31	1
0.387096774193548	2	31	1
0.318181818181818	2	31	1
0.615384615384615	2	31	1
0.535714285714286	2	31	1
0.464285714285714	2	31	1
0.53125	2	31	1
0.488888888888889	2	31	1
0.48936170212766	2	31	1
0.461538461538462	2	31	1
0.5	2	31	1
0.5	2	31	1
0.414634146341463	2	31	1
0.419354838709677	2	31	1
0.59375	2	31	1
0.393939393939394	2	31	1
0.409090909090909	2	31	1
0.457142857142857	2	31	1
0.4	2	31	1
0.344827586206897	2	31	1
0.4	2	31	1
0.485714285714286	2	31	1
0.361111111111111	2	31	1
0.547619047619048	2	31	1
0.416666666666667	2	31	1
0.24	2	31	1
0.486486486486487	2	31	1
0.121212121212121	2	31	1
0.315789473684211	2	31	1
0.277777777777778	2	31	1
0.111111111111111	2	31	1
0.515151515151515	2	31	1
0.394736842105263	2	31	1
0.394736842105263	2	31	1
0.375	2	31	1
0.67741935483871	2	31	1
0.454545454545455	2	31	1
0.590909090909091	2	31	1
0.472222222222222	2	31	1
0.558823529411765	2	31	1
0.636363636363636	2	31	1
0.444444444444444	2	31	1
0.32	2	31	1
0.44	2	31	1
0.513513513513513	2	31	1
0.363636363636364	2	31	1
0.51063829787234	2	31	1
0.55	2	31	1
0.5	2	31	1
0.388888888888889	2	31	1
0.5	2	31	1
0.552631578947368	2	31	1
0.529411764705882	2	31	1
0.538461538461538	2	31	1
0.473684210526316	2	31	1
0.487179487179487	2	31	1
0.6	2	31	1
0.441176470588235	2	31	1
0.466666666666667	2	31	1
0.444444444444444	2	31	1
0.488372093023256	2	31	1
0.388888888888889	2	31	1
0.414634146341463	2	31	1
0.484848484848485	2	31	1
0.441860465116279	2	31	1
0.428571428571429	2	31	1
0.387096774193548	2	31	1
0.388888888888889	2	31	1
0.461538461538462	2	31	1
0.418604651162791	2	31	1
0.560975609756098	2	31	1
0.444444444444444	2	31	1
0.365853658536585	2	31	1
0.456521739130435	2	31	1
0.52	2	31	1
0.346153846153846	2	31	1
0.439024390243902	2	31	1
0.833333333333333	2	31	1
0.484848484848485	2	31	1
0.486486486486487	2	31	1
0.620689655172414	2	31	1
0.269230769230769	2	31	1
0.545454545454545	2	31	1
0.3	2	31	1
0.53125	2	31	1
0.580645161290323	2	31	1
0.466666666666667	2	31	1
0.28	2	31	1
0.487179487179487	2	31	1
0.740740740740741	2	31	1
0.444444444444444	2	31	1
0.44	2	31	1
0.464285714285714	2	31	1
0.633333333333333	2	31	1
0.483870967741935	2	31	1
0.378378378378378	2	31	1
0.516129032258065	2	31	1
0.37037037037037	2	31	1
0.428571428571429	2	31	1
0.416666666666667	2	31	1
0.333333333333333	2	31	1
0.444444444444444	2	31	1
0.357142857142857	2	31	1
0.294117647058824	2	31	1
0.475	2	31	1
0.45	2	31	1
0.575757575757576	2	31	1
0.5	2	31	1
0.592592592592593	2	31	1
0.571428571428571	2	31	1
0.483870967741935	2	31	1
0.482758620689655	2	31	1
0.130434782608696	2	31	1
0.444444444444444	2	31	1
0.285714285714286	2	31	1
0.625	2	31	1
0.529411764705882	2	31	1
0.428571428571429	2	31	1
0.428571428571429	2	31	1
0.454545454545455	2	31	1
0.566666666666667	2	31	1
0.380952380952381	2	31	1
0.5	2	31	1
0.423076923076923	2	31	1
0.475	2	31	1
0.1875	2	31	1
0.454545454545455	2	31	1
0.371428571428571	2	31	1
0.472222222222222	2	31	1
0.681818181818182	2	31	1
0.642857142857143	2	31	1
0.434782608695652	2	31	1
0.388888888888889	2	31	1
0.65	2	31	1
0.171428571428571	2	31	1
0.529411764705882	2	31	1
0.777777777777778	2	31	1
0.379310344827586	2	31	1
0.5	2	31	1
0.457142857142857	2	31	1
0.34375	2	31	1
0.411764705882353	2	31	1
0.666666666666667	2	31	1
0.48	2	31	1
0.384615384615385	2	31	1
0.482758620689655	2	31	1
0.486486486486487	2	31	1
0.451612903225806	2	31	1
0.25	2	31	1
0.448275862068966	2	31	1
0.477272727272727	2	31	1
0.538461538461538	2	31	1
0.411764705882353	2	31	1
0.448275862068966	2	31	1
0.451612903225806	2	31	1
0.463414634146341	2	31	1
0.541666666666667	2	31	1
0.478260869565217	2	31	1
0.478260869565217	2	31	1
0.516129032258065	2	31	1
0.2	2	31	1
0.44	2	31	1
0.526315789473684	2	31	1
0.392857142857143	2	31	1
0.526315789473684	2	31	1
0.444444444444444	2	31	1
0.25	2	31	1
0.547619047619048	2	31	1
0.65	2	31	1
0.46875	2	31	1
0.6	2	31	1
0.432432432432432	2	31	1
0.428571428571429	2	31	1
0.545454545454545	2	31	1
0.40625	2	31	1
0.666666666666667	2	31	1
0.448275862068966	2	31	1
0.484848484848485	2	31	1
0.379310344827586	2	31	1
0.478260869565217	2	31	1
0.575757575757576	2	31	1
0.380952380952381	2	31	1
0.44	2	31	1
0.434782608695652	2	31	1
0.515151515151515	2	31	1
0.285714285714286	2	31	1
0.478260869565217	2	31	1
0.5	2	31	1
0.586206896551724	2	31	1
0.416666666666667	2	31	1
0.565217391304348	2	31	1
0.612903225806452	2	31	1
0.368421052631579	2	31	1
0.166666666666667	2	31	1
0.357142857142857	2	31	1
0.464285714285714	2	31	1
0.666666666666667	2	31	1
0.470588235294118	2	31	1
0.441176470588235	2	31	1
0.5	2	31	1
0.432432432432432	2	31	1
0.451612903225806	2	31	1
0.518518518518518	2	31	1
0.5	2	31	1
0.435897435897436	2	31	1
0.6	2	31	1
0.606060606060606	2	31	1
0.5	2	31	1
0.527777777777778	2	31	1
0.407407407407407	2	31	1
0.487179487179487	2	31	1
0.592592592592593	2	31	1
0.416666666666667	2	31	1
0.321428571428571	2	31	1
0.424242424242424	2	31	1
0.285714285714286	2	31	1
0.4375	2	31	1
0.441176470588235	2	31	1
0.368421052631579	2	31	1
0.454545454545455	2	31	1
0.552631578947368	2	31	1
0.6	2	31	1
0.269230769230769	2	31	1
0.457142857142857	2	31	1
0.476190476190476	2	31	1
0.476190476190476	2	31	1
0.423076923076923	2	31	1
0.483870967741935	2	31	1
0.464285714285714	2	31	1
1	2	31	1
0.53125	2	31	1
0.333333333333333	2	31	1
0.576923076923077	2	31	1
0.5	2	31	1
0.586206896551724	2	31	1
0.36	2	31	1
0.5	2	31	1
0.518518518518518	2	31	1
0.4375	2	31	1
0.5	2	31	1
0.36	2	31	1
0.633333333333333	2	31	1
0.318181818181818	2	31	1
0.555555555555556	2	31	1
0.571428571428571	2	31	1
0.558139534883721	2	31	1
0.46875	2	31	1
0.714285714285714	2	31	1
0.575757575757576	2	31	1
0.269230769230769	2	31	1
0.457142857142857	2	31	1
0.473684210526316	2	31	1
0.484848484848485	2	31	1
0.578947368421053	2	31	1
0.4375	2	31	1
0.458333333333333	2	31	1
0.424242424242424	2	31	1
0.580645161290323	2	31	1
0.4	2	31	1
0.44	2	31	1
0.478260869565217	2	31	1
0.4	2	31	1
0.36	2	31	1
0.488888888888889	2	31	1
0.54	2	31	1
0.416666666666667	2	31	1
0.5	2	31	1
0.611111111111111	2	31	1
0.608695652173913	2	31	1
0.514285714285714	2	31	1
0.2	2	31	1
0.351351351351351	2	31	1
0.375	2	31	1
0.475	2	31	1
0.588235294117647	2	31	1
0.411764705882353	2	31	1
0.393939393939394	2	31	1
0.5625	2	31	1
0.5	2	31	1
0.555555555555556	2	31	1
0.5	2	31	1
0.545454545454545	2	31	1
0.407407407407407	2	31	1
0.6	2	31	1
0.4	2	31	1
0.523809523809524	2	31	1
0.5	2	31	1
0.470588235294118	2	31	1
0.472222222222222	2	31	1
0.612903225806452	2	31	1
0.41025641025641	2	31	1
0.485714285714286	2	31	1
0.473684210526316	2	31	1
0.363636363636364	2	31	1
0.37037037037037	2	31	1
0.444444444444444	2	31	1
0.5	2	31	1
0.545454545454545	2	31	1
0.444444444444444	2	31	1
0.457142857142857	2	31	1
0.538461538461538	2	31	1
0.454545454545455	2	31	1
0.529411764705882	2	31	1
0.470588235294118	2	31	1
0.431818181818182	2	31	1
0.435897435897436	2	31	1
0.358974358974359	2	31	1
0.416666666666667	2	31	1
0.444444444444444	2	31	1
0.535714285714286	2	31	1
0.4375	2	31	1
0.464285714285714	2	31	1
0.517241379310345	2	31	1
0.511627906976744	2	31	1
0.6	2	31	1
0.318181818181818	2	31	1
0.5	2	31	1
0.5	2	31	1
0.473684210526316	2	31	1
0.454545454545455	2	31	1
0.558823529411765	2	31	1
0.5	2	31	1
0.236842105263158	2	31	1
0.5	2	31	1
0.666666666666667	2	31	1
0.25	2	31	1
0.451612903225806	2	31	1
0.346153846153846	2	31	1
0.5625	2	31	1
0.444444444444444	2	31	1
0.466666666666667	2	31	1
0.34375	2	31	1
0.378378378378378	2	31	1
0.647058823529412	2	31	1
0.405405405405405	2	31	1
0.444444444444444	2	31	1
0.423076923076923	2	31	1
0.5	2	31	1
0.583333333333333	2	31	1
0.323529411764706	2	31	1
0.451612903225806	2	31	1
0.433333333333333	2	31	1
0.526315789473684	2	31	1
0.464285714285714	2	31	1
0.5	2	31	1
0.548387096774194	2	31	1
0.5625	2	31	1
0.409090909090909	2	31	1
0.413793103448276	2	31	1
0.434782608695652	2	31	1
0.441176470588235	2	31	1
0.411764705882353	2	31	1
0.428571428571429	2	31	1
0.448275862068966	2	31	1
0.472222222222222	2	31	1
0.5625	2	31	1
0.558823529411765	2	31	1
0.611111111111111	2	31	1
0.565217391304348	2	31	1
0.466666666666667	2	31	1
0.571428571428571	2	31	1
0.590909090909091	2	31	1
0.25	2	31	1
0.466666666666667	2	31	1
0.157894736842105	2	31	1
0.733333333333333	2	31	1
0.62962962962963	2	31	1
0.363636363636364	2	31	1
0.157303370786517	2	31	1
0.5	2	31	1
0.368421052631579	2	31	1
0.432432432432432	2	31	1
0.75	2	31	1
0.433333333333333	2	31	1
0.5	2	31	1
0.421052631578947	2	31	1
0.5	2	31	1
0.5	2	31	1
0.4	2	31	1
0.466666666666667	2	31	1
0.631578947368421	2	31	1
0.538461538461538	2	31	1
0.4375	2	31	1
0.527777777777778	2	31	1
0.45	2	31	1
0.428571428571429	2	31	1
0.5625	2	31	1
0.464285714285714	2	31	1
0.461538461538462	2	31	1
0.5	2	31	1
0.138888888888889	2	31	1
0.131578947368421	2	31	1
0.354838709677419	2	31	1
0.416666666666667	2	31	1
0.44	2	31	1
0.529411764705882	2	31	1
0.548387096774194	2	31	1
0.592592592592593	2	31	1
0.56	2	31	1
0.472222222222222	2	31	1
0.413793103448276	2	31	1
0.545454545454545	2	31	1
0.625	2	31	1
0.526315789473684	2	31	1
0.216216216216216	2	31	1
0.461538461538462	2	31	1
0.387096774193548	2	31	1
0.269230769230769	2	31	1
0.576923076923077	2	31	1
0.136363636363636	2	31	1
0.733333333333333	2	31	1
0.705882352941177	2	31	1
0.5	2	31	1
0.516129032258065	2	31	1
0.35	2	31	1
0.571428571428571	2	31	1
0.5	2	31	1
0.538461538461538	2	31	1
0.764705882352941	2	31	1
0.368421052631579	2	31	1
0.352941176470588	3	47	1
0.345454545454545	3	47	1
0.32	3	47	1
0.369565217391304	3	47	1
0.333333333333333	3	47	1
0.358490566037736	3	47	1
0.365853658536585	3	47	1
0.3125	3	47	1
0.255813953488372	3	47	1
0.394736842105263	3	47	1
0.263157894736842	3	47	1
0.392156862745098	3	47	1
0.357142857142857	3	47	1
0.382978723404255	3	47	1
0.274509803921569	3	47	1
0.292682926829268	3	47	1
0.65625	3	47	1
0.2	3	47	1
0.380952380952381	3	47	1
0.347826086956522	3	47	1
0.333333333333333	3	47	1
0.324324324324324	3	47	1
0.222222222222222	3	47	1
0.25	3	47	1
