VAF	CN	avg.depth	purity
0.484848484848485	4	33	0.91
0.416666666666667	4	33	0.91
0.193548387096774	4	33	0.91
0.25	4	33	0.91
0.176470588235294	4	33	0.91
0.24390243902439	4	33	0.91
0.259259259259259	4	33	0.91
0.454545454545455	4	33	0.91
0.119047619047619	4	33	0.91
0.25	4	33	0.91
0.488888888888889	4	33	0.91
0.363636363636364	4	33	0.91
0.113636363636364	4	33	0.91
0.269230769230769	4	33	0.91
0.35	4	33	0.91
0.428571428571429	4	33	0.91
0.621621621621622	4	33	0.91
0.361111111111111	4	33	0.91
0.157894736842105	4	33	0.91
0.255813953488372	4	33	0.91
0.178571428571429	4	33	0.91
0.214285714285714	4	33	0.91
0.428571428571429	4	33	0.91
0.125	4	33	0.91
0.5	4	33	0.91
0.375	4	33	0.91
0.269230769230769	4	33	0.91
0.567567567567568	4	33	0.91
0.142857142857143	4	33	0.91
0.423076923076923	4	33	0.91
0.560975609756098	4	33	0.91
0.464285714285714	4	33	0.91
0.479166666666667	4	33	0.91
0.529411764705882	4	33	0.91
0.375	4	33	0.91
0.310344827586207	4	33	0.91
0.145833333333333	4	33	0.91
0.608695652173913	4	33	0.91
0.588235294117647	4	33	0.91
0.533333333333333	4	33	0.91
0.5	4	33	0.91
0.333333333333333	4	33	0.91
0.461538461538462	4	33	0.91
0.580645161290323	4	33	0.91
0.186046511627907	4	33	0.91
0.32258064516129	4	33	0.91
0.487179487179487	4	33	0.91
0.428571428571429	4	33	0.91
0.4	4	33	0.91
0.3	4	33	0.91
0.512820512820513	4	33	0.91
0.194444444444444	4	33	0.91
0.3	4	33	0.91
0.48780487804878	4	33	0.91
0.567567567567568	4	33	0.91
0.451612903225806	4	33	0.91
0.307692307692308	4	33	0.91
0.5	4	33	0.91
0.292682926829268	4	33	0.91
0.5	4	33	0.91
0.486486486486487	4	33	0.91
0.290322580645161	4	33	0.91
0.294117647058824	4	33	0.91
0.55	4	33	0.91
0.323529411764706	4	33	0.91
0.55	4	33	0.91
0.368421052631579	4	33	0.91
0.458333333333333	4	33	0.91
0.478260869565217	4	33	0.91
0.2	4	33	0.91
0.290322580645161	4	33	0.91
0.142857142857143	4	33	0.91
0.268292682926829	4	33	0.91
0.555555555555556	4	33	0.91
0.32	4	33	0.91
0.366666666666667	4	33	0.91
0.48780487804878	4	33	0.91
0.225806451612903	4	33	0.91
0.259259259259259	4	33	0.91
0.485714285714286	4	33	0.91
0.5	4	33	0.91
0.263157894736842	4	33	0.91
0.476190476190476	4	33	0.91
0.514285714285714	4	33	0.91
0.594594594594595	4	33	0.91
0.121951219512195	4	33	0.91
0.333333333333333	4	33	0.91
0.5	4	33	0.91
0.315789473684211	4	33	0.91
0.564102564102564	4	33	0.91
0.238095238095238	4	33	0.91
0.2	4	33	0.91
0.518518518518518	4	33	0.91
0.128205128205128	4	33	0.91
0.526315789473684	4	33	0.91
0.32258064516129	4	33	0.91
0.181818181818182	4	33	0.91
0.321428571428571	4	33	0.91
0.24	4	33	0.91
0.297872340425532	4	33	0.91
0.488372093023256	4	33	0.91
0.272727272727273	4	33	0.91
0.3	4	33	0.91
0.470588235294118	4	33	0.91
0.483870967741935	4	33	0.91
0.209302325581395	4	33	0.91
0.363636363636364	4	33	0.91
0.25	4	33	0.91
0.347826086956522	4	33	0.91
0.341463414634146	4	33	0.91
0.333333333333333	4	33	0.91
0.269230769230769	4	33	0.91
0.305555555555556	4	33	0.91
0.4375	4	33	0.91
0.413793103448276	4	33	0.91
0.275862068965517	4	33	0.91
0.268292682926829	4	33	0.91
0.181818181818182	4	33	0.91
0.227272727272727	4	33	0.91
0.571428571428571	4	33	0.91
0.435897435897436	4	33	0.91
0.272727272727273	4	33	0.91
0.179487179487179	4	33	0.91
0.128205128205128	4	33	0.91
0.36	4	33	0.91
0.483870967741935	4	33	0.91
0.285714285714286	4	33	0.91
0.171428571428571	4	33	0.91
0.666666666666667	4	33	0.91
0.2	4	33	0.91
0.257142857142857	4	33	0.91
0.333333333333333	4	33	0.91
0.238095238095238	4	33	0.91
0.633333333333333	4	33	0.91
0.486486486486487	4	33	0.91
0.68	4	33	0.91
0.375	4	33	0.91
0.27027027027027	4	33	0.91
0.486486486486487	4	33	0.91
0.454545454545455	4	33	0.91
0.702702702702703	4	33	0.91
0.377777777777778	4	33	0.91
0.32	4	33	0.91
0.166666666666667	4	33	0.91
0.45	4	33	0.91
0.186046511627907	4	33	0.91
0.380952380952381	4	33	0.91
0.365853658536585	4	33	0.91
0.243243243243243	4	33	0.91
0.108108108108108	4	33	0.91
0.111111111111111	4	33	0.91
0.461538461538462	4	33	0.91
0.395348837209302	4	33	0.91
0.5	4	33	0.91
0.45	4	33	0.91
0.272727272727273	4	33	0.91
0.428571428571429	4	33	0.91
0.157894736842105	4	33	0.91
0.142857142857143	4	33	0.91
0.222222222222222	4	33	0.91
0.465116279069767	4	33	0.91
0.13953488372093	4	33	0.91
0.592592592592593	4	33	0.91
0.5	4	33	0.91
0.210526315789474	4	33	0.91
0.243243243243243	4	33	0.91
0.5	4	33	0.91
0.551724137931034	4	33	0.91
0.136363636363636	4	33	0.91
0.130434782608696	4	33	0.91
0.125	4	33	0.91
0.148148148148148	4	33	0.91
0.212121212121212	4	33	0.91
0.125	4	33	0.91
0.225806451612903	4	33	0.91
0.193548387096774	4	33	0.91
0.285714285714286	4	33	0.91
0.258064516129032	4	33	0.91
0.53125	4	33	0.91
0.384615384615385	4	33	0.91
0.125	4	33	0.91
0.204081632653061	4	33	0.91
0.25	4	33	0.91
0.242424242424242	4	33	0.91
0.296296296296296	4	33	0.91
0.310344827586207	4	33	0.91
0.147058823529412	4	33	0.91
0.1875	4	33	0.91
0.219512195121951	4	33	0.91
0.605263157894737	4	33	0.91
0.277777777777778	4	33	0.91
0.48	4	33	0.91
0.169491525423729	4	33	0.91
0.140350877192982	4	33	0.91
0.186440677966102	4	33	0.91
0.15	4	33	0.91
0.125	4	33	0.91
0.473684210526316	4	33	0.91
0.366666666666667	4	33	0.91
0.25	4	33	0.91
0.305555555555556	4	33	0.91
0.470588235294118	4	33	0.91
0.560975609756098	4	33	0.91
0.580645161290323	4	33	0.91
0.344827586206897	4	33	0.91
0.15625	4	33	0.91
0.612903225806452	4	33	0.91
0.285714285714286	4	33	0.91
0.219512195121951	4	33	0.91
0.459459459459459	4	33	0.91
0.514285714285714	4	33	0.91
0.441176470588235	4	33	0.91
0.157894736842105	4	33	0.91
0.181818181818182	4	33	0.91
0.6	4	33	0.91
0.3125	4	33	0.91
0.145833333333333	4	33	0.91
0.423076923076923	4	33	0.91
0.173913043478261	4	33	0.91
0.392857142857143	4	33	0.91
0.441176470588235	4	33	0.91
0.545454545454545	4	33	0.91
0.310344827586207	4	33	0.91
0.366666666666667	4	33	0.91
0.25	4	33	0.91
0.235294117647059	4	33	0.91
0.414634146341463	4	33	0.91
0.193548387096774	4	33	0.91
0.590909090909091	4	33	0.91
0.333333333333333	4	33	0.91
0.21875	4	33	0.91
0.227272727272727	4	33	0.91
0.4	4	33	0.91
0.214285714285714	4	33	0.91
0.384615384615385	4	33	0.91
0.393939393939394	4	33	0.91
0.571428571428571	4	33	0.91
0.219512195121951	4	33	0.91
0.171428571428571	4	33	0.91
0.259259259259259	4	33	0.91
0.585365853658537	4	33	0.91
0.512820512820513	4	33	0.91
0.470588235294118	4	33	0.91
0.243243243243243	4	33	0.91
0.4	4	33	0.91
0.432432432432432	4	33	0.91
0.515151515151515	4	33	0.91
0.485714285714286	4	33	0.91
0.586206896551724	4	33	0.91
0.181818181818182	4	33	0.91
0.209302325581395	4	33	0.91
0.375	4	33	0.91
0.5	4	33	0.91
0.45	4	33	0.91
0.558139534883721	4	33	0.91
0.5625	4	33	0.91
0.324324324324324	4	33	0.91
0.454545454545455	4	33	0.91
0.580645161290323	4	33	0.91
0.392857142857143	4	33	0.91
0.257142857142857	4	33	0.91
0.25	4	33	0.91
0.3	4	33	0.91
0.333333333333333	4	33	0.91
0.238095238095238	4	33	0.91
0.146341463414634	4	33	0.91
0.173913043478261	4	33	0.91
0.19047619047619	4	33	0.91
0.171428571428571	4	33	0.91
0.35	4	33	0.91
0.205128205128205	4	33	0.91
0.5	4	33	0.91
0.435897435897436	4	33	0.91
0.45	4	33	0.91
0.380952380952381	4	33	0.91
0.526315789473684	4	33	0.91
0.103448275862069	4	33	0.91
0.433333333333333	4	33	0.91
0.4	4	33	0.91
0.285714285714286	4	33	0.91
0.2	4	33	0.91
0.393939393939394	4	33	0.91
0.678571428571429	4	33	0.91
0.24	4	33	0.91
0.171428571428571	4	33	0.91
0.411764705882353	4	33	0.91
0.3	4	33	0.91
0.375	4	33	0.91
0.354838709677419	4	33	0.91
0.333333333333333	4	33	0.91
0.297297297297297	4	33	0.91
0.6	4	33	0.91
0.28	4	33	0.91
0.205128205128205	4	33	0.91
0.473684210526316	4	33	0.91
0.181818181818182	4	33	0.91
0.5625	4	33	0.91
0.483870967741935	4	33	0.91
0.379310344827586	4	33	0.91
0.151515151515152	4	33	0.91
0.545454545454545	4	33	0.91
0.357142857142857	4	33	0.91
0.434782608695652	4	33	0.91
0.387096774193548	4	33	0.91
0.15	4	33	0.91
0.358974358974359	4	33	0.91
0.257142857142857	4	33	0.91
0.465116279069767	4	33	0.91
0.441860465116279	4	33	0.91
0.421052631578947	4	33	0.91
0.2	4	33	0.91
0.571428571428571	4	33	0.91
0.625	4	33	0.91
0.55	4	33	0.91
0.127659574468085	4	33	0.91
0.48780487804878	4	33	0.91
0.457142857142857	4	33	0.91
0.51219512195122	4	33	0.91
0.514285714285714	4	33	0.91
0.484848484848485	4	33	0.91
0.205128205128205	4	33	0.91
0.111111111111111	4	33	0.91
0.4	4	33	0.91
0.25	4	33	0.91
0.230769230769231	4	33	0.91
0.147058823529412	4	33	0.91
0.470588235294118	4	33	0.91
0.28	4	33	0.91
0.484848484848485	4	33	0.91
0.15	4	33	0.91
0.5625	4	33	0.91
0.151515151515152	4	33	0.91
0.133333333333333	4	33	0.91
0.41025641025641	4	33	0.91
0.21875	4	33	0.91
0.130434782608696	4	33	0.91
0.285714285714286	4	33	0.91
0.485714285714286	4	33	0.91
0.352941176470588	4	33	0.91
0.575757575757576	4	33	0.91
0.153846153846154	4	33	0.91
0.5	4	33	0.91
0.333333333333333	4	33	0.91
0.325581395348837	4	33	0.91
0.333333333333333	4	33	0.91
0.333333333333333	4	33	0.91
0.457142857142857	4	33	0.91
0.558823529411765	4	33	0.91
0.266666666666667	4	33	0.91
0.5	4	33	0.91
0.225	4	33	0.91
0.15625	4	33	0.91
0.375	4	33	0.91
0.25	4	33	0.91
0.545454545454545	4	33	0.91
0.323529411764706	4	33	0.91
0.25	4	33	0.91
0.5625	4	33	0.91
0.2	4	33	0.91
0.45	4	33	0.91
0.48780487804878	4	33	0.91
0.176470588235294	4	33	0.91
0.135135135135135	4	33	0.91
0.153846153846154	4	33	0.91
0.444444444444444	4	33	0.91
0.297297297297297	4	33	0.91
0.375	4	33	0.91
0.448275862068966	4	33	0.91
0.424242424242424	4	33	0.91
0.5	4	33	0.91
0.384615384615385	4	33	0.91
0.222222222222222	4	33	0.91
0.586206896551724	4	33	0.91
0.466666666666667	4	33	0.91
0.479166666666667	4	33	0.91
0.392857142857143	4	33	0.91
0.64	4	33	0.91
0.14	4	33	0.91
0.578947368421053	4	33	0.91
0.509433962264151	4	33	0.91
0.162790697674419	4	33	0.91
0.419354838709677	4	33	0.91
0.365384615384615	4	33	0.91
0.555555555555556	4	33	0.91
0.378378378378378	4	33	0.91
0.388888888888889	4	33	0.91
0.27027027027027	4	33	0.91
0.24390243902439	4	33	0.91
0.142857142857143	4	33	0.91
0.241379310344828	4	33	0.91
0.236842105263158	4	33	0.91
0.730769230769231	4	33	0.91
0.193548387096774	4	33	0.91
0.538461538461538	4	33	0.91
0.25	4	33	0.91
0.159090909090909	4	33	0.91
0.514285714285714	4	33	0.91
0.102564102564103	4	33	0.91
0.451612903225806	4	33	0.91
0.542857142857143	4	33	0.91
0.375	4	33	0.91
0.142857142857143	4	33	0.91
0.5	4	33	0.91
0.204081632653061	4	33	0.91
0.304347826086957	4	33	0.91
0.275862068965517	4	33	0.91
0.212121212121212	4	33	0.91
0.289473684210526	4	33	0.91
0.451612903225806	4	33	0.91
0.565217391304348	4	33	0.91
0.34375	4	33	0.91
0.333333333333333	4	33	0.91
0.272727272727273	4	33	0.91
0.5	4	33	0.91
0.448275862068966	4	33	0.91
0.577777777777778	4	33	0.91
0.372093023255814	4	33	0.91
0.535714285714286	4	33	0.91
0.484848484848485	4	33	0.91
0.241379310344828	4	33	0.91
0.222222222222222	4	33	0.91
0.162790697674419	4	33	0.91
0.184210526315789	4	33	0.91
0.206896551724138	4	33	0.91
0.243243243243243	4	33	0.91
0.204545454545455	4	33	0.91
0.433333333333333	4	33	0.91
0.333333333333333	4	33	0.91
0.157894736842105	4	33	0.91
0.216216216216216	4	33	0.91
0.5	4	33	0.91
0.46875	4	33	0.91
0.379310344827586	4	33	0.91
0.282608695652174	4	33	0.91
0.5	4	33	0.91
0.18	4	33	0.91
0.315789473684211	4	33	0.91
0.212765957446809	4	33	0.91
0.464285714285714	4	33	0.91
0.272727272727273	4	33	0.91
0.161290322580645	4	33	0.91
0.21875	4	33	0.91
0.192307692307692	4	33	0.91
0.176470588235294	4	33	0.91
0.153846153846154	4	33	0.91
0.351351351351351	4	33	0.91
0.459459459459459	4	33	0.91
0.205882352941176	4	33	0.91
0.19047619047619	4	33	0.91
0.555555555555556	4	33	0.91
0.428571428571429	4	33	0.91
0.296296296296296	4	33	0.91
0.28	4	33	0.91
0.535714285714286	4	33	0.91
0.451612903225806	4	33	0.91
0.472222222222222	4	33	0.91
0.358974358974359	4	33	0.91
0.478260869565217	4	33	0.91
0.205882352941176	4	33	0.91
0.263157894736842	4	33	0.91
0.315789473684211	4	33	0.91
0.684210526315789	4	33	0.91
0.266666666666667	4	33	0.91
0.888888888888889	4	33	0.91
0.428571428571429	4	33	0.91
0.225806451612903	4	33	0.91
0.178571428571429	4	33	0.91
0.48	4	33	0.91
0.255813953488372	4	33	0.91
0.277777777777778	4	33	0.91
0.4	4	33	0.91
0.388888888888889	4	33	0.91
0.333333333333333	4	33	0.91
0.269230769230769	4	33	0.91
0.476190476190476	4	33	0.91
0.548387096774194	4	33	0.91
0.170212765957447	4	33	0.91
0.475	4	33	0.91
0.483870967741935	4	33	0.91
0.21875	4	33	0.91
0.41025641025641	4	33	0.91
0.21875	4	33	0.91
0.206896551724138	4	33	0.91
0.27906976744186	4	33	0.91
0.578947368421053	4	33	0.91
0.5	4	33	0.91
0.219512195121951	4	33	0.91
0.588235294117647	4	33	0.91
0.411764705882353	4	33	0.91
0.1875	4	33	0.91
0.242424242424242	4	33	0.91
0.5625	4	33	0.91
0.521739130434783	4	33	0.91
0.25	4	33	0.91
0.431818181818182	4	33	0.91
0.181818181818182	4	33	0.91
0.242424242424242	4	33	0.91
0.5	4	33	0.91
0.195121951219512	4	33	0.91
0.266666666666667	4	33	0.91
0.135135135135135	4	33	0.91
0.3	4	33	0.91
0.35	4	33	0.91
0.157894736842105	4	33	0.91
0.516129032258065	4	33	0.91
0.476190476190476	4	33	0.91
0.184210526315789	4	33	0.91
0.448275862068966	4	33	0.91
0.232558139534884	4	33	0.91
0.434782608695652	4	33	0.91
0.53125	4	33	0.91
0.48936170212766	4	33	0.91
0.509803921568627	4	33	0.91
0.333333333333333	4	33	0.91
0.5	4	33	0.91
0.363636363636364	4	33	0.91
0.422222222222222	4	33	0.91
0.35	4	33	0.91
0.461538461538462	4	33	0.91
0.12	4	33	0.91
0.578947368421053	4	33	0.91
0.5	4	33	0.91
0.8	4	33	0.91
0.6	4	33	0.91
0.384615384615385	4	33	0.91
0.256410256410256	4	33	0.91
0.476190476190476	4	33	0.91
0.5	4	33	0.91
0.444444444444444	4	33	0.91
0.75	4	33	0.91
0.486486486486487	4	33	0.91
0.472222222222222	4	33	0.91
0.302325581395349	4	33	0.91
0.428571428571429	4	33	0.91
0.470588235294118	4	33	0.91
0.555555555555556	4	33	0.91
0.46	4	33	0.91
0.472222222222222	4	33	0.91
0.179487179487179	4	33	0.91
0.285714285714286	4	33	0.91
0.333333333333333	4	33	0.91
0.432432432432432	4	33	0.91
0.565217391304348	4	33	0.91
0.526315789473684	4	33	0.91
0.432432432432432	4	33	0.91
0.219512195121951	4	33	0.91
0.485714285714286	4	33	0.91
0.428571428571429	4	33	0.91
0.538461538461538	4	33	0.91
0.348837209302326	4	33	0.91
0.358974358974359	4	33	0.91
0.605263157894737	4	33	0.91
0.235294117647059	4	33	0.91
0.25	4	33	0.91
0.352941176470588	4	33	0.91
0.285714285714286	4	33	0.91
0.352941176470588	4	33	0.91
0.222222222222222	4	33	0.91
0.405405405405405	4	33	0.91
0.647058823529412	4	33	0.91
0.416666666666667	4	33	0.91
0.135135135135135	4	33	0.91
0.5	4	33	0.91
0.459459459459459	4	33	0.91
0.545454545454545	4	33	0.91
0.358490566037736	4	33	0.91
0.428571428571429	4	33	0.91
0.483870967741935	4	33	0.91
0.19047619047619	4	33	0.91
0.5	4	33	0.91
0.4	4	33	0.91
0.3125	4	33	0.91
0.625	4	33	0.91
0.590909090909091	4	33	0.91
0.5	4	33	0.91
0.456521739130435	4	33	0.91
0.380952380952381	4	33	0.91
0.575	4	33	0.91
0.125	4	33	0.91
0.5	4	33	0.91
0.487179487179487	4	33	0.91
0.217391304347826	4	33	0.91
0.28	4	33	0.91
0.318181818181818	4	33	0.91
0.217391304347826	4	33	0.91
0.342857142857143	4	33	0.91
0.176470588235294	4	33	0.91
0.434782608695652	4	33	0.91
0.551724137931034	4	33	0.91
0.514285714285714	4	33	0.91
0.25	4	33	0.91
0.542857142857143	4	33	0.91
0.571428571428571	4	33	0.91
0.354838709677419	4	33	0.91
0.483870967741935	4	33	0.91
0.375	4	33	0.91
0.375	4	33	0.91
0.170212765957447	4	33	0.91
0.558139534883721	4	33	0.91
0.159090909090909	4	33	0.91
0.228571428571429	4	33	0.91
0.352941176470588	4	33	0.91
0.5	4	33	0.91
0.242424242424242	4	33	0.91
0.275862068965517	4	33	0.91
0.444444444444444	4	33	0.91
0.545454545454545	4	33	0.91
0.344827586206897	4	33	0.91
0.272727272727273	4	33	0.91
0.205128205128205	4	33	0.91
0.212121212121212	4	33	0.91
0.48	4	33	0.91
0.380952380952381	4	33	0.91
0.5	4	33	0.91
0.5	4	33	0.91
0.217391304347826	4	33	0.91
0.375	4	33	0.91
0.538461538461538	4	33	0.91
0.195121951219512	4	33	0.91
0.384615384615385	4	33	0.91
0.5	4	33	0.91
0.162162162162162	4	33	0.91
0.333333333333333	4	33	0.91
0.576923076923077	4	33	0.91
0.483870967741935	4	33	0.91
0.34375	4	33	0.91
0.3	4	33	0.91
0.454545454545455	4	33	0.91
0.214285714285714	4	33	0.91
0.170731707317073	4	33	0.91
0.38	4	33	0.91
0.45	4	33	0.91
0.148936170212766	4	33	0.91
0.166666666666667	4	33	0.91
0.666666666666667	4	33	0.91
0.206896551724138	4	33	0.91
0.466666666666667	4	33	0.91
0.413793103448276	4	33	0.91
0.5	4	33	0.91
0.305555555555556	4	33	0.91
0.214285714285714	4	33	0.91
0.296296296296296	4	33	0.91
0.395833333333333	4	33	0.91
0.179487179487179	4	33	0.91
0.186046511627907	4	33	0.91
0.558823529411765	4	33	0.91
0.289473684210526	4	33	0.91
0.535714285714286	4	33	0.91
0.24	4	33	0.91
0.260869565217391	4	33	0.91
0.421052631578947	4	33	0.91
0.5	4	33	0.91
0.588235294117647	4	33	0.91
0.296296296296296	4	33	0.91
0.28125	4	33	0.91
0.232558139534884	4	33	0.91
0.266666666666667	4	33	0.91
0.157894736842105	4	33	0.91
0.368421052631579	4	33	0.91
0.380952380952381	4	33	0.91
0.258064516129032	4	33	0.91
0.411764705882353	4	33	0.91
0.4	4	33	0.91
0.333333333333333	4	33	0.91
0.555555555555556	4	33	0.91
0.435897435897436	4	33	0.91
0.15625	4	33	0.91
0.2	4	33	0.91
0.432432432432432	4	33	0.91
0.125	4	33	0.91
0.388888888888889	4	33	0.91
0.514285714285714	4	33	0.91
0.5	4	33	0.91
0.529411764705882	4	33	0.91
0.159090909090909	4	33	0.91
0.424242424242424	4	33	0.91
0.333333333333333	4	33	0.91
0.459459459459459	4	33	0.91
0.263157894736842	4	33	0.91
0.363636363636364	4	33	0.91
0.133333333333333	4	33	0.91
0.181818181818182	4	33	0.91
0.352941176470588	4	33	0.91
0.25	4	33	0.91
0.5	4	33	0.91
0.212121212121212	4	33	0.91
0.368421052631579	4	33	0.91
0.409090909090909	4	33	0.91
0.193548387096774	4	33	0.91
0.357142857142857	4	33	0.91
0.523809523809524	4	33	0.91
0.65	4	33	0.91
0.130434782608696	4	33	0.91
0.371428571428571	4	33	0.91
0.152173913043478	4	33	0.91
0.434782608695652	4	33	0.91
0.0961538461538462	4	33	0.91
0.48	4	33	0.91
0.2	4	33	0.91
0.451612903225806	4	33	0.91
0.5	4	33	0.91
0.548387096774194	4	33	0.91
0.604651162790698	4	33	0.91
0.212121212121212	4	33	0.91
0.264705882352941	4	33	0.91
0.413793103448276	4	33	0.91
0.186046511627907	4	33	0.91
0.151515151515152	4	33	0.91
0.241379310344828	4	33	0.91
0.472222222222222	4	33	0.91
0.2	4	33	0.91
0.5	4	33	0.91
0.222222222222222	4	33	0.91
0.433333333333333	4	33	0.91
0.323529411764706	4	33	0.91
0.542857142857143	4	33	0.91
0.447368421052632	4	33	0.91
0.145833333333333	4	33	0.91
0.146341463414634	4	33	0.91
0.472222222222222	4	33	0.91
0.285714285714286	4	33	0.91
0.142857142857143	4	33	0.91
0.2	4	33	0.91
0.225	4	33	0.91
0.333333333333333	4	33	0.91
0.342105263157895	4	33	0.91
0.208333333333333	4	33	0.91
0.166666666666667	4	33	0.91
0.478260869565217	4	33	0.91
0.170731707317073	4	33	0.91
0.25	4	33	0.91
0.375	4	33	0.91
0.285714285714286	4	33	0.91
0.423076923076923	4	33	0.91
0.275	4	33	0.91
0.433333333333333	4	33	0.91
0.387096774193548	4	33	0.91
0.212121212121212	4	33	0.91
0.303030303030303	4	33	0.91
0.340425531914894	4	33	0.91
0.394736842105263	4	33	0.91
0.357142857142857	4	33	0.91
0.307692307692308	4	33	0.91
0.560975609756098	4	33	0.91
0.215686274509804	4	33	0.91
0.576923076923077	4	33	0.91
0.272727272727273	4	33	0.91
0.4375	4	33	0.91
0.137254901960784	4	33	0.91
0.290322580645161	4	33	0.91
0.122448979591837	4	33	0.91
0.8	4	33	0.91
0.425	4	33	0.91
0.216216216216216	4	33	0.91
0.476190476190476	4	33	0.91
0.470588235294118	4	33	0.91
0.179487179487179	4	33	0.91
0.21875	4	33	0.91
0.185185185185185	4	33	0.91
0.307692307692308	4	33	0.91
0.538461538461538	4	33	0.91
0.13953488372093	4	33	0.91
0.5	4	33	0.91
0.339622641509434	4	33	0.91
0.166666666666667	4	33	0.91
0.5	4	33	0.91
0.206896551724138	4	33	0.91
0.444444444444444	4	33	0.91
0.212121212121212	4	33	0.91
0.384615384615385	4	33	0.91
0.210526315789474	4	33	0.91
0.516129032258065	4	33	0.91
0.366666666666667	4	33	0.91
0.233333333333333	4	33	0.91
0.6	4	33	0.91
0.441176470588235	4	33	0.91
0.222222222222222	4	33	0.91
0.473684210526316	4	33	0.91
0.536585365853659	4	33	0.91
0.565217391304348	4	33	0.91
0.294117647058824	4	33	0.91
0.483870967741935	4	33	0.91
0.159090909090909	4	33	0.91
0.285714285714286	4	33	0.91
0.24	4	33	0.91
0.25	4	33	0.91
0.272727272727273	4	33	0.91
0.277777777777778	4	33	0.91
0.193548387096774	4	33	0.91
0.25	4	33	0.91
0.52	4	33	0.91
0.148936170212766	4	33	0.91
0.36	4	33	0.91
0.475	4	33	0.91
0.488372093023256	4	33	0.91
0.184210526315789	4	33	0.91
0.642857142857143	4	33	0.91
0.41025641025641	4	33	0.91
0.368421052631579	4	33	0.91
0.45	4	33	0.91
0.465116279069767	4	33	0.91
0.37037037037037	4	33	0.91
0.321428571428571	4	33	0.91
0.444444444444444	4	33	0.91
0.372093023255814	4	33	0.91
0.422222222222222	4	33	0.91
0.159090909090909	4	33	0.91
0.181818181818182	4	33	0.91
0.32	4	33	0.91
0.214285714285714	4	33	0.91
0.260869565217391	4	33	0.91
0.457142857142857	4	33	0.91
0.214285714285714	4	33	0.91
0.461538461538462	4	33	0.91
0.473684210526316	4	33	0.91
0.424242424242424	4	33	0.91
0.476190476190476	4	33	0.91
0.216216216216216	4	33	0.91
0.393939393939394	4	33	0.91
0.225	4	33	0.91
0.290322580645161	4	33	0.91
0.46875	4	33	0.91
0.289473684210526	4	33	0.91
0.130434782608696	4	33	0.91
0.545454545454545	4	33	0.91
0.241379310344828	4	33	0.91
0.527777777777778	4	33	0.91
0.764705882352941	4	33	0.91
0.173913043478261	4	33	0.91
0.4	4	33	0.91
0.4375	4	33	0.91
0.5	4	33	0.91
0.3125	4	33	0.91
0.233333333333333	4	33	0.91
0.472222222222222	4	33	0.91
0.525	4	33	0.91
0.542857142857143	4	33	0.91
0.236842105263158	4	33	0.91
0.3125	4	33	0.91
0.344827586206897	4	33	0.91
0.45	4	33	0.91
0.433333333333333	4	33	0.91
0.470588235294118	4	33	0.91
0.15625	4	33	0.91
0.470588235294118	4	33	0.91
0.137931034482759	4	33	0.91
0.448275862068966	4	33	0.91
0.428571428571429	4	33	0.91
0.21875	4	33	0.91
0.457142857142857	4	33	0.91
0.444444444444444	4	33	0.91
0.369565217391304	4	33	0.91
0.333333333333333	4	33	0.91
0.48	4	33	0.91
0.28	4	33	0.91
0.244444444444444	4	33	0.91
0.318181818181818	4	33	0.91
0.631578947368421	4	33	0.91
0.393939393939394	4	33	0.91
0.478260869565217	4	33	0.91
0.3	4	33	0.91
0.384615384615385	4	33	0.91
0.178571428571429	4	33	0.91
0.214285714285714	4	33	0.91
0.2	4	33	0.91
0.409090909090909	4	33	0.91
0.454545454545455	4	33	0.91
0.323529411764706	4	33	0.91
0.529411764705882	4	33	0.91
0.433333333333333	4	33	0.91
0.41025641025641	4	33	0.91
0.5	4	33	0.91
0.294117647058824	4	33	0.91
0.487179487179487	4	33	0.91
0.166666666666667	4	33	0.91
0.380952380952381	4	33	0.91
0.59375	4	33	0.91
1	4	33	0.91
0.4	4	33	0.91
0.25	4	33	0.91
0.157894736842105	4	33	0.91
0.4	4	33	0.91
0.5	4	33	0.91
0.454545454545455	4	33	0.91
0.157894736842105	4	33	0.91
0.121212121212121	4	33	0.91
0.195121951219512	4	33	0.91
0.347826086956522	4	33	0.91
0.375	4	33	0.91
0.176470588235294	4	33	0.91
0.121212121212121	4	33	0.91
0.233333333333333	4	33	0.91
0.375	4	33	0.91
0.285714285714286	4	33	0.91
0.1	4	33	0.91
0.36	4	33	0.91
0.271186440677966	4	33	0.91
0.15	4	33	0.91
0.419354838709677	4	33	0.91
0.136363636363636	4	33	0.91
0.347826086956522	4	33	0.91
0.538461538461538	4	33	0.91
0.580645161290323	4	33	0.91
0.45	4	33	0.91
0.5	4	33	0.91
0.3	4	33	0.91
0.434782608695652	4	33	0.91
0.529411764705882	4	33	0.91
0.5	4	33	0.91
0.176470588235294	4	33	0.91
0.419354838709677	4	33	0.91
0.268292682926829	4	33	0.91
0.210526315789474	4	33	0.91
0.208333333333333	4	33	0.91
0.195652173913043	4	33	0.91
0.263157894736842	4	33	0.91
0.176470588235294	4	33	0.91
0.25	4	33	0.91
0.128205128205128	4	33	0.91
0.5	4	33	0.91
0.464285714285714	4	33	0.91
0.407407407407407	4	33	0.91
0.416666666666667	4	33	0.91
0.1875	4	33	0.91
0.162162162162162	4	33	0.91
0.181818181818182	4	33	0.91
0.477272727272727	4	33	0.91
0.533333333333333	4	33	0.91
0.185185185185185	4	33	0.91
0.48936170212766	4	33	0.91
0.214285714285714	4	33	0.91
0.173913043478261	4	33	0.91
0.222222222222222	4	33	0.91
0.517241379310345	4	33	0.91
0.125	4	33	0.91
0.565217391304348	4	33	0.91
0.392857142857143	4	33	0.91
0.193548387096774	4	33	0.91
0.358974358974359	4	33	0.91
0.48780487804878	4	33	0.91
0.146341463414634	4	33	0.91
0.41025641025641	4	33	0.91
0.114285714285714	4	33	0.91
0.648648648648649	4	33	0.91
0.333333333333333	4	33	0.91
0.135135135135135	4	33	0.91
0.3	4	33	0.91
0.25	4	33	0.91
0.487179487179487	4	33	0.91
0.285714285714286	4	33	0.91
0.375	4	33	0.91
0.176470588235294	4	33	0.91
0.475	4	33	0.91
0.205882352941176	4	33	0.91
0.137931034482759	4	33	0.91
0.575757575757576	4	33	0.91
0.266666666666667	4	33	0.91
0.633333333333333	4	33	0.91
0.25	4	33	0.91
0.290322580645161	4	33	0.91
0.571428571428571	4	33	0.91
0.172413793103448	4	33	0.91
0.479166666666667	4	33	0.91
0.219512195121951	4	33	0.91
0.419354838709677	4	33	0.91
0.411764705882353	4	33	0.91
0.385964912280702	4	33	0.91
0.44	4	33	0.91
0.441176470588235	4	33	0.91
0.244897959183673	4	33	0.91
0.513513513513513	4	33	0.91
0.424242424242424	4	33	0.91
0.115384615384615	4	33	0.91
0.526315789473684	4	33	0.91
0.228571428571429	4	33	0.91
0.217391304347826	4	33	0.91
0.454545454545455	4	33	0.91
0.46875	4	33	0.91
0.473684210526316	4	33	0.91
0.344827586206897	4	33	0.91
0.32	4	33	0.91
0.457142857142857	4	33	0.91
0.421052631578947	4	33	0.91
0.296296296296296	4	33	0.91
0.647058823529412	4	33	0.91
0.166666666666667	4	33	0.91
0.482758620689655	4	33	0.91
0.117647058823529	4	33	0.91
0.444444444444444	4	33	0.91
0.46875	4	33	0.91
0.269230769230769	4	33	0.91
0.175	4	33	0.91
0.366666666666667	4	33	0.91
0.470588235294118	4	33	0.91
0.2	4	33	0.91
0.130434782608696	4	33	0.91
0.473684210526316	4	33	0.91
0.305555555555556	4	33	0.91
0.170731707317073	4	33	0.91
0.379310344827586	4	33	0.91
0.454545454545455	4	33	0.91
0.354838709677419	4	33	0.91
0.179487179487179	4	33	0.91
0.48	4	33	0.91
0.464285714285714	4	33	0.91
0.263157894736842	4	33	0.91
0.325581395348837	4	33	0.91
0.416666666666667	4	33	0.91
0.461538461538462	4	33	0.91
0.302325581395349	4	33	0.91
0.12	4	33	0.91
0.55	4	33	0.91
0.285714285714286	4	33	0.91
0.421052631578947	4	33	0.91
0.48	4	33	0.91
0.5	4	33	0.91
0.25	4	33	0.91
0.488888888888889	4	33	0.91
0.225806451612903	4	33	0.91
0.51219512195122	4	33	0.91
0.15625	4	33	0.91
0.18	4	33	0.91
0.466666666666667	4	33	0.91
0.461538461538462	4	33	0.91
0.25	4	33	0.91
0.161290322580645	4	33	0.91
0.642857142857143	4	33	0.91
0.488888888888889	4	33	0.91
0.565217391304348	4	33	0.91
0.25	4	33	0.91
0.464285714285714	4	33	0.91
0.257142857142857	4	33	0.91
0.581395348837209	4	33	0.91
0.533333333333333	4	33	0.91
0.194444444444444	4	33	0.91
0.375	4	33	0.91
0.14	4	33	0.91
0.375	4	33	0.91
0.106382978723404	4	33	0.91
0.576923076923077	4	33	0.91
0.377358490566038	4	33	0.91
0.387096774193548	4	33	0.91
0.162162162162162	4	33	0.91
0.129032258064516	4	33	0.91
0.294117647058824	4	33	0.91
0.21875	4	33	0.91
0.125	4	33	0.91
0.285714285714286	4	33	0.91
0.4	4	33	0.91
0.193548387096774	4	33	0.91
0.675675675675676	4	33	0.91
0.386363636363636	4	33	0.91
0.763157894736842	4	33	0.91
0.621621621621622	4	33	0.91
0.32	4	33	0.91
0.767441860465116	4	33	0.91
0.176470588235294	4	33	0.91
0.166666666666667	4	33	0.91
0.32258064516129	4	33	0.91
0.291666666666667	4	33	0.91
0.257142857142857	4	33	0.91
0.222222222222222	4	33	0.91
0.217391304347826	4	33	0.91
0.64	4	33	0.91
0.357142857142857	4	33	0.91
0.2	4	33	0.91
0.41304347826087	4	33	0.91
0.256410256410256	4	33	0.91
0.151515151515152	4	33	0.91
0.5	4	33	0.91
0.341463414634146	4	33	0.91
0.242424242424242	4	33	0.91
0.857142857142857	4	33	0.91
0.434782608695652	4	33	0.91
0.2	4	33	0.91
0.58695652173913	4	33	0.91
0.296296296296296	4	33	0.91
0.317073170731707	4	33	0.91
0.297872340425532	4	33	0.91
0.578947368421053	4	33	0.91
0.205128205128205	4	33	0.91
0.277777777777778	4	33	0.91
0.685714285714286	4	33	0.91
0.137931034482759	4	33	0.91
0.375	4	33	0.91
0.413793103448276	4	33	0.91
0.439024390243902	4	33	0.91
0.722222222222222	4	33	0.91
0.268292682926829	4	33	0.91
0.840909090909091	4	33	0.91
0.4	4	33	0.91
0.147058823529412	4	33	0.91
0.333333333333333	4	33	0.91
0.225806451612903	4	33	0.91
0.259259259259259	4	33	0.91
0.272727272727273	4	33	0.91
0.352941176470588	4	33	0.91
0.151515151515152	4	33	0.91
0.46875	4	33	0.91
0.448979591836735	4	33	0.91
0.515151515151515	4	33	0.91
0.15	4	33	0.91
0.517241379310345	4	33	0.91
0.512820512820513	4	33	0.91
0.25	4	33	0.91
0.191489361702128	4	33	0.91
0.170731707317073	4	33	0.91
0.433333333333333	4	33	0.91
0.32258064516129	4	33	0.91
0.27906976744186	4	33	0.91
0.30952380952381	4	33	0.91
0.470588235294118	4	33	0.91
0.513513513513513	4	33	0.91
0.241379310344828	4	33	0.91
0.35	4	33	0.91
0.1875	4	33	0.91
0.4	4	33	0.91
0.590909090909091	4	33	0.91
0.2	4	33	0.91
0.230769230769231	4	33	0.91
0.153846153846154	4	33	0.91
0.52	4	33	0.91
0.448275862068966	4	33	0.91
0.210526315789474	4	33	0.91
0.5	4	33	0.91
0.5	4	33	0.91
0.548387096774194	4	33	0.91
0.318181818181818	4	33	0.91
0.5	4	33	0.91
0.266666666666667	4	33	0.91
0.133333333333333	4	33	0.91
0.533333333333333	4	33	0.91
0.454545454545455	4	33	0.91
0.488372093023256	4	33	0.91
0.166666666666667	4	33	0.91
0.451612903225806	4	33	0.91
0.529411764705882	4	33	0.91
0.631578947368421	4	33	0.91
0.565217391304348	4	33	0.91
0.162162162162162	4	33	0.91
0.115384615384615	4	33	0.91
0.193548387096774	4	33	0.91
0.189189189189189	4	33	0.91
0.185185185185185	4	33	0.91
0.238095238095238	4	33	0.91
0.131578947368421	4	33	0.91
0.179487179487179	4	33	0.91
0.53125	4	33	0.91
0.375	4	33	0.91
0.275	4	33	0.91
0.461538461538462	4	33	0.91
0.5	4	33	0.91
0.585365853658537	4	33	0.91
0.375	4	33	0.91
0.228571428571429	4	33	0.91
0.575757575757576	4	33	0.91
0.526315789473684	4	33	0.91
0.161290322580645	4	33	0.91
0.35	4	33	0.91
0.428571428571429	4	33	0.91
0.607142857142857	4	33	0.91
0.357142857142857	4	33	0.91
0.35	4	33	0.91
0.153846153846154	4	33	0.91
0.487179487179487	4	33	0.91
0.48	4	33	0.91
0.242424242424242	4	33	0.91
0.65	4	33	0.91
0.22	4	33	0.91
0.319148936170213	4	33	0.91
0.307692307692308	4	33	0.91
0.6875	4	33	0.91
0.533333333333333	4	33	0.91
0.606060606060606	4	33	0.91
0.176470588235294	4	33	0.91
0.448979591836735	4	33	0.91
0.25	4	33	0.91
0.348837209302326	4	33	0.91
0.477272727272727	4	33	0.91
0.196428571428571	4	33	0.91
0.166666666666667	4	33	0.91
0.433333333333333	4	33	0.91
0.333333333333333	4	33	0.91
0.457142857142857	4	33	0.91
0.210526315789474	4	33	0.91
0.394736842105263	4	33	0.91
0.581395348837209	4	33	0.91
0.214285714285714	4	33	0.91
0.19047619047619	4	33	0.91
0.588235294117647	4	33	0.91
0.590909090909091	4	33	0.91
0.153846153846154	4	33	0.91
0.40625	4	33	0.91
0.405405405405405	4	33	0.91
0.216216216216216	4	33	0.91
0.576923076923077	4	33	0.91
0.379310344827586	4	33	0.91
0.515151515151515	4	33	0.91
0.622222222222222	4	33	0.91
0.416666666666667	4	33	0.91
0.272727272727273	4	33	0.91
0.291666666666667	4	33	0.91
0.592592592592593	4	33	0.91
0.5	4	33	0.91
0.4	4	33	0.91
0.5	4	33	0.91
0.44	4	33	0.91
0.205882352941176	4	33	0.91
0.25	4	33	0.91
0.571428571428571	4	33	0.91
0.545454545454545	4	33	0.91
0.481481481481481	4	33	0.91
0.21875	4	33	0.91
0.178571428571429	4	33	0.91
0.5	4	33	0.91
0.722222222222222	4	33	0.91
0.416666666666667	4	33	0.91
0.25	4	33	0.91
0.56	4	33	0.91
0.380952380952381	4	33	0.91
0.5	4	33	0.91
0.5	4	33	0.91
0.146341463414634	4	33	0.91
0.133333333333333	4	33	0.91
0.387096774193548	4	33	0.91
0.32	4	33	0.91
0.106382978723404	4	33	0.91
0.181818181818182	4	33	0.91
0.416666666666667	4	33	0.91
0.166666666666667	4	33	0.91
0.346153846153846	4	33	0.91
0.416666666666667	4	33	0.91
0.571428571428571	4	33	0.91
0.228571428571429	4	33	0.91
0.388888888888889	4	33	0.91
0.4375	4	33	0.91
0.2	4	33	0.91
0.571428571428571	4	33	0.91
0.538461538461538	4	33	0.91
0.483870967741935	4	33	0.91
0.317073170731707	4	33	0.91
0.375	4	33	0.91
0.52	4	33	0.91
0.181818181818182	4	33	0.91
0.307692307692308	4	33	0.91
0.227272727272727	4	33	0.91
0.424242424242424	4	33	0.91
0.206896551724138	4	33	0.91
0.172413793103448	4	33	0.91
0.242424242424242	4	33	0.91
0.517241379310345	4	33	0.91
0.193548387096774	4	33	0.91
0.475	4	33	0.91
0.162162162162162	4	33	0.91
0.269230769230769	4	33	0.91
0.363636363636364	4	33	0.91
0.275	4	33	0.91
0.136363636363636	4	33	0.91
0.516129032258065	4	33	0.91
0.565217391304348	4	33	0.91
0.352941176470588	4	33	0.91
0.315789473684211	4	33	0.91
0.315789473684211	4	33	0.91
0.333333333333333	4	33	0.91
0.222222222222222	4	33	0.91
0.459459459459459	4	33	0.91
0.404255319148936	4	33	0.91
0.52	4	33	0.91
0.46875	4	33	0.91
0.428571428571429	4	33	0.91
0.457142857142857	4	33	0.91
0.181818181818182	4	33	0.91
0.464285714285714	4	33	0.91
0.285714285714286	4	33	0.91
0.388888888888889	4	33	0.91
0.361702127659574	4	33	0.91
0.535714285714286	4	33	0.91
0.479166666666667	4	33	0.91
0.172413793103448	4	33	0.91
0.26	4	33	0.91
0.40625	4	33	0.91
0.457142857142857	4	33	0.91
0.13953488372093	4	33	0.91
0.526315789473684	4	33	0.91
0.372093023255814	4	33	0.91
0.12	4	33	0.91
0.633333333333333	4	33	0.91
0.518518518518518	4	33	0.91
0.571428571428571	4	33	0.91
0.264705882352941	4	33	0.91
0.482758620689655	4	33	0.91
0.457142857142857	4	33	0.91
0.451612903225806	4	33	0.91
0.5	4	33	0.91
0.25	4	33	0.91
0.333333333333333	4	33	0.91
0.617647058823529	4	33	0.91
0.242424242424242	4	33	0.91
0.166666666666667	4	33	0.91
0.45	4	33	0.91
0.333333333333333	4	33	0.91
0.305555555555556	4	33	0.91
0.666666666666667	4	33	0.91
0.216216216216216	4	33	0.91
0.184210526315789	4	33	0.91
0.387096774193548	4	33	0.91
0.2	4	33	0.91
0.4	4	33	0.91
0.425	4	33	0.91
0.377777777777778	4	33	0.91
0.269230769230769	4	33	0.91
0.171428571428571	4	33	0.91
0.25	4	33	0.91
0.296296296296296	4	33	0.91
0.181818181818182	4	33	0.91
0.419354838709677	4	33	0.91
0.545454545454545	4	33	0.91
0.179487179487179	4	33	0.91
0.571428571428571	4	33	0.91
0.475	4	33	0.91
0.418604651162791	4	33	0.91
0.475	4	33	0.91
0.177777777777778	4	33	0.91
0.205882352941176	4	33	0.91
0.184210526315789	4	33	0.91
0.212121212121212	4	33	0.91
0.235294117647059	4	33	0.91
0.16	4	33	0.91
0.558823529411765	4	33	0.91
0.530612244897959	4	33	0.91
0.464285714285714	4	33	0.91
0.232558139534884	4	33	0.91
0.365853658536585	4	33	0.91
0.1875	4	33	0.91
0.424242424242424	4	33	0.91
0.2	4	33	0.91
0.5	4	33	0.91
0.377777777777778	4	33	0.91
0.6	4	33	0.91
0.413793103448276	4	33	0.91
0.352941176470588	4	33	0.91
0.195121951219512	4	33	0.91
0.346153846153846	4	33	0.91
0.105263157894737	4	33	0.91
0.5625	4	33	0.91
0.470588235294118	4	33	0.91
0.233333333333333	4	33	0.91
0.457142857142857	4	33	0.91
0.242424242424242	4	33	0.91
0.106382978723404	4	33	0.91
0.2	4	33	0.91
0.136363636363636	4	33	0.91
0.288888888888889	4	33	0.91
0.571428571428571	4	33	0.91
0.15	4	33	0.91
0.146341463414634	4	33	0.91
0.15	4	33	0.91
0.432432432432432	4	33	0.91
0.5	4	33	0.91
0.195121951219512	4	33	0.91
0.153846153846154	4	33	0.91
0.189189189189189	4	33	0.91
0.361702127659574	4	33	0.91
0.382352941176471	4	33	0.91
0.56	4	33	0.91
0.193548387096774	4	33	0.91
0.461538461538462	4	33	0.91
0.315789473684211	4	33	0.91
0.368421052631579	4	33	0.91
0.421052631578947	4	33	0.91
0.5	4	33	0.91
0.210526315789474	4	33	0.91
0.333333333333333	4	33	0.91
0.263157894736842	4	33	0.91
0.307692307692308	4	33	0.91
0.225806451612903	4	33	0.91
0.166666666666667	4	33	0.91
0.4	4	33	0.91
0.0967741935483871	4	33	0.91
0.450980392156863	4	33	0.91
0.46875	4	33	0.91
0.296296296296296	4	33	0.91
0.481481481481481	4	33	0.91
0.592592592592593	4	33	0.91
0.230769230769231	4	33	0.91
0.194444444444444	4	33	0.91
0.304347826086957	4	33	0.91
0.483870967741935	4	33	0.91
0.232558139534884	4	33	0.91
0.171428571428571	4	33	0.91
0.228571428571429	4	33	0.91
0.548387096774194	4	33	0.91
0.282051282051282	4	33	0.91
0.452380952380952	4	33	0.91
0.5	4	33	0.91
0.192307692307692	4	33	0.91
0.575	4	33	0.91
0.357142857142857	4	33	0.91
0.193548387096774	4	33	0.91
0.142857142857143	4	33	0.91
0.41304347826087	4	33	0.91
0.64	4	33	0.91
0.357142857142857	4	33	0.91
0.153846153846154	4	33	0.91
0.189189189189189	4	33	0.91
0.722222222222222	4	33	0.91
0.564102564102564	4	33	0.91
0.441176470588235	4	33	0.91
0.466666666666667	4	33	0.91
0.736842105263158	4	33	0.91
0.15	4	33	0.91
0.513513513513513	4	33	0.91
0.175	4	33	0.91
0.391304347826087	4	33	0.91
0.32	4	33	0.91
0.6875	4	33	0.91
0.242424242424242	4	33	0.91
0.238095238095238	4	33	0.91
0.368421052631579	4	33	0.91
0.463414634146341	4	33	0.91
0.153846153846154	4	33	0.91
0.421052631578947	4	33	0.91
0.232558139534884	4	33	0.91
0.178571428571429	4	33	0.91
0.527777777777778	4	33	0.91
0.588235294117647	4	33	0.91
0.185185185185185	4	33	0.91
0.666666666666667	4	33	0.91
0.535714285714286	4	33	0.91
0.424242424242424	4	33	0.91
0.130434782608696	4	33	0.91
0.625	4	33	0.91
0.181818181818182	4	33	0.91
0.555555555555556	4	33	0.91
0.212121212121212	4	33	0.91
0.125	4	33	0.91
0.14	4	33	0.91
0.113207547169811	4	33	0.91
0.59375	4	33	0.91
0.555555555555556	4	33	0.91
0.257142857142857	4	33	0.91
0.393939393939394	4	33	0.91
0.227272727272727	4	33	0.91
0.617647058823529	4	33	0.91
0.516129032258065	4	33	0.91
0.7	4	33	0.91
0.428571428571429	4	33	0.91
0.4375	4	33	0.91
0.222222222222222	4	33	0.91
0.357142857142857	4	33	0.91
0.269230769230769	4	33	0.91
0.357142857142857	4	33	0.91
0.111111111111111	4	33	0.91
0.259259259259259	4	33	0.91
0.151515151515152	4	33	0.91
0.222222222222222	4	33	0.91
0.5	4	33	0.91
0.285714285714286	4	33	0.91
0.4	4	33	0.91
0.25	4	33	0.91
0.206896551724138	4	33	0.91
0.285714285714286	4	33	0.91
0.227272727272727	4	33	0.91
0.161290322580645	4	33	0.91
0.241379310344828	4	33	0.91
0.439024390243902	4	33	0.91
0.408163265306122	4	33	0.91
0.533333333333333	4	33	0.91
0.25	4	33	0.91
0.177777777777778	4	33	0.91
0.538461538461538	4	33	0.91
0.342857142857143	4	33	0.91
0.555555555555556	4	33	0.91
0.407407407407407	4	33	0.91
0.3	4	33	0.91
0.75	4	33	0.91
0.303030303030303	4	33	0.91
0.470588235294118	4	33	0.91
0.147058823529412	4	33	0.91
0.536585365853659	4	33	0.91
0.470588235294118	4	33	0.91
0.578947368421053	4	33	0.91
0.304347826086957	4	33	0.91
0.157894736842105	4	33	0.91
0.56	4	33	0.91
0.157894736842105	4	33	0.91
0.194444444444444	4	33	0.91
0.5	4	33	0.91
0.225	4	33	0.91
0.560975609756098	4	33	0.91
0.542857142857143	4	33	0.91
0.357142857142857	4	33	0.91
0.478260869565217	4	33	0.91
0.5625	4	33	0.91
0.425	4	33	0.91
0.541666666666667	4	33	0.91
0.295454545454545	4	33	0.91
0.111111111111111	4	33	0.91
0.209302325581395	4	33	0.91
0.45	4	33	0.91
0.162162162162162	4	33	0.91
0.24	4	33	0.91
0.236842105263158	4	33	0.91
0.375	4	33	0.91
0.548387096774194	4	33	0.91
0.379310344827586	4	33	0.91
0.409090909090909	4	33	0.91
0.194444444444444	4	33	0.91
0.471698113207547	4	33	0.91
0.548387096774194	4	33	0.91
0.138888888888889	4	33	0.91
0.230769230769231	4	33	0.91
0.363636363636364	4	33	0.91
0.3	4	33	0.91
0.194444444444444	4	33	0.91
0.3	4	33	0.91
0.512820512820513	4	33	0.91
0.5	4	33	0.91
0.257142857142857	4	33	0.91
0.441176470588235	4	33	0.91
0.594594594594595	4	33	0.91
0.472222222222222	4	33	0.91
0.181818181818182	4	33	0.91
0.552631578947368	4	33	0.91
0.5	4	33	0.91
0.166666666666667	4	33	0.91
0.1	4	33	0.91
0.272727272727273	4	33	0.91
0.378378378378378	4	33	0.91
0.113636363636364	4	33	0.91
0.526315789473684	4	33	0.91
0.666666666666667	4	33	0.91
0.272727272727273	4	33	0.91
0.186046511627907	4	33	0.91
0.27027027027027	4	33	0.91
0.210526315789474	4	33	0.91
0.413793103448276	4	33	0.91
0.212121212121212	4	33	0.91
0.112676056338028	4	33	0.91
0.21875	4	33	0.91
0.534883720930233	4	33	0.91
0.24	4	33	0.91
0.288888888888889	4	33	0.91
0.25	4	33	0.91
0.270833333333333	4	33	0.91
0.36	4	33	0.91
0.148936170212766	4	33	0.91
0.230769230769231	4	33	0.91
0.465116279069767	4	33	0.91
0.478260869565217	4	33	0.91
0.25	4	33	0.91
0.375	4	33	0.91
0.4	4	33	0.91
0.119047619047619	4	33	0.91
0.113636363636364	4	33	0.91
0.214285714285714	4	33	0.91
0.214285714285714	4	33	0.91
0.243243243243243	4	33	0.91
0.46875	4	33	0.91
0.583333333333333	4	33	0.91
0.13953488372093	4	33	0.91
0.53125	4	33	0.91
0.176470588235294	4	33	0.91
0.45	4	33	0.91
0.44	4	33	0.91
0.218181818181818	4	33	0.91
0.185185185185185	4	33	0.91
0.129032258064516	4	33	0.91
0.638888888888889	4	33	0.91
0.581395348837209	4	33	0.91
0.290322580645161	4	33	0.91
0.142857142857143	4	33	0.91
0.464285714285714	4	33	0.91
0.441860465116279	4	33	0.91
0.4375	4	33	0.91
0.269230769230769	4	33	0.91
0.475	4	33	0.91
0.179487179487179	4	33	0.91
0.25	4	33	0.91
0.518518518518518	4	33	0.91
0.53125	4	33	0.91
0.512820512820513	4	33	0.91
0.390243902439024	4	33	0.91
0.588235294117647	4	33	0.91
0.483870967741935	4	33	0.91
0.580645161290323	4	33	0.91
0.409090909090909	4	33	0.91
0.27906976744186	4	33	0.91
0.55	4	33	0.91
0.428571428571429	4	33	0.91
0.333333333333333	4	33	0.91
0.294117647058824	4	33	0.91
0.241379310344828	4	33	0.91
0.307692307692308	4	33	0.91
1	4	33	0.91
0.324324324324324	4	33	0.91
0.288888888888889	4	33	0.91
0.189189189189189	4	33	0.91
0.191489361702128	4	33	0.91
0.238095238095238	4	33	0.91
0.133333333333333	4	33	0.91
0.166666666666667	4	33	0.91
0.5	4	33	0.91
0.210526315789474	4	33	0.91
0.136363636363636	4	33	0.91
0.818181818181818	4	33	0.91
1	4	33	0.91
1	4	33	0.91
0.96551724137931	4	33	0.91
0.1	4	33	0.91
0.205128205128205	4	33	0.91
0.219512195121951	4	33	0.91
0.25	4	33	0.91
0.272727272727273	4	33	0.91
1	4	33	0.91
0.151515151515152	4	33	0.91
0.894736842105263	4	33	0.91
0.25	4	33	0.91
0.173076923076923	4	33	0.91
0.642857142857143	4	33	0.91
0.210526315789474	4	33	0.91
0.681818181818182	4	33	0.91
0.481481481481481	4	33	0.91
0.488888888888889	4	33	0.91
0.380952380952381	4	33	0.91
0.543478260869565	4	33	0.91
0.478260869565217	4	33	0.91
0.419354838709677	4	33	0.91
0.348837209302326	4	33	0.91
0.538461538461538	4	33	0.91
0.258064516129032	4	33	0.91
0.166666666666667	4	33	0.91
0.186046511627907	4	33	0.91
0.5	4	33	0.91
0.263157894736842	4	33	0.91
0.3	4	33	0.91
0.459459459459459	4	33	0.91
0.608695652173913	4	33	0.91
0.206896551724138	4	33	0.91
0.454545454545455	4	33	0.91
0.230769230769231	4	33	0.91
0.380952380952381	4	33	0.91
0.5	4	33	0.91
0.294117647058824	4	33	0.91
0.461538461538462	4	33	0.91
0.214285714285714	4	33	0.91
0.277777777777778	4	33	0.91
0.25	4	33	0.91
0.371428571428571	4	33	0.91
0.461538461538462	4	33	0.91
0.518518518518518	4	33	0.91
0.222222222222222	4	33	0.91
0.516129032258065	4	33	0.91
0.266666666666667	4	33	0.91
0.352941176470588	4	33	0.91
0.204545454545455	4	33	0.91
0.159090909090909	4	33	0.91
0.6	4	33	0.91
0.205882352941176	4	33	0.91
0.352941176470588	4	33	0.91
0.153846153846154	4	33	0.91
0.45	4	33	0.91
0.351351351351351	4	33	0.91
0.423076923076923	4	33	0.91
0.5	4	33	0.91
0.40625	4	33	0.91
0.176470588235294	4	33	0.91
0.159090909090909	4	33	0.91
0.428571428571429	4	33	0.91
0.41025641025641	4	33	0.91
0.232558139534884	4	33	0.91
0.212121212121212	4	33	0.91
0.121212121212121	4	33	0.91
0.416666666666667	4	33	0.91
0.535714285714286	4	33	0.91
0.263157894736842	4	33	0.91
0.476190476190476	4	33	0.91
0.466666666666667	4	33	0.91
0.435897435897436	4	33	0.91
0.5	4	33	0.91
0.243243243243243	4	33	0.91
0.548387096774194	4	33	0.91
0.232558139534884	4	33	0.91
0.423076923076923	4	33	0.91
0.490196078431373	4	33	0.91
0.583333333333333	4	33	0.91
0.414634146341463	4	33	0.91
0.27027027027027	4	33	0.91
0.275862068965517	4	33	0.91
0.428571428571429	4	33	0.91
0.238095238095238	4	33	0.91
0.53125	4	33	0.91
0.266666666666667	4	33	0.91
0.25	4	33	0.91
0.16	4	33	0.91
0.214285714285714	4	33	0.91
0.483870967741935	4	33	0.91
0.428571428571429	4	33	0.91
0.4375	4	33	0.91
0.527777777777778	4	33	0.91
0.435897435897436	4	33	0.91
0.41304347826087	4	33	0.91
0.526315789473684	4	33	0.91
0.457142857142857	4	33	0.91
0.509433962264151	4	33	0.91
0.2	4	33	0.91
0.5	4	33	0.91
0.354838709677419	4	33	0.91
0.235294117647059	4	33	0.91
0.232558139534884	4	33	0.91
0.323529411764706	4	33	0.91
0.219512195121951	4	33	0.91
0.2	4	33	0.91
0.4	4	33	0.91
0.407407407407407	4	33	0.91
0.533333333333333	4	33	0.91
0.558139534883721	4	33	0.91
0.303030303030303	4	33	0.91
0.51219512195122	4	33	0.91
0.131578947368421	4	33	0.91
0.225	4	33	0.91
0.275862068965517	4	33	0.91
0.6	4	33	0.91
0.53125	4	33	0.91
0.222222222222222	4	33	0.91
0.232558139534884	4	33	0.91
0.333333333333333	4	33	0.91
0.46875	4	33	0.91
0.193548387096774	4	33	0.91
0.342105263157895	4	33	0.91
0.117647058823529	4	33	0.91
0.37037037037037	4	33	0.91
0.384615384615385	4	33	0.91
0.433333333333333	4	33	0.91
0.361111111111111	4	33	0.91
0.476190476190476	4	33	0.91
0.205128205128205	4	33	0.91
0.4	4	33	0.91
0.242424242424242	4	33	0.91
0.5	4	33	0.91
0.391304347826087	4	33	0.91
0.419354838709677	4	33	0.91
0.117647058823529	4	33	0.91
0.769230769230769	4	33	0.91
0.133333333333333	4	33	0.91
0.515151515151515	4	33	0.91
0.793103448275862	4	33	0.91
0.137931034482759	4	33	0.91
0.25	4	33	0.91
0.170731707317073	4	33	0.91
0.258064516129032	4	33	0.91
0.53125	4	33	0.91
0.28	4	33	0.91
0.152173913043478	4	33	0.91
0.710526315789474	4	33	0.91
0.230769230769231	4	33	0.91
0.625	4	33	0.91
0.638888888888889	4	33	0.91
0.441860465116279	4	33	0.91
0.205882352941176	4	33	0.91
0.6	4	33	0.91
0.294117647058824	4	33	0.91
0.212121212121212	4	33	0.91
0.181818181818182	4	33	0.91
0.48	4	33	0.91
0.612903225806452	4	33	0.91
0.55	4	33	0.91
0.571428571428571	4	33	0.91
0.24390243902439	4	33	0.91
0.488372093023256	4	33	0.91
0.5	4	33	0.91
0.333333333333333	4	33	0.91
0.617647058823529	4	33	0.91
0.214285714285714	4	33	0.91
0.236842105263158	4	33	0.91
0.146341463414634	4	33	0.91
0.35	4	33	0.91
0.125	4	33	0.91
0.162790697674419	4	33	0.91
0.511111111111111	4	33	0.91
0.386363636363636	4	33	0.91
0.125	4	33	0.91
0.161290322580645	4	33	0.91
0.375	4	33	0.91
0.348837209302326	4	33	0.91
0.107142857142857	4	33	0.91
0.103448275862069	4	33	0.91
0.516129032258065	4	33	0.91
0.393939393939394	4	33	0.91
0.444444444444444	4	33	0.91
0.2	4	33	0.91
0.622222222222222	4	33	0.91
0.1875	4	33	0.91
0.295454545454545	4	33	0.91
0.225	4	33	0.91
0.146341463414634	4	33	0.91
0.189189189189189	4	33	0.91
0.257142857142857	4	33	0.91
0.117647058823529	4	33	0.91
0.657142857142857	4	33	0.91
0.181818181818182	4	33	0.91
0.275862068965517	4	33	0.91
0.285714285714286	4	33	0.91
0.657894736842105	4	33	0.91
0.175	4	33	0.91
0.619047619047619	4	33	0.91
0.225806451612903	4	33	0.91
0.454545454545455	4	33	0.91
0.5	4	33	0.91
0.171428571428571	4	33	0.91
0.1875	4	33	0.91
0.211538461538462	4	33	0.91
0.225806451612903	4	33	0.91
