VAF	CN	avg.depth	purity
0.866666666666667	1	18	0.95
0.214285714285714	1	18	0.95
0.166666666666667	1	18	0.95
0.24	1	18	0.95
0.4375	1	18	0.95
0.25	1	18	0.95
0.444444444444444	1	18	0.95
0.210526315789474	1	18	0.95
0.428571428571429	1	18	0.95
0.941176470588235	1	18	0.95
0.12	1	18	0.95
0.6	1	18	0.95
0.3	1	18	0.95
0.5	1	18	0.95
0.15	1	18	0.95
0.777777777777778	1	18	0.95
0.555555555555556	1	18	0.95
0.857142857142857	1	18	0.95
0.826086956521739	1	18	0.95
0.125	1	18	0.95
0.894736842105263	1	18	0.95
0.866666666666667	1	18	0.95
0.826086956521739	1	18	0.95
0.130434782608696	1	18	0.95
0.230769230769231	1	18	0.95
0.818181818181818	1	18	0.95
0.947368421052632	1	18	0.95
0.272727272727273	1	18	0.95
0.210526315789474	1	18	0.95
0.952380952380952	1	18	0.95
0.705882352941177	1	18	0.95
0.923076923076923	1	18	0.95
1	1	18	0.95
0.666666666666667	1	18	0.95
0.818181818181818	1	18	0.95
0.909090909090909	1	18	0.95
0.235294117647059	1	18	0.95
0.857142857142857	1	18	0.95
0.354838709677419	1	18	0.95
1	1	18	0.95
0.9375	1	18	0.95
1	1	18	0.95
0.9	1	18	0.95
0.166666666666667	1	18	0.95
0.791666666666667	1	18	0.95
0.428571428571429	1	18	0.95
0.833333333333333	1	18	0.95
0.333333333333333	2	34	0.95
0.258064516129032	2	34	0.95
0.391304347826087	2	34	0.95
0.461538461538462	2	34	0.95
0.5	2	34	0.95
0.291666666666667	2	34	0.95
0.235294117647059	2	34	0.95
0.208333333333333	2	34	0.95
0.45	2	34	0.95
0.391304347826087	2	34	0.95
0.3125	2	34	0.95
0.423076923076923	2	34	0.95
0.392857142857143	2	34	0.95
0.411764705882353	2	34	0.95
0.275	2	34	0.95
0.470588235294118	2	34	0.95
0.32	2	34	0.95
0.368421052631579	2	34	0.95
0.266666666666667	2	34	0.95
0.414634146341463	2	34	0.95
0.432432432432432	2	34	0.95
0.375	2	34	0.95
0.32258064516129	2	34	0.95
0.418604651162791	2	34	0.95
0.538461538461538	2	34	0.95
0.375	2	34	0.95
0.414634146341463	2	34	0.95
0.258064516129032	2	34	0.95
0.142857142857143	2	34	0.95
0.142857142857143	2	34	0.95
0.136363636363636	2	34	0.95
0.130434782608696	2	34	0.95
0.130434782608696	2	34	0.95
0.407407407407407	2	34	0.95
0.121212121212121	2	34	0.95
0.558139534883721	2	34	0.95
0.142857142857143	2	34	0.95
0.585365853658537	2	34	0.95
0.354838709677419	2	34	0.95
0.375	2	34	0.95
0.472222222222222	2	34	0.95
0.25	2	34	0.95
0.380952380952381	2	34	0.95
0.652173913043478	2	34	0.95
0.447368421052632	2	34	0.95
0.324324324324324	2	34	0.95
0.40625	2	34	0.95
0.4	2	34	0.95
0.470588235294118	2	34	0.95
0.13953488372093	2	34	0.95
0.409090909090909	2	34	0.95
0.342105263157895	2	34	0.95
0.628571428571429	2	34	0.95
0.575757575757576	2	34	0.95
0.404761904761905	2	34	0.95
0.117647058823529	2	34	0.95
0.521739130434783	2	34	0.95
0.294117647058824	2	34	0.95
0.631578947368421	2	34	0.95
0.227272727272727	2	34	0.95
0.4	2	34	0.95
0.464285714285714	2	34	0.95
0.405405405405405	2	34	0.95
0.162790697674419	2	34	0.95
0.5625	2	34	0.95
0.435897435897436	2	34	0.95
0.21875	2	34	0.95
0.482758620689655	2	34	0.95
0.379310344827586	2	34	0.95
0.487179487179487	2	34	0.95
0.434782608695652	2	34	0.95
0.259259259259259	2	34	0.95
0.583333333333333	2	34	0.95
0.53125	2	34	0.95
0.222222222222222	2	34	0.95
0.416666666666667	2	34	0.95
0.46875	2	34	0.95
0.473684210526316	2	34	0.95
0.416666666666667	2	34	0.95
0.542857142857143	2	34	0.95
0.285714285714286	2	34	0.95
0.75	2	34	0.95
0.777777777777778	2	34	0.95
0.526315789473684	2	34	0.95
0.433333333333333	2	34	0.95
0.555555555555556	2	34	0.95
0.428571428571429	2	34	0.95
0.4	2	34	0.95
0.619047619047619	2	34	0.95
0.613636363636364	2	34	0.95
0.483870967741935	2	34	0.95
0.3	2	34	0.95
0.3	2	34	0.95
0.266666666666667	2	34	0.95
0.4375	2	34	0.95
0.380952380952381	2	34	0.95
0.469387755102041	2	34	0.95
0.363636363636364	2	34	0.95
0.35	2	34	0.95
0.452380952380952	2	34	0.95
0.617647058823529	2	34	0.95
0.42	2	34	0.95
0.441176470588235	2	34	0.95
0.549019607843137	2	34	0.95
0.257142857142857	2	34	0.95
0.6	2	34	0.95
0.153846153846154	2	34	0.95
0.465116279069767	2	34	0.95
0.476190476190476	2	34	0.95
0.382352941176471	2	34	0.95
0.285714285714286	2	34	0.95
0.428571428571429	2	34	0.95
0.581395348837209	2	34	0.95
0.214285714285714	2	34	0.95
0.161290322580645	2	34	0.95
0.454545454545455	2	34	0.95
0.56	2	34	0.95
0.5	2	34	0.95
0.218181818181818	2	34	0.95
0.411764705882353	2	34	0.95
0.3	2	34	0.95
0.333333333333333	2	34	0.95
0.34375	2	34	0.95
0.431372549019608	2	34	0.95
0.295454545454545	2	34	0.95
0.5	2	34	0.95
0.157894736842105	2	34	0.95
0.441860465116279	2	34	0.95
0.428571428571429	2	34	0.95
0.342857142857143	2	34	0.95
0.304347826086957	2	34	0.95
0.146341463414634	2	34	0.95
0.571428571428571	2	34	0.95
0.37037037037037	2	34	0.95
0.565217391304348	2	34	0.95
0.24	2	34	0.95
0.428571428571429	2	34	0.95
0.580645161290323	2	34	0.95
0.125	2	34	0.95
0.4	2	34	0.95
0.384615384615385	2	34	0.95
0.46875	2	34	0.95
0.5	2	34	0.95
0.551724137931034	2	34	0.95
0.375	2	34	0.95
0.421052631578947	2	34	0.95
0.171428571428571	2	34	0.95
0.268292682926829	2	34	0.95
0.404255319148936	2	34	0.95
0.307692307692308	2	34	0.95
0.355555555555556	2	34	0.95
0.466666666666667	2	34	0.95
0.314285714285714	2	34	0.95
0.325581395348837	2	34	0.95
0.484848484848485	2	34	0.95
0.484848484848485	2	34	0.95
0.317073170731707	2	34	0.95
0.46875	2	34	0.95
0.555555555555556	2	34	0.95
0.326530612244898	2	34	0.95
0.382352941176471	2	34	0.95
0.142857142857143	2	34	0.95
0.605263157894737	2	34	0.95
0.636363636363636	2	34	0.95
0.395348837209302	2	34	0.95
0.37037037037037	2	34	0.95
0.452380952380952	2	34	0.95
0.405405405405405	2	34	0.95
0.555555555555556	2	34	0.95
0.314814814814815	2	34	0.95
0.552631578947368	2	34	0.95
0.384615384615385	2	34	0.95
0.147058823529412	2	34	0.95
0.5	2	34	0.95
0.162790697674419	2	34	0.95
0.125	2	34	0.95
0.357142857142857	2	34	0.95
0.30952380952381	2	34	0.95
0.12	2	34	0.95
0.105263157894737	2	34	0.95
0.241379310344828	2	34	0.95
0.484848484848485	2	34	0.95
0.371428571428571	2	34	0.95
0.227272727272727	2	34	0.95
0.48	2	34	0.95
0.5	2	34	0.95
0.487179487179487	2	34	0.95
0.194444444444444	2	34	0.95
0.425	2	34	0.95
0.375	2	34	0.95
0.41025641025641	2	34	0.95
0.333333333333333	2	34	0.95
0.0925925925925926	2	34	0.95
0.583333333333333	2	34	0.95
0.583333333333333	2	34	0.95
0.277777777777778	2	34	0.95
0.433333333333333	2	34	0.95
0.476190476190476	2	34	0.95
0.333333333333333	2	34	0.95
0.4	2	34	0.95
0.22	2	34	0.95
0.475	2	34	0.95
0.607142857142857	2	34	0.95
0.40625	2	34	0.95
0.44	2	34	0.95
0.269230769230769	2	34	0.95
0.136363636363636	2	34	0.95
0.428571428571429	2	34	0.95
0.210526315789474	2	34	0.95
0.390243902439024	2	34	0.95
0.666666666666667	2	34	0.95
0.476190476190476	2	34	0.95
0.651162790697674	2	34	0.95
0.132075471698113	2	34	0.95
0.418604651162791	2	34	0.95
0.291666666666667	2	34	0.95
0.55	2	34	0.95
0.5	2	34	0.95
0.119047619047619	2	34	0.95
0.270833333333333	2	34	0.95
0.1875	2	34	0.95
0.333333333333333	2	34	0.95
0.153846153846154	2	34	0.95
0.609756097560976	2	34	0.95
0.333333333333333	2	34	0.95
0.45	2	34	0.95
0.435897435897436	2	34	0.95
0.125	2	34	0.95
0.525	2	34	0.95
0.176470588235294	2	34	0.95
0.533333333333333	2	34	0.95
0.52	2	34	0.95
0.583333333333333	2	34	0.95
0.461538461538462	2	34	0.95
0.352941176470588	2	34	0.95
0.363636363636364	2	34	0.95
0.257142857142857	2	34	0.95
0.483870967741935	2	34	0.95
0.27027027027027	2	34	0.95
0.523809523809524	2	34	0.95
0.433333333333333	2	34	0.95
0.571428571428571	2	34	0.95
0.428571428571429	2	34	0.95
0.428571428571429	2	34	0.95
0.5	2	34	0.95
0.333333333333333	2	34	0.95
0.5	2	34	0.95
0.125	2	34	0.95
0.294117647058824	2	34	0.95
0.12	2	34	0.95
0.19047619047619	2	34	0.95
0.25	2	34	0.95
0.375	2	34	0.95
0.535714285714286	2	34	0.95
0.307692307692308	2	34	0.95
0.315789473684211	2	34	0.95
0.117647058823529	2	34	0.95
0.545454545454545	2	34	0.95
0.542857142857143	2	34	0.95
0.151515151515152	2	34	0.95
0.490566037735849	2	34	0.95
0.264705882352941	2	34	0.95
0.466666666666667	2	34	0.95
0.189189189189189	2	34	0.95
0.285714285714286	2	34	0.95
0.540540540540541	2	34	0.95
0.105263157894737	2	34	0.95
0.553191489361702	2	34	0.95
0.560975609756098	2	34	0.95
0.282051282051282	2	34	0.95
0.435897435897436	2	34	0.95
0.540540540540541	2	34	0.95
0.15	2	34	0.95
0.194444444444444	2	34	0.95
0.342857142857143	2	34	0.95
0.272727272727273	2	34	0.95
0.388888888888889	2	34	0.95
0.290322580645161	2	34	0.95
0.25	2	34	0.95
0.555555555555556	2	34	0.95
0.5	2	34	0.95
0.451612903225806	2	34	0.95
0.157894736842105	2	34	0.95
0.482758620689655	2	34	0.95
0.214285714285714	2	34	0.95
0.625	2	34	0.95
0.48780487804878	2	34	0.95
0.470588235294118	2	34	0.95
0.363636363636364	2	34	0.95
0.529411764705882	2	34	0.95
0.5	2	34	0.95
0.647058823529412	2	34	0.95
0.441860465116279	2	34	0.95
0.5	2	34	0.95
0.435897435897436	2	34	0.95
0.611111111111111	2	34	0.95
0.342857142857143	2	34	0.95
0.25	2	34	0.95
0.476190476190476	2	34	0.95
0.365853658536585	2	34	0.95
0.240740740740741	2	34	0.95
0.451612903225806	2	34	0.95
0.833333333333333	2	34	0.95
0.478260869565217	2	34	0.95
0.358974358974359	2	34	0.95
0.428571428571429	2	34	0.95
0.605263157894737	2	34	0.95
0.5	2	34	0.95
0.388888888888889	2	34	0.95
0.517241379310345	2	34	0.95
0.5	2	34	0.95
0.25	2	34	0.95
0.323529411764706	2	34	0.95
0.1	2	34	0.95
0.4375	2	34	0.95
0.533333333333333	2	34	0.95
0.404761904761905	2	34	0.95
0.12	2	34	0.95
0.125	2	34	0.95
0.432432432432432	2	34	0.95
0.466666666666667	2	34	0.95
0.387096774193548	2	34	0.95
0.466666666666667	2	34	0.95
0.636363636363636	2	34	0.95
0.244897959183673	2	34	0.95
0.2	2	34	0.95
0.482758620689655	2	34	0.95
0.529411764705882	2	34	0.95
0.2	2	34	0.95
0.3	2	34	0.95
0.153846153846154	2	34	0.95
0.421052631578947	2	34	0.95
0.465116279069767	2	34	0.95
0.347826086956522	2	34	0.95
0.305555555555556	2	34	0.95
0.324324324324324	2	34	0.95
0.393939393939394	2	34	0.95
0.216216216216216	2	34	0.95
0.4375	2	34	0.95
0.25	2	34	0.95
0.465116279069767	2	34	0.95
0.135135135135135	2	34	0.95
0.580645161290323	2	34	0.95
0.5	2	34	0.95
0.432432432432432	2	34	0.95
0.464285714285714	2	34	0.95
0.552631578947368	2	34	0.95
0.371428571428571	2	34	0.95
0.325	2	34	0.95
0.303030303030303	2	34	0.95
0.347826086956522	2	34	0.95
0.384615384615385	2	34	0.95
0.44	2	34	0.95
0.21875	2	34	0.95
0.125	2	34	0.95
0.189189189189189	2	34	0.95
0.133333333333333	2	34	0.95
0.428571428571429	2	34	0.95
0.409090909090909	2	34	0.95
0.333333333333333	2	34	0.95
0.325	2	34	0.95
0.764705882352941	2	34	0.95
0.5	2	34	0.95
0.45	2	34	0.95
0.333333333333333	2	34	0.95
0.390243902439024	2	34	0.95
0.4	2	34	0.95
0.15	2	34	0.95
0.5	2	34	0.95
0.214285714285714	2	34	0.95
0.125	2	34	0.95
0.145833333333333	2	34	0.95
0.41304347826087	2	34	0.95
0.0980392156862745	2	34	0.95
0.571428571428571	2	34	0.95
1	2	34	0.95
0.457142857142857	2	34	0.95
0.315789473684211	2	34	0.95
0.315789473684211	2	34	0.95
0.354166666666667	2	34	0.95
0.255813953488372	2	34	0.95
0.25	2	34	0.95
0.382352941176471	2	34	0.95
0.379310344827586	2	34	0.95
0.351351351351351	2	34	0.95
0.357142857142857	2	34	0.95
0.259259259259259	2	34	0.95
0.5	2	34	0.95
0.540540540540541	2	34	0.95
0.486486486486487	2	34	0.95
0.463414634146341	2	34	0.95
0.285714285714286	2	34	0.95
0.46875	2	34	0.95
0.421052631578947	2	34	0.95
0.4	2	34	0.95
0.4	2	34	0.95
0.296296296296296	2	34	0.95
0.405405405405405	2	34	0.95
0.444444444444444	2	34	0.95
0.484848484848485	2	34	0.95
0.269230769230769	2	34	0.95
0.423076923076923	2	34	0.95
0.627906976744186	2	34	0.95
0.465116279069767	2	34	0.95
0.5	2	34	0.95
0.465116279069767	2	34	0.95
0.46875	2	34	0.95
0.142857142857143	2	34	0.95
0.25	2	34	0.95
0.379310344827586	2	34	0.95
0.371428571428571	2	34	0.95
0.421052631578947	2	34	0.95
0.372093023255814	2	34	0.95
0.292682926829268	2	34	0.95
0.357142857142857	2	34	0.95
0.517241379310345	2	34	0.95
0.351351351351351	2	34	0.95
0.5	2	34	0.95
0.179487179487179	2	34	0.95
0.344827586206897	2	34	0.95
0.595238095238095	2	34	0.95
0.428571428571429	2	34	0.95
0.540540540540541	2	34	0.95
0.255813953488372	2	34	0.95
0.393939393939394	2	34	0.95
0.566666666666667	2	34	0.95
0.264705882352941	2	34	0.95
0.5	2	34	0.95
0.181818181818182	2	34	0.95
0.275862068965517	2	34	0.95
0.722222222222222	2	34	0.95
0.148148148148148	2	34	0.95
0.553191489361702	2	34	0.95
0.363636363636364	2	34	0.95
0.575	2	34	0.95
0.657142857142857	2	34	0.95
0.333333333333333	2	34	0.95
0.44	2	34	0.95
0.225806451612903	2	34	0.95
0.424242424242424	2	34	0.95
0.238095238095238	2	34	0.95
0.173913043478261	2	34	0.95
0.153846153846154	2	34	0.95
0.428571428571429	2	34	0.95
0.291666666666667	2	34	0.95
0.414634146341463	2	34	0.95
0.395348837209302	2	34	0.95
0.363636363636364	2	34	0.95
0.275862068965517	2	34	0.95
0.2	2	34	0.95
0.519230769230769	2	34	0.95
0.263157894736842	2	34	0.95
0.333333333333333	2	34	0.95
0.323529411764706	2	34	0.95
0.358974358974359	2	34	0.95
0.333333333333333	2	34	0.95
0.4375	2	34	0.95
0.34375	2	34	0.95
0.25	2	34	0.95
0.387096774193548	2	34	0.95
0.193548387096774	2	34	0.95
0.318181818181818	2	34	0.95
0.259259259259259	2	34	0.95
0.464285714285714	2	34	0.95
0.525	2	34	0.95
0.346153846153846	2	34	0.95
0.547619047619048	2	34	0.95
0.483870967741935	2	34	0.95
0.511111111111111	2	34	0.95
0.409090909090909	2	34	0.95
0.290322580645161	2	34	0.95
0.606060606060606	2	34	0.95
0.314285714285714	2	34	0.95
0.272727272727273	2	34	0.95
0.342105263157895	2	34	0.95
0.513513513513513	2	34	0.95
0.175	2	34	0.95
0.314285714285714	2	34	0.95
0.4375	2	34	0.95
0.136363636363636	2	34	0.95
0.357142857142857	2	34	0.95
0.131578947368421	2	34	0.95
0.285714285714286	2	34	0.95
0.466666666666667	2	34	0.95
0.263157894736842	2	34	0.95
0.473684210526316	2	34	0.95
0.423076923076923	2	34	0.95
0.133333333333333	2	34	0.95
0.153846153846154	2	34	0.95
0.333333333333333	2	34	0.95
0.592592592592593	2	34	0.95
0.222222222222222	2	34	0.95
0.523809523809524	2	34	0.95
0.333333333333333	2	34	0.95
0.423076923076923	2	34	0.95
0.365853658536585	2	34	0.95
0.606060606060606	2	34	0.95
0.138888888888889	2	34	0.95
0.130434782608696	2	34	0.95
0.475	2	34	0.95
0.487179487179487	2	34	0.95
0.184210526315789	2	34	0.95
0.647058823529412	2	34	0.95
0.529411764705882	2	34	0.95
0.303030303030303	2	34	0.95
0.166666666666667	2	34	0.95
0.195652173913043	2	34	0.95
0.514285714285714	2	34	0.95
0.35	2	34	0.95
0.5	2	34	0.95
0.59375	2	34	0.95
0.404761904761905	2	34	0.95
0.153846153846154	2	34	0.95
0.428571428571429	2	34	0.95
0.413793103448276	2	34	0.95
0.516129032258065	2	34	0.95
0.109090909090909	2	34	0.95
0.5	2	34	0.95
0.5	2	34	0.95
0.44	2	34	0.95
0.448275862068966	2	34	0.95
0.566666666666667	2	34	0.95
0.518518518518518	2	34	0.95
0.162162162162162	2	34	0.95
0.36	2	34	0.95
0.558823529411765	2	34	0.95
0.451612903225806	2	34	0.95
0.163265306122449	2	34	0.95
0.451612903225806	2	34	0.95
0.232558139534884	2	34	0.95
0.405405405405405	2	34	0.95
0.416666666666667	2	34	0.95
0.206896551724138	2	34	0.95
0.266666666666667	2	34	0.95
0.413793103448276	2	34	0.95
0.111111111111111	2	34	0.95
0.846153846153846	2	34	0.95
0.25	2	34	0.95
0.313725490196078	2	34	0.95
0.486486486486487	2	34	0.95
0.416666666666667	2	34	0.95
0.5	2	34	0.95
0.3	2	34	0.95
0.333333333333333	2	34	0.95
0.217391304347826	2	34	0.95
0.461538461538462	2	34	0.95
0.206896551724138	2	34	0.95
0.0943396226415094	2	34	0.95
0.540540540540541	2	34	0.95
0.4	2	34	0.95
0.548387096774194	2	34	0.95
0.462962962962963	2	34	0.95
0.5625	2	34	0.95
0.114285714285714	2	34	0.95
0.488372093023256	2	34	0.95
0.259259259259259	2	34	0.95
0.5	2	34	0.95
0.361111111111111	2	34	0.95
0.387096774193548	2	34	0.95
0.323529411764706	2	34	0.95
0.456521739130435	2	34	0.95
0.486486486486487	2	34	0.95
0.466666666666667	2	34	0.95
0.472222222222222	2	34	0.95
0.481481481481481	2	34	0.95
0.357142857142857	2	34	0.95
0.169811320754717	2	34	0.95
0.459459459459459	2	34	0.95
0.34375	2	34	0.95
0.518518518518518	2	34	0.95
0.458333333333333	2	34	0.95
0.138888888888889	2	34	0.95
0.481481481481481	2	34	0.95
0.615384615384615	2	34	0.95
0.418604651162791	2	34	0.95
0.212121212121212	2	34	0.95
0.34375	2	34	0.95
0.538461538461538	2	34	0.95
0.585365853658537	2	34	0.95
0.448275862068966	2	34	0.95
0.2	2	34	0.95
0.413793103448276	2	34	0.95
0.48	2	34	0.95
0.35	2	34	0.95
0.45	2	34	0.95
0.317073170731707	2	34	0.95
0.55	2	34	0.95
0.393939393939394	2	34	0.95
0.535714285714286	2	34	0.95
0.153846153846154	2	34	0.95
0.533333333333333	2	34	0.95
0.24	2	34	0.95
0.642857142857143	2	34	0.95
0.448275862068966	2	34	0.95
0.434782608695652	2	34	0.95
0.515151515151515	2	34	0.95
0.41304347826087	2	34	0.95
0.428571428571429	2	34	0.95
0.59375	2	34	0.95
0.175	2	34	0.95
0.432432432432432	2	34	0.95
0.472222222222222	2	34	0.95
0.461538461538462	2	34	0.95
0.518518518518518	2	34	0.95
0.315789473684211	2	34	0.95
0.25	2	34	0.95
0.25	2	34	0.95
0.46875	2	34	0.95
0.2	2	34	0.95
0.277777777777778	2	34	0.95
0.617647058823529	2	34	0.95
0.166666666666667	2	34	0.95
0.257142857142857	2	34	0.95
0.46875	2	34	0.95
0.243243243243243	2	34	0.95
0.395348837209302	2	34	0.95
0.157894736842105	2	34	0.95
0.5	2	34	0.95
0.34375	2	34	0.95
0.394736842105263	2	34	0.95
0.282051282051282	2	34	0.95
0.444444444444444	2	34	0.95
0.193548387096774	2	34	0.95
0.375	2	34	0.95
0.424242424242424	2	34	0.95
0.448275862068966	2	34	0.95
0.413793103448276	2	34	0.95
0.372093023255814	2	34	0.95
0.28125	2	34	0.95
0.416666666666667	2	34	0.95
0.611111111111111	2	34	0.95
0.27906976744186	2	34	0.95
0.161290322580645	2	34	0.95
0.166666666666667	2	34	0.95
0.32	2	34	0.95
0.166666666666667	2	34	0.95
0.62962962962963	2	34	0.95
0.13953488372093	2	34	0.95
0.48	2	34	0.95
0.303030303030303	2	34	0.95
0.419354838709677	2	34	0.95
0.333333333333333	2	34	0.95
0.291666666666667	2	34	0.95
0.238095238095238	2	34	0.95
0.516129032258065	2	34	0.95
0.444444444444444	2	34	0.95
0.434782608695652	2	34	0.95
0.388888888888889	2	34	0.95
0.212121212121212	2	34	0.95
0.115384615384615	2	34	0.95
0.444444444444444	2	34	0.95
0.5	2	34	0.95
0.48	2	34	0.95
0.361111111111111	2	34	0.95
0.418181818181818	2	34	0.95
0.384615384615385	2	34	0.95
0.32258064516129	2	34	0.95
0.483870967741935	2	34	0.95
0.321428571428571	2	34	0.95
0.538461538461538	2	34	0.95
0.166666666666667	2	34	0.95
0.222222222222222	2	34	0.95
0.461538461538462	2	34	0.95
0.53125	2	34	0.95
0.117647058823529	2	34	0.95
0.394736842105263	2	34	0.95
0.478260869565217	2	34	0.95
0.214285714285714	2	34	0.95
0.575757575757576	2	34	0.95
0.6	2	34	0.95
0.394736842105263	2	34	0.95
0.5625	2	34	0.95
0.363636363636364	2	34	0.95
0.296296296296296	2	34	0.95
0.431818181818182	2	34	0.95
0.567567567567568	2	34	0.95
0.5	2	34	0.95
0.28	2	34	0.95
0.35	2	34	0.95
0.117647058823529	2	34	0.95
0.366666666666667	2	34	0.95
0.171428571428571	2	34	0.95
0.487179487179487	2	34	0.95
0.162162162162162	2	34	0.95
0.407407407407407	2	34	0.95
0.323529411764706	2	34	0.95
0.342857142857143	2	34	0.95
0.487179487179487	2	34	0.95
0.515151515151515	2	34	0.95
0.181818181818182	2	34	0.95
0.4375	2	34	0.95
0.4	2	34	0.95
0.487179487179487	2	34	0.95
0.116279069767442	2	34	0.95
0.27027027027027	2	34	0.95
0.153846153846154	2	34	0.95
0.382352941176471	2	34	0.95
0.256410256410256	2	34	0.95
0.272727272727273	2	34	0.95
0.289473684210526	2	34	0.95
0.531914893617021	2	34	0.95
0.35	2	34	0.95
0.378378378378378	2	34	0.95
0.375	2	34	0.95
0.3	2	34	0.95
0.3	2	34	0.95
0.535714285714286	2	34	0.95
0.193548387096774	2	34	0.95
0.291666666666667	2	34	0.95
0.361111111111111	2	34	0.95
0.107692307692308	2	34	0.95
0.464285714285714	2	34	0.95
0.444444444444444	2	34	0.95
0.5	2	34	0.95
0.4	2	34	0.95
0.371428571428571	2	34	0.95
0.56	2	34	0.95
0.303030303030303	2	34	0.95
0.2	2	34	0.95
0.575	2	34	0.95
0.321428571428571	2	34	0.95
0.36	2	34	0.95
0.357142857142857	2	34	0.95
0.447368421052632	2	34	0.95
0.275862068965517	2	34	0.95
0.439024390243902	2	34	0.95
0.305555555555556	2	34	0.95
0.709677419354839	2	34	0.95
0.333333333333333	2	34	0.95
0.387755102040816	2	34	0.95
0.296296296296296	2	34	0.95
0.448275862068966	2	34	0.95
0.444444444444444	2	34	0.95
0.4	2	34	0.95
0.6875	2	34	0.95
0.695652173913043	2	34	0.95
0.326530612244898	2	34	0.95
0.189189189189189	2	34	0.95
0.565217391304348	2	34	0.95
0.368421052631579	2	34	0.95
0.382978723404255	2	34	0.95
0.317073170731707	2	34	0.95
0.466666666666667	2	34	0.95
0.105263157894737	2	34	0.95
0.380952380952381	2	34	0.95
0.416666666666667	2	34	0.95
0.366666666666667	2	34	0.95
0.5	2	34	0.95
0.282051282051282	2	34	0.95
0.379310344827586	2	34	0.95
0.2	2	34	0.95
0.5	2	34	0.95
0.482758620689655	2	34	0.95
0.296296296296296	2	34	0.95
0.28125	2	34	0.95
0.512820512820513	2	34	0.95
0.35	2	34	0.95
0.206896551724138	2	34	0.95
0.428571428571429	2	34	0.95
0.46875	2	34	0.95
0.282051282051282	2	34	0.95
0.513513513513513	2	34	0.95
0.310344827586207	2	34	0.95
0.545454545454545	2	34	0.95
0.324324324324324	2	34	0.95
0.451612903225806	2	34	0.95
0.277777777777778	2	34	0.95
0.473684210526316	2	34	0.95
0.135135135135135	2	34	0.95
0.108108108108108	2	34	0.95
1	2	34	0.95
0.295454545454545	2	34	0.95
0.413793103448276	2	34	0.95
0.117647058823529	2	34	0.95
0.292682926829268	2	34	0.95
0.441176470588235	2	34	0.95
0.32258064516129	2	34	0.95
0.447368421052632	2	34	0.95
0.510204081632653	2	34	0.95
0.521739130434783	2	34	0.95
0.390243902439024	2	34	0.95
0.342105263157895	2	34	0.95
0.586206896551724	2	34	0.95
0.390243902439024	2	34	0.95
0.647058823529412	2	34	0.95
0.689655172413793	2	34	0.95
0.333333333333333	2	34	0.95
0.13953488372093	2	34	0.95
0.411764705882353	2	34	0.95
0.333333333333333	2	34	0.95
0.555555555555556	2	34	0.95
0.276595744680851	2	34	0.95
0.444444444444444	2	34	0.95
0.511627906976744	2	34	0.95
0.32258064516129	2	34	0.95
0.242424242424242	2	34	0.95
0.4375	2	34	0.95
0.2	2	34	0.95
0.517241379310345	2	34	0.95
0.511627906976744	2	34	0.95
0.470588235294118	2	34	0.95
0.260869565217391	2	34	0.95
0.409090909090909	2	34	0.95
0.285714285714286	2	34	0.95
0.488372093023256	2	34	0.95
0.294117647058824	2	34	0.95
0.354166666666667	2	34	0.95
0.576923076923077	2	34	0.95
0.35	2	34	0.95
0.157894736842105	2	34	0.95
0.304347826086957	2	34	0.95
0.325	2	34	0.95
0.30952380952381	2	34	0.95
0.12	2	34	0.95
0.447368421052632	2	34	0.95
0.465116279069767	2	34	0.95
0.423076923076923	2	34	0.95
0.125	2	34	0.95
0.285714285714286	2	34	0.95
0.405405405405405	2	34	0.95
0.392857142857143	2	34	0.95
0.382978723404255	2	34	0.95
0.447368421052632	2	34	0.95
0.555555555555556	2	34	0.95
0.285714285714286	2	34	0.95
0.230769230769231	2	34	0.95
0.34375	2	34	0.95
0.333333333333333	2	34	0.95
0.45	2	34	0.95
0.206896551724138	2	34	0.95
0.366666666666667	2	34	0.95
0.333333333333333	2	34	0.95
0.545454545454545	2	34	0.95
0.409090909090909	2	34	0.95
0.192307692307692	2	34	0.95
0.433333333333333	2	34	0.95
0.435897435897436	2	34	0.95
0.583333333333333	2	34	0.95
0.52	2	34	0.95
0.538461538461538	2	34	0.95
0.325	2	34	0.95
0.24390243902439	2	34	0.95
0.588235294117647	2	34	0.95
0.130434782608696	2	34	0.95
0.5	2	34	0.95
0.260869565217391	2	34	0.95
0.4	2	34	0.95
0.346153846153846	2	34	0.95
0.457142857142857	2	34	0.95
0.545454545454545	2	34	0.95
0.458333333333333	2	34	0.95
0.5	2	34	0.95
0.40625	2	34	0.95
0.3125	2	34	0.95
0.162162162162162	2	34	0.95
0.255813953488372	2	34	0.95
0.555555555555556	2	34	0.95
0.44	2	34	0.95
0.25	2	34	0.95
0.625	2	34	0.95
0.675675675675676	2	34	0.95
0.604651162790698	2	34	0.95
0.5	2	34	0.95
0.15	2	34	0.95
0.567567567567568	2	34	0.95
0.371428571428571	2	34	0.95
0.4	2	34	0.95
0.44	2	34	0.95
0.483870967741935	2	34	0.95
0.545454545454545	2	34	0.95
0.545454545454545	2	34	0.95
0.214285714285714	2	34	0.95
0.230769230769231	2	34	0.95
0.291666666666667	2	34	0.95
0.24	2	34	0.95
0.25	2	34	0.95
0.282608695652174	2	34	0.95
0.342857142857143	2	34	0.95
0.296296296296296	2	34	0.95
0.454545454545455	2	34	0.95
0.128205128205128	2	34	0.95
0.157894736842105	2	34	0.95
0.5625	2	34	0.95
0.473684210526316	2	34	0.95
0.542857142857143	2	34	0.95
0.473684210526316	2	34	0.95
0.25	2	34	0.95
0.133333333333333	2	34	0.95
0.473684210526316	2	34	0.95
0.142857142857143	2	34	0.95
0.290322580645161	2	34	0.95
0.372549019607843	2	34	0.95
0.483870967741935	2	34	0.95
0.512820512820513	2	34	0.95
0.441176470588235	2	34	0.95
0.48	2	34	0.95
0.366666666666667	2	34	0.95
0.25	2	34	0.95
0.6	2	34	0.95
0.195652173913043	2	34	0.95
0.177777777777778	2	34	0.95
0.225	2	34	0.95
0.13953488372093	2	34	0.95
0.575	2	34	0.95
0.529411764705882	2	34	0.95
0.527777777777778	2	34	0.95
0.4	2	34	0.95
0.5	2	34	0.95
0.5	2	34	0.95
0.2	2	34	0.95
0.5	2	34	0.95
0.444444444444444	2	34	0.95
0.441176470588235	2	34	0.95
0.421052631578947	2	34	0.95
0.45	2	34	0.95
0.62962962962963	2	34	0.95
0.24	2	34	0.95
0.354838709677419	2	34	0.95
0.148148148148148	2	34	0.95
0.333333333333333	2	34	0.95
0.390243902439024	2	34	0.95
0.34375	2	34	0.95
0.545454545454545	2	34	0.95
0.3	2	34	0.95
0.142857142857143	2	34	0.95
0.515151515151515	2	34	0.95
0.611111111111111	2	34	0.95
0.244444444444444	2	34	0.95
0.147058823529412	2	34	0.95
0.46875	2	34	0.95
0.357142857142857	2	34	0.95
0.48936170212766	2	34	0.95
0.483870967741935	2	34	0.95
0.416666666666667	2	34	0.95
0.476190476190476	2	34	0.95
0.387096774193548	2	34	0.95
0.204545454545455	2	34	0.95
0.179487179487179	2	34	0.95
0.195121951219512	2	34	0.95
0.48780487804878	2	34	0.95
0.444444444444444	2	34	0.95
0.318181818181818	2	34	0.95
0.5	2	34	0.95
0.448275862068966	2	34	0.95
0.465116279069767	2	34	0.95
0.35	2	34	0.95
0.121212121212121	2	34	0.95
0.542857142857143	2	34	0.95
0.466666666666667	2	34	0.95
0.208333333333333	3	38	0.95
0.642857142857143	3	38	0.95
0.0967741935483871	3	38	0.95
0.189189189189189	3	38	0.95
0.157894736842105	3	38	0.95
0.214285714285714	3	38	0.95
0.205128205128205	3	38	0.95
0.296296296296296	3	38	0.95
0.2	3	38	0.95
0.194444444444444	3	38	0.95
0.2	3	38	0.95
0.3	3	38	0.95
0.355555555555556	3	38	0.95
0.536585365853659	3	38	0.95
0.133333333333333	3	38	0.95
0.25	3	38	0.95
0.159090909090909	3	38	0.95
0.368421052631579	3	38	0.95
0.4	3	38	0.95
0.276595744680851	3	38	0.95
