VAF	CN	avg.depth	purity
0.80952380952381	1	21	0.92
0.875	1	21	0.92
0.666666666666667	1	21	0.92
0.727272727272727	1	21	0.92
0.142857142857143	1	21	0.92
0.12	1	21	0.92
0.115384615384615	1	21	0.92
0.111111111111111	1	21	0.92
0.157894736842105	1	21	0.92
0.130434782608696	1	21	0.92
0.941176470588235	1	21	0.92
0.51219512195122	2	35	0.92
0.432432432432432	2	35	0.92
0.116279069767442	2	35	0.92
0.424242424242424	2	35	0.92
0.470588235294118	2	35	0.92
0.44	2	35	0.92
0.344262295081967	2	35	0.92
0.441860465116279	2	35	0.92
0.3125	2	35	0.92
0.108108108108108	2	35	0.92
0.115384615384615	2	35	0.92
0.416666666666667	2	35	0.92
0.5	2	35	0.92
0.315789473684211	2	35	0.92
0.457142857142857	2	35	0.92
0.515151515151515	2	35	0.92
0.130434782608696	2	35	0.92
0.3125	2	35	0.92
0.434782608695652	2	35	0.92
0.104166666666667	2	35	0.92
0.102040816326531	2	35	0.92
0.357142857142857	2	35	0.92
0.130434782608696	2	35	0.92
0.461538461538462	2	35	0.92
0.333333333333333	2	35	0.92
0.491228070175439	2	35	0.92
0.428571428571429	2	35	0.92
0.5	2	35	0.92
0.391304347826087	2	35	0.92
0.875	2	35	0.92
0.666666666666667	2	35	0.92
0.571428571428571	2	35	0.92
0.333333333333333	2	35	0.92
0.5	2	35	0.92
0.565217391304348	2	35	0.92
0.611111111111111	2	35	0.92
0.416666666666667	2	35	0.92
0.357142857142857	2	35	0.92
0.458333333333333	2	35	0.92
0.439024390243902	2	35	0.92
0.392857142857143	2	35	0.92
0.193548387096774	2	35	0.92
0.222222222222222	2	35	0.92
0.2	2	35	0.92
0.133333333333333	2	35	0.92
0.138888888888889	2	35	0.92
0.435897435897436	2	35	0.92
0.542857142857143	2	35	0.92
0.176470588235294	2	35	0.92
0.194444444444444	2	35	0.92
0.369565217391304	2	35	0.92
0.241379310344828	2	35	0.92
0.163636363636364	2	35	0.92
0.222222222222222	2	35	0.92
0.333333333333333	2	35	0.92
0.193548387096774	2	35	0.92
0.115384615384615	2	35	0.92
0.472222222222222	2	35	0.92
0.391304347826087	2	35	0.92
0.535714285714286	2	35	0.92
0.564102564102564	2	35	0.92
0.470588235294118	2	35	0.92
0.310344827586207	2	35	0.92
0.6	2	35	0.92
0.340909090909091	2	35	0.92
0.258064516129032	2	35	0.92
0.41025641025641	2	35	0.92
0.482142857142857	2	35	0.92
0.471698113207547	2	35	0.92
0.425	2	35	0.92
0.393939393939394	2	35	0.92
0.407407407407407	2	35	0.92
0.365853658536585	2	35	0.92
0.358974358974359	2	35	0.92
0.36734693877551	2	35	0.92
0.433333333333333	2	35	0.92
0.5	2	35	0.92
0.578947368421053	2	35	0.92
0.162162162162162	2	35	0.92
0.451612903225806	2	35	0.92
0.636363636363636	2	35	0.92
0.470588235294118	2	35	0.92
0.393939393939394	2	35	0.92
0.5	2	35	0.92
0.375	2	35	0.92
0.551724137931034	2	35	0.92
0.484848484848485	2	35	0.92
0.285714285714286	2	35	0.92
0.517241379310345	2	35	0.92
0.170212765957447	2	35	0.92
0.478260869565217	2	35	0.92
0.272727272727273	2	35	0.92
0.461538461538462	2	35	0.92
0.533333333333333	2	35	0.92
0.125	2	35	0.92
0.193548387096774	2	35	0.92
0.5	2	35	0.92
0.578947368421053	2	35	0.92
0.52	2	35	0.92
0.666666666666667	2	35	0.92
0.365079365079365	2	35	0.92
0.461538461538462	2	35	0.92
0.425925925925926	2	35	0.92
0.545454545454545	2	35	0.92
0.413793103448276	2	35	0.92
0.285714285714286	2	35	0.92
0.433333333333333	2	35	0.92
0.333333333333333	2	35	0.92
0.529411764705882	2	35	0.92
0.269230769230769	2	35	0.92
0.346153846153846	2	35	0.92
0.4	2	35	0.92
0.444444444444444	2	35	0.92
0.45	2	35	0.92
0.555555555555556	2	35	0.92
0.393939393939394	2	35	0.92
0.434782608695652	2	35	0.92
0.622222222222222	2	35	0.92
0.205128205128205	2	35	0.92
0.368421052631579	2	35	0.92
0.2	2	35	0.92
0.472222222222222	2	35	0.92
0.441176470588235	2	35	0.92
0.294117647058824	2	35	0.92
0.375	2	35	0.92
0.625	2	35	0.92
0.372093023255814	2	35	0.92
0.222222222222222	2	35	0.92
0.434782608695652	2	35	0.92
0.233333333333333	2	35	0.92
0.354838709677419	2	35	0.92
0.3125	2	35	0.92
0.5	2	35	0.92
0.233333333333333	2	35	0.92
0.470588235294118	2	35	0.92
0.461538461538462	2	35	0.92
0.428571428571429	2	35	0.92
0.5	2	35	0.92
0.289473684210526	2	35	0.92
0.142857142857143	2	35	0.92
0.277777777777778	2	35	0.92
0.4	2	35	0.92
0.206896551724138	2	35	0.92
0.485714285714286	2	35	0.92
0.341463414634146	2	35	0.92
0.303030303030303	2	35	0.92
0.459459459459459	2	35	0.92
0.48936170212766	2	35	0.92
0.48	2	35	0.92
0.282608695652174	2	35	0.92
0.5	2	35	0.92
0.413793103448276	2	35	0.92
0.422222222222222	2	35	0.92
0.307692307692308	2	35	0.92
0.424242424242424	2	35	0.92
0.166666666666667	2	35	0.92
0.103448275862069	2	35	0.92
0.444444444444444	2	35	0.92
0.333333333333333	2	35	0.92
0.115384615384615	2	35	0.92
0.136363636363636	2	35	0.92
0.5	2	35	0.92
0.565217391304348	2	35	0.92
0.157894736842105	2	35	0.92
0.431818181818182	2	35	0.92
0.456521739130435	2	35	0.92
0.206896551724138	2	35	0.92
0.421052631578947	2	35	0.92
0.5	2	35	0.92
0.433962264150943	2	35	0.92
0.448275862068966	2	35	0.92
0.428571428571429	2	35	0.92
0.266666666666667	2	35	0.92
0.46875	2	35	0.92
0.40625	2	35	0.92
0.628571428571429	2	35	0.92
0.441860465116279	2	35	0.92
0.428571428571429	2	35	0.92
0.6	2	35	0.92
0.4	2	35	0.92
0.451612903225806	2	35	0.92
0.176470588235294	2	35	0.92
0.446808510638298	2	35	0.92
0.323529411764706	2	35	0.92
0.384615384615385	2	35	0.92
0.463414634146341	2	35	0.92
0.477272727272727	2	35	0.92
0.365853658536585	2	35	0.92
0.365384615384615	2	35	0.92
0.321428571428571	2	35	0.92
0.619047619047619	2	35	0.92
0.533333333333333	2	35	0.92
0.375	2	35	0.92
0.416666666666667	2	35	0.92
0.19047619047619	2	35	0.92
0.142857142857143	2	35	0.92
0.324324324324324	2	35	0.92
0.205882352941176	2	35	0.92
0.470588235294118	2	35	0.92
0.28	2	35	0.92
0.387096774193548	2	35	0.92
0.411764705882353	2	35	0.92
0.594594594594595	2	35	0.92
0.441176470588235	2	35	0.92
0.454545454545455	2	35	0.92
0.107142857142857	2	35	0.92
0.5	2	35	0.92
0.242424242424242	2	35	0.92
0.448275862068966	2	35	0.92
0.541666666666667	2	35	0.92
0.378378378378378	2	35	0.92
0.260869565217391	2	35	0.92
0.409090909090909	2	35	0.92
0.432432432432432	2	35	0.92
0.486486486486487	2	35	0.92
0.564102564102564	2	35	0.92
0.58974358974359	2	35	0.92
0.604651162790698	2	35	0.92
0.14	2	35	0.92
0.166666666666667	2	35	0.92
0.486486486486487	2	35	0.92
0.4	2	35	0.92
0.363636363636364	2	35	0.92
0.5	2	35	0.92
0.157894736842105	2	35	0.92
0.380952380952381	2	35	0.92
0.15	2	35	0.92
0.148936170212766	2	35	0.92
0.575757575757576	2	35	0.92
0.347826086956522	2	35	0.92
0.225806451612903	2	35	0.92
0.414634146341463	2	35	0.92
0.479166666666667	2	35	0.92
0.235294117647059	2	35	0.92
0.432432432432432	2	35	0.92
0.214285714285714	2	35	0.92
0.416666666666667	2	35	0.92
0.458333333333333	2	35	0.92
0.38	2	35	0.92
0.489795918367347	2	35	0.92
0.564102564102564	2	35	0.92
0.372093023255814	2	35	0.92
0.484848484848485	2	35	0.92
0.484848484848485	2	35	0.92
0.136363636363636	2	35	0.92
0.560975609756098	2	35	0.92
0.41025641025641	2	35	0.92
0.518518518518518	2	35	0.92
0.428571428571429	2	35	0.92
0.45	2	35	0.92
0.4	2	35	0.92
0.454545454545455	2	35	0.92
0.419354838709677	2	35	0.92
0.4	2	35	0.92
0.363636363636364	2	35	0.92
0.521739130434783	2	35	0.92
0.351351351351351	2	35	0.92
0.217391304347826	2	35	0.92
0.477272727272727	2	35	0.92
0.678571428571429	2	35	0.92
0.548387096774194	2	35	0.92
0.391304347826087	2	35	0.92
0.7	2	35	0.92
0.0909090909090909	2	35	0.92
0.432432432432432	2	35	0.92
0.32	2	35	0.92
0.441176470588235	2	35	0.92
0.205128205128205	2	35	0.92
0.206896551724138	2	35	0.92
0.324324324324324	2	35	0.92
0.484848484848485	2	35	0.92
0.450980392156863	2	35	0.92
0.423728813559322	2	35	0.92
0.275862068965517	2	35	0.92
0.186046511627907	2	35	0.92
0.204545454545455	2	35	0.92
0.125	2	35	0.92
0.404761904761905	2	35	0.92
0.294117647058824	2	35	0.92
0.534883720930233	2	35	0.92
0.452380952380952	2	35	0.92
0.6	2	35	0.92
0.351351351351351	2	35	0.92
0.5	2	35	0.92
0.431818181818182	2	35	0.92
0.0888888888888889	2	35	0.92
0.41025641025641	2	35	0.92
0.371428571428571	2	35	0.92
0.358974358974359	2	35	0.92
0.470588235294118	2	35	0.92
0.264150943396226	2	35	0.92
0.5	2	35	0.92
0.285714285714286	2	35	0.92
0.378378378378378	2	35	0.92
0.457142857142857	2	35	0.92
0.272727272727273	2	35	0.92
0.444444444444444	2	35	0.92
0.121212121212121	2	35	0.92
0.41304347826087	2	35	0.92
0.567567567567568	2	35	0.92
0.14	2	35	0.92
0.117647058823529	2	35	0.92
0.25	2	35	0.92
0.354838709677419	2	35	0.92
0.46875	2	35	0.92
0.472222222222222	2	35	0.92
0.355555555555556	2	35	0.92
0.6	2	35	0.92
0.354838709677419	2	35	0.92
0.272727272727273	2	35	0.92
0.28125	2	35	0.92
0.222222222222222	2	35	0.92
0.434782608695652	2	35	0.92
0.37037037037037	2	35	0.92
0.113636363636364	2	35	0.92
0.526315789473684	2	35	0.92
0.133333333333333	2	35	0.92
0.489795918367347	2	35	0.92
0.363636363636364	2	35	0.92
0.441176470588235	2	35	0.92
0.358974358974359	2	35	0.92
0.354838709677419	2	35	0.92
0.157894736842105	2	35	0.92
0.162162162162162	2	35	0.92
0.354166666666667	2	35	0.92
0.409090909090909	2	35	0.92
0.488888888888889	2	35	0.92
0.514285714285714	2	35	0.92
0.387096774193548	2	35	0.92
0.461538461538462	2	35	0.92
0.59375	2	35	0.92
0.526315789473684	2	35	0.92
0.395833333333333	2	35	0.92
0.490566037735849	2	35	0.92
0.327868852459016	2	35	0.92
0.222222222222222	2	35	0.92
0.387096774193548	2	35	0.92
0.368421052631579	2	35	0.92
0.314285714285714	2	35	0.92
0.404761904761905	2	35	0.92
0.125	2	35	0.92
0.166666666666667	2	35	0.92
0.36	2	35	0.92
0.424242424242424	2	35	0.92
0.424242424242424	2	35	0.92
0.148148148148148	2	35	0.92
0.609756097560976	2	35	0.92
0.102040816326531	2	35	0.92
0.5625	2	35	0.92
0.222222222222222	2	35	0.92
0.111111111111111	2	35	0.92
0.16	2	35	0.92
0.107142857142857	2	35	0.92
0.103448275862069	2	35	0.92
0.115384615384615	2	35	0.92
0.315789473684211	2	35	0.92
0.433333333333333	2	35	0.92
0.170731707317073	2	35	0.92
0.545454545454545	2	35	0.92
0.535714285714286	2	35	0.92
0.225806451612903	2	35	0.92
0.441176470588235	2	35	0.92
0.27027027027027	2	35	0.92
0.441176470588235	2	35	0.92
0.184210526315789	2	35	0.92
0.393939393939394	2	35	0.92
0.448979591836735	2	35	0.92
0.269230769230769	2	35	0.92
0.882352941176471	2	35	0.92
0.433333333333333	2	35	0.92
0.228571428571429	2	35	0.92
0.576923076923077	2	35	0.92
0.176470588235294	2	35	0.92
0.171428571428571	2	35	0.92
0.380952380952381	2	35	0.92
0.183673469387755	2	35	0.92
0.421052631578947	2	35	0.92
0.48780487804878	2	35	0.92
0.333333333333333	2	35	0.92
0.363636363636364	2	35	0.92
0.166666666666667	2	35	0.92
0.5	2	35	0.92
0.272727272727273	2	35	0.92
0.448979591836735	2	35	0.92
0.459459459459459	2	35	0.92
0.422222222222222	2	35	0.92
0.338983050847458	2	35	0.92
0.375	2	35	0.92
0.447368421052632	2	35	0.92
0.394736842105263	2	35	0.92
0.181818181818182	2	35	0.92
0.56	2	35	0.92
0.119047619047619	2	35	0.92
0.433333333333333	2	35	0.92
0.529411764705882	2	35	0.92
0.416666666666667	2	35	0.92
0.2	2	35	0.92
0.333333333333333	2	35	0.92
0.394736842105263	2	35	0.92
0.5	2	35	0.92
0.32258064516129	2	35	0.92
0.425	2	35	0.92
0.5	2	35	0.92
0.195121951219512	2	35	0.92
0.296296296296296	2	35	0.92
0.428571428571429	2	35	0.92
0.435897435897436	2	35	0.92
0.375	2	35	0.92
0.377358490566038	2	35	0.92
0.446808510638298	2	35	0.92
0.342857142857143	2	35	0.92
0.463414634146341	2	35	0.92
0.121951219512195	2	35	0.92
0.162790697674419	2	35	0.92
0.333333333333333	2	35	0.92
0.333333333333333	2	35	0.92
0.578947368421053	2	35	0.92
0.290322580645161	2	35	0.92
0.304347826086957	2	35	0.92
0.137931034482759	2	35	0.92
0.15	2	35	0.92
0.477272727272727	2	35	0.92
0.192307692307692	2	35	0.92
0.333333333333333	2	35	0.92
0.105263157894737	2	35	0.92
0.62962962962963	2	35	0.92
0.488372093023256	2	35	0.92
0.41025641025641	2	35	0.92
0.318181818181818	2	35	0.92
0.5	2	35	0.92
0.388888888888889	2	35	0.92
0.34375	2	35	0.92
0.108695652173913	2	35	0.92
0.404255319148936	2	35	0.92
0.487179487179487	2	35	0.92
0.368421052631579	2	35	0.92
0.106382978723404	2	35	0.92
0.833333333333333	2	35	0.92
0.714285714285714	2	35	0.92
0.424242424242424	2	35	0.92
0.5	2	35	0.92
0.411764705882353	2	35	0.92
0.397058823529412	2	35	0.92
0.466666666666667	2	35	0.92
0.303571428571429	2	35	0.92
0.3	2	35	0.92
0.485714285714286	2	35	0.92
0.153846153846154	2	35	0.92
0.538461538461538	2	35	0.92
0.1875	2	35	0.92
0.119047619047619	2	35	0.92
0.304347826086957	2	35	0.92
0.4	2	35	0.92
0.227272727272727	2	35	0.92
0.464285714285714	2	35	0.92
0.37037037037037	2	35	0.92
0.125	2	35	0.92
0.206896551724138	2	35	0.92
0.15	2	35	0.92
0.447368421052632	2	35	0.92
0.294117647058824	2	35	0.92
0.294117647058824	2	35	0.92
0.384615384615385	2	35	0.92
0.540540540540541	2	35	0.92
0.379310344827586	2	35	0.92
0.307692307692308	2	35	0.92
0.4	2	35	0.92
0.177777777777778	2	35	0.92
0.413793103448276	2	35	0.92
0.4	2	35	0.92
0.176470588235294	2	35	0.92
0.161290322580645	2	35	0.92
0.432432432432432	2	35	0.92
0.5	2	35	0.92
0.421052631578947	2	35	0.92
0.125	2	35	0.92
0.6	2	35	0.92
0.535714285714286	2	35	0.92
0.555555555555556	2	35	0.92
0.25	2	35	0.92
0.121212121212121	2	35	0.92
0.444444444444444	2	35	0.92
0.491525423728814	2	35	0.92
0.378378378378378	2	35	0.92
0.315789473684211	2	35	0.92
0.346153846153846	2	35	0.92
0.421052631578947	2	35	0.92
0.25	2	35	0.92
0.16	2	35	0.92
0.419354838709677	2	35	0.92
0.395833333333333	2	35	0.92
0.613636363636364	2	35	0.92
0.512820512820513	2	35	0.92
0.288461538461538	2	35	0.92
0.37037037037037	2	35	0.92
0.486486486486487	2	35	0.92
0.388888888888889	2	35	0.92
0.2	2	35	0.92
0.297872340425532	2	35	0.92
0.483870967741935	2	35	0.92
0.565217391304348	2	35	0.92
0.148936170212766	2	35	0.92
0.46875	2	35	0.92
0.46875	2	35	0.92
0.275862068965517	2	35	0.92
0.666666666666667	2	35	0.92
0.451612903225806	2	35	0.92
0.326530612244898	2	35	0.92
0.2	2	35	0.92
0.333333333333333	2	35	0.92
0.473684210526316	2	35	0.92
0.294117647058824	2	35	0.92
0.394736842105263	2	35	0.92
0.173913043478261	2	35	0.92
0.465116279069767	2	35	0.92
0.434782608695652	2	35	0.92
0.512820512820513	2	35	0.92
0.421052631578947	2	35	0.92
0.25	2	35	0.92
0.484848484848485	2	35	0.92
0.0857142857142857	2	35	0.92
0.194444444444444	2	35	0.92
0.857142857142857	2	35	0.92
0.444444444444444	2	35	0.92
0.451612903225806	2	35	0.92
0.466666666666667	2	35	0.92
0.285714285714286	2	35	0.92
0.333333333333333	2	35	0.92
0.583333333333333	2	35	0.92
0.5	2	35	0.92
0.366666666666667	2	35	0.92
0.586206896551724	2	35	0.92
0.3	2	35	0.92
0.434782608695652	2	35	0.92
0.311111111111111	2	35	0.92
0.407407407407407	2	35	0.92
0.384615384615385	2	35	0.92
0.285714285714286	2	35	0.92
0.5	2	35	0.92
0.423076923076923	2	35	0.92
0.290322580645161	2	35	0.92
0.777777777777778	2	35	0.92
0.380952380952381	2	35	0.92
0.485714285714286	2	35	0.92
0.592592592592593	2	35	0.92
0.42	2	35	0.92
0.5625	2	35	0.92
0.409090909090909	2	35	0.92
0.45	2	35	0.92
0.363636363636364	2	35	0.92
0.5	2	35	0.92
0.434782608695652	2	35	0.92
0.428571428571429	2	35	0.92
0.375	2	35	0.92
0.466666666666667	2	35	0.92
0.1	2	35	0.92
0.151515151515152	2	35	0.92
0.148936170212766	2	35	0.92
0.461538461538462	2	35	0.92
0.307692307692308	2	35	0.92
0.297297297297297	2	35	0.92
0.104166666666667	2	35	0.92
0.378378378378378	2	35	0.92
0.103448275862069	2	35	0.92
0.115384615384615	2	35	0.92
0.5	2	35	0.92
0.289473684210526	2	35	0.92
0.12	2	35	0.92
0.477272727272727	2	35	0.92
0.434782608695652	2	35	0.92
0.191489361702128	2	35	0.92
0.423076923076923	2	35	0.92
0.108108108108108	2	35	0.92
0.452380952380952	2	35	0.92
0.527777777777778	2	35	0.92
0.1875	2	35	0.92
0.225	2	35	0.92
0.291666666666667	2	35	0.92
0.41025641025641	2	35	0.92
0.354838709677419	2	35	0.92
0.421052631578947	2	35	0.92
0.428571428571429	2	35	0.92
0.15	2	35	0.92
0.545454545454545	2	35	0.92
0.515151515151515	2	35	0.92
0.111111111111111	2	35	0.92
0.142857142857143	2	35	0.92
0.583333333333333	2	35	0.92
0.15	2	35	0.92
0.291666666666667	2	35	0.92
0.454545454545455	2	35	0.92
0.424242424242424	2	35	0.92
0.375	2	35	0.92
0.446808510638298	2	35	0.92
0.441860465116279	2	35	0.92
0.529411764705882	2	35	0.92
0.439024390243902	2	35	0.92
0.424242424242424	2	35	0.92
0.478260869565217	2	35	0.92
0.576923076923077	2	35	0.92
0.0882352941176471	2	35	0.92
0.146341463414634	2	35	0.92
0.325	2	35	0.92
0.380952380952381	2	35	0.92
0.366666666666667	2	35	0.92
0.434782608695652	2	35	0.92
0.424242424242424	2	35	0.92
1	2	35	0.92
0.233333333333333	2	35	0.92
0.408163265306122	2	35	0.92
0.454545454545455	2	35	0.92
0.194444444444444	2	35	0.92
0.303030303030303	2	35	0.92
0.15	2	35	0.92
0.333333333333333	2	35	0.92
0.545454545454545	2	35	0.92
0.529411764705882	2	35	0.92
0.48	2	35	0.92
0.422222222222222	2	35	0.92
0.238095238095238	2	35	0.92
0.15	2	35	0.92
0.115384615384615	2	35	0.92
0.516129032258065	2	35	0.92
0.407407407407407	2	35	0.92
0.333333333333333	2	35	0.92
0.341463414634146	2	35	0.92
0.09375	2	35	0.92
0.382352941176471	2	35	0.92
0.222222222222222	2	35	0.92
0.4	2	35	0.92
0.259259259259259	2	35	0.92
0.565217391304348	2	35	0.92
0.416666666666667	2	35	0.92
0.340909090909091	2	35	0.92
0.461538461538462	2	35	0.92
0.431818181818182	2	35	0.92
0.395833333333333	2	35	0.92
0.375	2	35	0.92
0.454545454545455	2	35	0.92
0.121951219512195	2	35	0.92
0.473684210526316	2	35	0.92
0.1	2	35	0.92
0.53125	2	35	0.92
0.366666666666667	2	35	0.92
0.574074074074074	2	35	0.92
0.424242424242424	2	35	0.92
0.40625	2	35	0.92
0.181818181818182	2	35	0.92
0.6	2	35	0.92
0.394736842105263	2	35	0.92
0.166666666666667	2	35	0.92
0.441176470588235	2	35	0.92
0.529411764705882	2	35	0.92
0.155555555555556	2	35	0.92
0.384615384615385	2	35	0.92
0.395348837209302	2	35	0.92
0.483870967741935	2	35	0.92
0.147058823529412	2	35	0.92
0.606060606060606	2	35	0.92
0.5	2	35	0.92
0.448275862068966	2	35	0.92
0.35	2	35	0.92
0.116279069767442	2	35	0.92
0.333333333333333	2	35	0.92
0.391304347826087	2	35	0.92
0.608695652173913	2	35	0.92
0.620689655172414	2	35	0.92
0.523809523809524	2	35	0.92
0.465116279069767	2	35	0.92
0.514285714285714	2	35	0.92
0.375	2	35	0.92
0.558823529411765	2	35	0.92
0.346938775510204	2	35	0.92
0.464285714285714	2	35	0.92
0.48780487804878	2	35	0.92
0.44	2	35	0.92
0.48	2	35	0.92
0.379310344827586	2	35	0.92
0.604651162790698	2	35	0.92
0.5	2	35	0.92
0.44	2	35	0.92
0.473684210526316	2	35	0.92
0.468085106382979	2	35	0.92
0.55	2	35	0.92
0.375	2	35	0.92
0.41025641025641	2	35	0.92
0.456521739130435	2	35	0.92
0.113207547169811	2	35	0.92
0.4	2	35	0.92
0.578947368421053	2	35	0.92
0.490566037735849	2	35	0.92
0.32258064516129	2	35	0.92
0.145833333333333	2	35	0.92
0.547619047619048	2	35	0.92
0.4	2	35	0.92
0.288135593220339	2	35	0.92
0.155555555555556	2	35	0.92
0.230769230769231	2	35	0.92
0.34	2	35	0.92
0.681818181818182	2	35	0.92
0.583333333333333	2	35	0.92
0.372549019607843	2	35	0.92
0.28125	2	35	0.92
0.333333333333333	2	35	0.92
0.425	2	35	0.92
0.357142857142857	2	35	0.92
0.543478260869565	2	35	0.92
0.204545454545455	2	35	0.92
0.387096774193548	2	35	0.92
0.166666666666667	2	35	0.92
0.513513513513513	2	35	0.92
0.454545454545455	2	35	0.92
0.421052631578947	2	35	0.92
0.205128205128205	2	35	0.92
0.225	2	35	0.92
0.0975609756097561	2	35	0.92
0.515151515151515	2	35	0.92
0.46875	2	35	0.92
0.21875	2	35	0.92
0.413793103448276	2	35	0.92
0.5	2	35	0.92
0.222222222222222	2	35	0.92
0.555555555555556	2	35	0.92
0.419354838709677	2	35	0.92
0.513513513513513	2	35	0.92
0.621621621621622	2	35	0.92
0.65	2	35	0.92
0.384615384615385	2	35	0.92
0.510204081632653	2	35	0.92
0.477272727272727	2	35	0.92
0.571428571428571	2	35	0.92
0.541666666666667	2	35	0.92
0.272727272727273	2	35	0.92
0.25	2	35	0.92
0.416666666666667	2	35	0.92
0.137254901960784	2	35	0.92
0.25	2	35	0.92
0.166666666666667	2	35	0.92
0.371428571428571	2	35	0.92
0.321428571428571	2	35	0.92
0.62962962962963	2	35	0.92
0.112903225806452	2	35	0.92
0.128205128205128	2	35	0.92
0.545454545454545	2	35	0.92
0.577777777777778	2	35	0.92
0.444444444444444	2	35	0.92
0.371428571428571	2	35	0.92
0.583333333333333	2	35	0.92
0.222222222222222	2	35	0.92
0.433333333333333	2	35	0.92
0.481481481481481	2	35	0.92
0.275862068965517	2	35	0.92
0.363636363636364	2	35	0.92
0.4375	2	35	0.92
0.471698113207547	2	35	0.92
0.411764705882353	2	35	0.92
0.444444444444444	2	35	0.92
0.378378378378378	2	35	0.92
0.113207547169811	2	35	0.92
0.148936170212766	2	35	0.92
0.392857142857143	2	35	0.92
0.297297297297297	2	35	0.92
0.375	2	35	0.92
0.4	2	35	0.92
0.622222222222222	2	35	0.92
0.333333333333333	2	35	0.92
0.176470588235294	2	35	0.92
0.317073170731707	2	35	0.92
0.297297297297297	2	35	0.92
0.258064516129032	2	35	0.92
0.232142857142857	3	51	0.92
0.207547169811321	3	51	0.92
0.103448275862069	3	51	0.92
0.6	3	51	0.92
0.385964912280702	3	51	0.92
0.25	3	51	0.92
0.25	3	51	0.92
0.25	3	51	0.92
0.271428571428571	3	51	0.92
0.5	3	51	0.92
0.258064516129032	3	51	0.92
0.36046511627907	3	51	0.92
0.714285714285714	3	51	0.92
0.278688524590164	3	51	0.92
0.224137931034483	3	51	0.92
0.241379310344828	3	51	0.92
0.25	3	51	0.92
0.238805970149254	3	51	0.92
0.282608695652174	3	51	0.92
0.112903225806452	3	51	0.92
0.140350877192982	3	51	0.92
0.311111111111111	3	51	0.92
0.333333333333333	3	51	0.92
0.333333333333333	3	51	0.92
0.183333333333333	3	51	0.92
0.287671232876712	3	51	0.92
0.155555555555556	3	51	0.92
0.230769230769231	3	51	0.92
0.314285714285714	3	51	0.92
0.304347826086957	3	51	0.92
0.327272727272727	3	51	0.92
0.269230769230769	3	51	0.92
0.1875	3	51	0.92
0.241379310344828	3	51	0.92
0.166666666666667	3	51	0.92
0.369230769230769	3	51	0.92
0.282051282051282	3	51	0.92
0.260869565217391	3	51	0.92
0.555555555555556	3	51	0.92
0.323529411764706	3	51	0.92
0.267605633802817	3	51	0.92
0.3	3	51	0.92
0.1	3	51	0.92
0.285714285714286	3	51	0.92
0.306666666666667	3	51	0.92
0.321428571428571	3	51	0.92
0.189189189189189	3	51	0.92
0.25	3	51	0.92
0.340909090909091	3	51	0.92
0.48936170212766	3	51	0.92
0.423076923076923	3	51	0.92
0.166666666666667	3	51	0.92
0.108108108108108	3	51	0.92
0.209302325581395	3	51	0.92
0.153846153846154	3	51	0.92
0.2	3	51	0.92
0.30188679245283	3	51	0.92
0.296296296296296	3	51	0.92
0.188679245283019	3	51	0.92
0.277777777777778	3	51	0.92
0.116279069767442	3	51	0.92
0.277777777777778	3	51	0.92
0.348484848484849	3	51	0.92
0.103896103896104	3	51	0.92
0.0609756097560976	3	51	0.92
0.0769230769230769	3	51	0.92
0.258064516129032	3	51	0.92
0.304347826086957	3	51	0.92
0.184210526315789	3	51	0.92
0.333333333333333	3	51	0.92
0.338709677419355	3	51	0.92
0.267605633802817	3	51	0.92
0.203389830508475	3	51	0.92
0.256756756756757	3	51	0.92
0.242424242424242	3	51	0.92
0.365079365079365	3	51	0.92
0.348837209302326	3	51	0.92
0.204081632653061	3	51	0.92
0.403508771929825	3	51	0.92
0.333333333333333	3	51	0.92
0.13953488372093	3	51	0.92
0.111111111111111	3	51	0.92
0.109090909090909	3	51	0.92
0.162790697674419	3	51	0.92
0.1	3	51	0.92
0.184210526315789	3	51	0.92
0.466666666666667	3	51	0.92
0.253968253968254	3	51	0.92
0.306451612903226	3	51	0.92
0.196428571428571	3	51	0.92
0.2	3	51	0.92
