VAF	CN	avg.depth	purity
0.717948717948718	1	17	1
1	1	17	1
1	1	17	1
1	1	17	1
0.352941176470588	2	32	1
0.533333333333333	2	32	1
0.5	2	32	1
0.538461538461538	2	32	1
0.333333333333333	2	32	1
0.25	2	32	1
0.7	2	32	1
0.423076923076923	2	32	1
0.466666666666667	2	32	1
0.24	2	32	1
0.59375	2	32	1
0.470588235294118	2	32	1
0.22	2	32	1
0.411764705882353	2	32	1
0.392857142857143	2	32	1
0.51063829787234	2	32	1
0.318181818181818	2	32	1
0.366666666666667	2	32	1
0.529411764705882	2	32	1
0.34375	2	32	1
0.484848484848485	2	32	1
0.56	2	32	1
0.488888888888889	2	32	1
0.461538461538462	2	32	1
0.157894736842105	2	32	1
0.363636363636364	2	32	1
0.181818181818182	2	32	1
0.441860465116279	2	32	1
0.5	2	32	1
0.4375	2	32	1
0.473684210526316	2	32	1
0.56	2	32	1
0.428571428571429	2	32	1
0.428571428571429	2	32	1
0.5	2	32	1
0.323529411764706	2	32	1
0.5	2	32	1
0.409090909090909	2	32	1
0.416666666666667	2	32	1
0.470588235294118	2	32	1
0.259259259259259	2	32	1
0.35	2	32	1
0.543478260869565	2	32	1
0.484848484848485	2	32	1
0.394736842105263	2	32	1
0.451612903225806	2	32	1
0.5	2	32	1
0.4375	2	32	1
0.333333333333333	2	32	1
0.51219512195122	2	32	1
0.423076923076923	2	32	1
0.487179487179487	2	32	1
0.512820512820513	2	32	1
0.522727272727273	2	32	1
0.552631578947368	2	32	1
0.566666666666667	2	32	1
0.361111111111111	2	32	1
0.37037037037037	2	32	1
0.555555555555556	2	32	1
0.56	2	32	1
0.464285714285714	2	32	1
0.393939393939394	2	32	1
0.428571428571429	2	32	1
0.526315789473684	2	32	1
0.290322580645161	2	32	1
0.642857142857143	2	32	1
0.583333333333333	2	32	1
0.355555555555556	2	32	1
0.461538461538462	2	32	1
0.470588235294118	2	32	1
0.540540540540541	2	32	1
0.625	2	32	1
0.538461538461538	2	32	1
0.304347826086957	2	32	1
0.457142857142857	2	32	1
0.769230769230769	2	32	1
0.333333333333333	2	32	1
0.441176470588235	2	32	1
0.171428571428571	2	32	1
0.2	2	32	1
0.433333333333333	2	32	1
0.382352941176471	2	32	1
0.5	2	32	1
0.535714285714286	2	32	1
0.423076923076923	2	32	1
0.208333333333333	2	32	1
0.348837209302326	2	32	1
0.142857142857143	2	32	1
0.486486486486487	2	32	1
0.457142857142857	2	32	1
0.216216216216216	2	32	1
0.571428571428571	2	32	1
0.470588235294118	2	32	1
0.375	2	32	1
0.48780487804878	2	32	1
0.642857142857143	2	32	1
0.380952380952381	2	32	1
0.380952380952381	2	32	1
0.166666666666667	2	32	1
0.483870967741935	2	32	1
0.5	2	32	1
0.441860465116279	2	32	1
0.404761904761905	2	32	1
0.37037037037037	2	32	1
0.51219512195122	2	32	1
0.448979591836735	2	32	1
0.574468085106383	2	32	1
0.739130434782609	2	32	1
0.354838709677419	2	32	1
0.5	2	32	1
0.574468085106383	2	32	1
0.481481481481481	2	32	1
0.625	2	32	1
0.363636363636364	2	32	1
0.482758620689655	2	32	1
0.275862068965517	2	32	1
0.382352941176471	2	32	1
0.4375	2	32	1
0.575757575757576	2	32	1
0.636363636363636	2	32	1
0.535714285714286	2	32	1
0.425	2	32	1
0.457142857142857	2	32	1
0.422222222222222	2	32	1
0.451612903225806	2	32	1
0.37037037037037	2	32	1
0.551724137931034	2	32	1
0.4375	2	32	1
0.536585365853659	2	32	1
0.523809523809524	2	32	1
0.424242424242424	2	32	1
0.5	2	32	1
0.48	2	32	1
0.540540540540541	2	32	1
0.533333333333333	2	32	1
0.648648648648649	2	32	1
0.5	2	32	1
0.361111111111111	2	32	1
0.388888888888889	2	32	1
0.483870967741935	2	32	1
0.433333333333333	2	32	1
0.41304347826087	2	32	1
0.411764705882353	2	32	1
0.518518518518518	2	32	1
0.483870967741935	2	32	1
0.516129032258065	2	32	1
0.575	2	32	1
0.263157894736842	2	32	1
0.5	2	32	1
0.571428571428571	2	32	1
0.5	2	32	1
0.392857142857143	2	32	1
0.473684210526316	2	32	1
0.5	2	32	1
0.333333333333333	2	32	1
0.65	2	32	1
0.483870967741935	2	32	1
0.311111111111111	2	32	1
0.459459459459459	2	32	1
0.411764705882353	2	32	1
0.1875	2	32	1
0.592592592592593	2	32	1
0.512820512820513	2	32	1
0.484848484848485	2	32	1
0.5	2	32	1
0.56	2	32	1
0.414634146341463	2	32	1
0.761904761904762	2	32	1
0.129032258064516	2	32	1
0.366666666666667	2	32	1
0.323529411764706	2	32	1
0.511627906976744	2	32	1
0.533333333333333	2	32	1
0.5	2	32	1
0.478260869565217	2	32	1
0.48	2	32	1
0.552631578947368	2	32	1
0.419354838709677	2	32	1
0.5	2	32	1
0.477272727272727	2	32	1
0.416666666666667	2	32	1
0.444444444444444	2	32	1
0.541666666666667	2	32	1
0.357142857142857	2	32	1
0.535714285714286	2	32	1
0.424242424242424	2	32	1
0.342105263157895	2	32	1
0.448275862068966	2	32	1
0.290322580645161	2	32	1
0.472222222222222	2	32	1
0.416666666666667	2	32	1
0.647058823529412	2	32	1
0.375	2	32	1
0.387096774193548	2	32	1
0.514285714285714	2	32	1
0.6	2	32	1
0.657142857142857	2	32	1
0.454545454545455	2	32	1
0.459459459459459	2	32	1
0.451612903225806	2	32	1
0.516129032258065	2	32	1
0.457142857142857	2	32	1
0.375	2	32	1
0.5625	2	32	1
0.631578947368421	2	32	1
0.484848484848485	2	32	1
0.394736842105263	2	32	1
0.714285714285714	2	32	1
0.55	2	32	1
0.514285714285714	2	32	1
0.42	2	32	1
0.5	2	32	1
0.357142857142857	2	32	1
0.4375	2	32	1
0.545454545454545	2	32	1
0.6	2	32	1
0.352941176470588	2	32	1
0.46875	2	32	1
0.384615384615385	2	32	1
0.465116279069767	2	32	1
0.290322580645161	2	32	1
0.485714285714286	2	32	1
0.392857142857143	2	32	1
0.405405405405405	2	32	1
0.448275862068966	2	32	1
0.371428571428571	2	32	1
0.466666666666667	2	32	1
0.6	2	32	1
0.451612903225806	2	32	1
0.628571428571429	2	32	1
0.451612903225806	2	32	1
0.425531914893617	2	32	1
0.285714285714286	2	32	1
0.444444444444444	2	32	1
0.473684210526316	2	32	1
0.5	2	32	1
0.434782608695652	2	32	1
0.416666666666667	2	32	1
0.342105263157895	2	32	1
0.4	2	32	1
0.608695652173913	2	32	1
0.523809523809524	2	32	1
0.358974358974359	2	32	1
0.463414634146341	2	32	1
0.46875	2	32	1
0.40625	2	32	1
0.48	2	32	1
0.428571428571429	2	32	1
0.375	2	32	1
0.647058823529412	2	32	1
0.382352941176471	2	32	1
0.375	2	32	1
0.475	2	32	1
0.46875	2	32	1
0.15	2	32	1
0.146341463414634	2	32	1
0.416666666666667	2	32	1
0.411764705882353	2	32	1
0.391304347826087	2	32	1
0.393939393939394	2	32	1
0.5	2	32	1
0.25	2	32	1
0.371428571428571	2	32	1
0.485714285714286	2	32	1
0.583333333333333	2	32	1
0.4	2	32	1
0.857142857142857	2	32	1
0.517241379310345	2	32	1
0.421052631578947	2	32	1
0.448275862068966	2	32	1
0.542857142857143	2	32	1
0.390243902439024	2	32	1
0.5	2	32	1
0.454545454545455	2	32	1
0.444444444444444	2	32	1
0.4	2	32	1
0.46875	2	32	1
0.46875	2	32	1
0.441176470588235	2	32	1
0.425	2	32	1
0.461538461538462	2	32	1
0.388888888888889	2	32	1
0.52	2	32	1
0.380952380952381	2	32	1
0.368421052631579	2	32	1
0.586206896551724	2	32	1
0.375	2	32	1
0.15	2	32	1
0.206896551724138	2	32	1
0.538461538461538	2	32	1
0.555555555555556	2	32	1
0.5	2	32	1
0.625	2	32	1
0.483870967741935	2	32	1
0.468085106382979	2	32	1
0.457142857142857	2	32	1
0.538461538461538	2	32	1
0.388888888888889	2	32	1
0.527777777777778	2	32	1
0.451612903225806	2	32	1
0.375	2	32	1
0.583333333333333	2	32	1
0.41025641025641	2	32	1
0.403846153846154	2	32	1
0.435897435897436	2	32	1
0.358974358974359	2	32	1
0.555555555555556	2	32	1
0.464285714285714	2	32	1
0.333333333333333	2	32	1
0.382352941176471	2	32	1
0.5	2	32	1
0.472222222222222	2	32	1
0.411764705882353	2	32	1
0.48	2	32	1
0.411764705882353	2	32	1
0.342857142857143	2	32	1
0.6	2	32	1
0.451612903225806	2	32	1
0.551724137931034	2	32	1
0.511111111111111	2	32	1
0.581395348837209	2	32	1
0.628571428571429	2	32	1
0.463414634146341	2	32	1
0.538461538461538	2	32	1
0.41304347826087	2	32	1
0.555555555555556	2	32	1
0.230769230769231	2	32	1
0.533333333333333	2	32	1
0.575757575757576	2	32	1
0.421052631578947	2	32	1
0.307692307692308	2	32	1
0.3125	2	32	1
0.303030303030303	2	32	1
0.28125	2	32	1
0.333333333333333	2	32	1
0.451612903225806	2	32	1
0.46875	2	32	1
0.515151515151515	2	32	1
0.4	2	32	1
0.575	2	32	1
0.480769230769231	2	32	1
0.428571428571429	2	32	1
0.478260869565217	2	32	1
0.487179487179487	2	32	1
0.578947368421053	2	32	1
0.310344827586207	2	32	1
0.5	2	32	1
0.482758620689655	2	32	1
0.769230769230769	2	32	1
0.454545454545455	2	32	1
0.170212765957447	2	32	1
0.625	2	32	1
0.416666666666667	2	32	1
0.40625	2	32	1
0.405405405405405	2	32	1
0.464285714285714	2	32	1
0.428571428571429	2	32	1
0.179487179487179	2	32	1
0.432432432432432	2	32	1
0.488372093023256	2	32	1
0.433333333333333	2	32	1
0.48780487804878	2	32	1
0.394736842105263	2	32	1
0.409090909090909	2	32	1
0.358490566037736	2	32	1
0.551724137931034	2	32	1
0.511627906976744	2	32	1
0.583333333333333	2	32	1
0.457142857142857	2	32	1
0.428571428571429	2	32	1
0.483870967741935	2	32	1
0.411764705882353	2	32	1
0.5	2	32	1
0.458333333333333	2	32	1
0.238095238095238	2	32	1
0.576923076923077	2	32	1
0.523809523809524	2	32	1
0.6	2	32	1
0.15	2	32	1
0.375	2	32	1
0.315789473684211	2	32	1
0.58974358974359	2	32	1
0.567567567567568	2	32	1
0.404255319148936	2	32	1
0.361111111111111	2	32	1
0.354838709677419	2	32	1
0.394736842105263	2	32	1
0.5625	2	32	1
0.529411764705882	2	32	1
0.577777777777778	2	32	1
0.48780487804878	2	32	1
0.666666666666667	2	32	1
0.560975609756098	2	32	1
0.448275862068966	2	32	1
0.481481481481481	2	32	1
0.647058823529412	2	32	1
0.472222222222222	2	32	1
0.535714285714286	2	32	1
0.416666666666667	2	32	1
0.5	2	32	1
0.342105263157895	2	32	1
0.378378378378378	2	32	1
0.641025641025641	2	32	1
0.568181818181818	2	32	1
0.4	2	32	1
0.428571428571429	2	32	1
0.424242424242424	2	32	1
0.423076923076923	2	32	1
0.181818181818182	2	32	1
0.275	2	32	1
0.354838709677419	2	32	1
0.461538461538462	2	32	1
0.444444444444444	2	32	1
0.28	2	32	1
0.5	2	32	1
0.419354838709677	2	32	1
1	2	32	1
0.24	2	32	1
0.357142857142857	2	32	1
0.411764705882353	2	32	1
0.592592592592593	2	32	1
0.461538461538462	2	32	1
0.540540540540541	2	32	1
0.6	2	32	1
0.413793103448276	2	32	1
0.465116279069767	2	32	1
0.4375	2	32	1
0.25	2	32	1
0.685714285714286	2	32	1
0.472222222222222	2	32	1
0.404255319148936	2	32	1
0.458333333333333	2	32	1
0.428571428571429	2	32	1
0.454545454545455	2	32	1
0.1875	2	32	1
0.314285714285714	2	32	1
0.452380952380952	2	32	1
0.571428571428571	2	32	1
0.555555555555556	2	32	1
0.35	2	32	1
0.171428571428571	2	32	1
0.166666666666667	2	32	1
0.484848484848485	2	32	1
0.40625	2	32	1
0.44	2	32	1
0.515151515151515	2	32	1
0.444444444444444	2	32	1
0.517241379310345	2	32	1
0.52	2	32	1
0.46875	2	32	1
0.564102564102564	2	32	1
0.407407407407407	2	32	1
0.485714285714286	2	32	1
0.540540540540541	2	32	1
0.633333333333333	2	32	1
0.463414634146341	2	32	1
0.363636363636364	2	32	1
0.315789473684211	2	32	1
0.447368421052632	2	32	1
0.379310344827586	2	32	1
0.384615384615385	2	32	1
0.424242424242424	2	32	1
0.481481481481481	2	32	1
0.193548387096774	2	32	1
0.264705882352941	2	32	1
0.516129032258065	2	32	1
0.303030303030303	2	32	1
0.28	2	32	1
0.380952380952381	2	32	1
0.411764705882353	2	32	1
0.457142857142857	2	32	1
0.439024390243902	2	32	1
0.580645161290323	2	32	1
0.605263157894737	2	32	1
0.44	2	32	1
0.517241379310345	2	32	1
0.566666666666667	2	32	1
0.333333333333333	2	32	1
0.578947368421053	2	32	1
0.463414634146341	2	32	1
0.5	2	32	1
0.4	2	32	1
0.384615384615385	2	32	1
0.75	2	32	1
0.648648648648649	2	32	1
0.666666666666667	2	32	1
0.432432432432432	2	32	1
0.433333333333333	2	32	1
0.452380952380952	2	32	1
0.428571428571429	2	32	1
0.424242424242424	2	32	1
0.409090909090909	2	32	1
0.421052631578947	2	32	1
0.448275862068966	2	32	1
0.547619047619048	2	32	1
0.307692307692308	2	32	1
0.2	2	32	1
0.586206896551724	2	32	1
0.37037037037037	2	32	1
0.375	2	32	1
0.424242424242424	2	32	1
0.478260869565217	2	32	1
0.5	2	32	1
0.36	2	32	1
0.555555555555556	2	32	1
0.394736842105263	2	32	1
0.407407407407407	2	32	1
0.558823529411765	2	32	1
0.512820512820513	2	32	1
0.333333333333333	2	32	1
0.470588235294118	2	32	1
0.588235294117647	2	32	1
0.545454545454545	2	32	1
0.580645161290323	2	32	1
0.457142857142857	2	32	1
0.567567567567568	2	32	1
0.527777777777778	2	32	1
0.41025641025641	2	32	1
0.571428571428571	2	32	1
0.571428571428571	2	32	1
0.458333333333333	2	32	1
0.194444444444444	2	32	1
0.461538461538462	2	32	1
0.5	2	32	1
0.432432432432432	2	32	1
0.555555555555556	2	32	1
0.48	2	32	1
0.392857142857143	2	32	1
0.45	2	32	1
0.611111111111111	2	32	1
0.416666666666667	2	32	1
0.607142857142857	2	32	1
0.5	2	32	1
0.555555555555556	2	32	1
0.428571428571429	2	32	1
0.363636363636364	2	32	1
0.5	2	32	1
0.545454545454545	2	32	1
0.529411764705882	2	32	1
0.518518518518518	2	32	1
0.5	2	32	1
0.5	2	32	1
0.545454545454545	2	32	1
0.428571428571429	2	32	1
0.6	2	32	1
0.342857142857143	2	32	1
0.346153846153846	2	32	1
0.368421052631579	2	32	1
0.458333333333333	2	32	1
0.5	2	32	1
0.285714285714286	2	32	1
0.423076923076923	2	32	1
0.447368421052632	2	32	1
0.4375	2	32	1
0.448275862068966	2	32	1
0.541666666666667	2	32	1
0.3	2	32	1
0.375	2	32	1
0.485714285714286	2	32	1
0.485714285714286	2	32	1
0.475	2	32	1
0.6	2	32	1
0.523809523809524	2	32	1
0.451612903225806	2	32	1
0.571428571428571	2	32	1
0.421052631578947	2	32	1
0.451612903225806	2	32	1
0.419354838709677	2	32	1
0.5	2	32	1
0.545454545454545	2	32	1
0.357142857142857	2	32	1
0.482758620689655	2	32	1
0.475	2	32	1
0.457142857142857	2	32	1
0.470588235294118	2	32	1
0.586206896551724	2	32	1
0.4	2	32	1
0.448275862068966	2	32	1
0.516129032258065	2	32	1
0.5	2	32	1
0.633333333333333	2	32	1
0.222222222222222	2	32	1
0.5625	2	32	1
0.387096774193548	2	32	1
0.457142857142857	2	32	1
0.444444444444444	2	32	1
0.518518518518518	2	32	1
1	2	32	1
0.514285714285714	2	32	1
0.434782608695652	2	32	1
0.189189189189189	2	32	1
0.419354838709677	2	32	1
0.48780487804878	2	32	1
0.5	2	32	1
0.466666666666667	2	32	1
0.517241379310345	2	32	1
0.529411764705882	2	32	1
0.46875	2	32	1
0.272727272727273	2	32	1
0.357142857142857	2	32	1
0.34375	2	32	1
0.444444444444444	2	32	1
0.390243902439024	2	32	1
0.333333333333333	2	32	1
0.4375	2	32	1
0.461538461538462	2	32	1
0.484848484848485	2	32	1
0.475	2	32	1
0.933333333333333	2	32	1
1	2	32	1
0.511111111111111	2	32	1
0.476190476190476	2	32	1
0.521739130434783	2	32	1
0.375	2	32	1
1	2	32	1
0.461538461538462	2	32	1
0.96551724137931	2	32	1
0.48780487804878	2	32	1
0.2	2	32	1
0.416666666666667	2	32	1
0.595238095238095	2	32	1
0.45	2	32	1
0.37037037037037	2	32	1
0.916666666666667	2	32	1
0.189189189189189	2	32	1
0.2	2	32	1
0.5	2	32	1
1	2	32	1
0.384615384615385	2	32	1
0.464285714285714	2	32	1
1	2	32	1
0.53125	2	32	1
0.324324324324324	2	32	1
0.366666666666667	2	32	1
0.484848484848485	2	32	1
0.490196078431373	2	32	1
0.454545454545455	2	32	1
0.214285714285714	2	32	1
0.486486486486487	2	32	1
0.518518518518518	2	32	1
0.405405405405405	2	32	1
0.451612903225806	2	32	1
0.5	2	32	1
0.375	2	32	1
0.566666666666667	2	32	1
0.571428571428571	2	32	1
0.447368421052632	2	32	1
0.222222222222222	2	32	1
0.551724137931034	2	32	1
0.461538461538462	2	32	1
0.636363636363636	2	32	1
0.407407407407407	2	32	1
0.461538461538462	2	32	1
0.422222222222222	2	32	1
0.454545454545455	2	32	1
0.413793103448276	2	32	1
0.48	2	32	1
0.45	2	32	1
0.269230769230769	2	32	1
0.325581395348837	2	32	1
0.477272727272727	2	32	1
0.461538461538462	2	32	1
0.441860465116279	2	32	1
0.515151515151515	2	32	1
0.5	2	32	1
0.516129032258065	2	32	1
0.620689655172414	2	32	1
0.466666666666667	2	32	1
0.4	2	32	1
0.444444444444444	2	32	1
0.4	2	32	1
0.378378378378378	2	32	1
0.517241379310345	2	32	1
0.368421052631579	2	32	1
0.451612903225806	2	32	1
0.358974358974359	2	32	1
0.432432432432432	2	32	1
0.411764705882353	2	32	1
0.421052631578947	2	32	1
0.452380952380952	2	32	1
0.607142857142857	2	32	1
0.4	2	32	1
0.428571428571429	2	32	1
0.6	2	32	1
0.344827586206897	2	32	1
0.470588235294118	2	32	1
0.483870967741935	2	32	1
0.466666666666667	2	32	1
0.4375	2	32	1
0.5625	2	32	1
0.424242424242424	2	32	1
0.5	2	32	1
0.475	2	32	1
0.159090909090909	2	32	1
0.386363636363636	2	32	1
0.4375	2	32	1
0.542857142857143	2	32	1
0.368421052631579	2	32	1
0.448275862068966	2	32	1
0.4	2	32	1
0.44	2	32	1
0.53125	2	32	1
0.730769230769231	2	32	1
0.384615384615385	2	32	1
0.37037037037037	2	32	1
0.516129032258065	2	32	1
0.5	2	32	1
0.515151515151515	2	32	1
0.411764705882353	2	32	1
0.5	2	32	1
0.4	2	32	1
0.636363636363636	2	32	1
0.652173913043478	2	32	1
0.333333333333333	2	32	1
0.25	2	32	1
0.5	2	32	1
0.375	2	32	1
0.511627906976744	2	32	1
0.470588235294118	2	32	1
0.136363636363636	2	32	1
0.4375	2	32	1
0.41025641025641	2	32	1
0.485714285714286	2	32	1
0.351351351351351	2	32	1
0.641025641025641	2	32	1
0.318181818181818	2	32	1
0.363636363636364	2	32	1
0.409090909090909	2	32	1
0.464285714285714	2	32	1
0.333333333333333	2	32	1
0.527777777777778	2	32	1
0.260869565217391	2	32	1
0.555555555555556	2	32	1
0.46875	2	32	1
0.48936170212766	2	32	1
0.456521739130435	2	32	1
0.518518518518518	2	32	1
0.391304347826087	2	32	1
0.576923076923077	2	32	1
0.485714285714286	2	32	1
0.545454545454545	2	32	1
0.421052631578947	2	32	1
0.375	2	32	1
0.481481481481481	2	32	1
0.371428571428571	2	32	1
0.407407407407407	2	32	1
0.518518518518518	2	32	1
0.4	2	32	1
0.411764705882353	2	32	1
0.538461538461538	2	32	1
0.4375	2	32	1
0.678571428571429	2	32	1
0.259259259259259	2	32	1
0.416666666666667	2	32	1
0.535714285714286	2	32	1
0.571428571428571	2	32	1
0.411764705882353	2	32	1
0.590909090909091	2	32	1
0.631578947368421	2	32	1
0.529411764705882	2	32	1
0.6	2	32	1
0.225806451612903	2	32	1
0.446808510638298	2	32	1
0.525	2	32	1
0.6	2	32	1
0.571428571428571	2	32	1
0.59375	2	32	1
0.538461538461538	2	32	1
0.5	2	32	1
0.352941176470588	2	32	1
0.521739130434783	2	32	1
0.352941176470588	2	32	1
0.577777777777778	2	32	1
0.75	2	32	1
0.590909090909091	2	32	1
0.4	2	32	1
1	2	32	1
0.833333333333333	2	32	1
0.352941176470588	2	32	1
0.5	2	32	1
0.369565217391304	2	32	1
0.470588235294118	2	32	1
0.37037037037037	2	32	1
0.590909090909091	2	32	1
0.45	2	32	1
0.372093023255814	2	32	1
0.529411764705882	2	32	1
0.242424242424242	2	32	1
0.481481481481481	2	32	1
0.648648648648649	2	32	1
0.558823529411765	2	32	1
0.371428571428571	2	32	1
0.472222222222222	2	32	1
0.518518518518518	2	32	1
0.3	2	32	1
0.446808510638298	2	32	1
0.486486486486487	2	32	1
0.451612903225806	2	32	1
0.515151515151515	2	32	1
0.36	2	32	1
0.481481481481481	2	32	1
0.482758620689655	2	32	1
0.34375	2	32	1
0.423076923076923	2	32	1
0.418604651162791	2	32	1
0.4	2	32	1
0.476190476190476	2	32	1
0.470588235294118	2	32	1
0.6	2	32	1
0.513513513513513	2	32	1
0.40625	2	32	1
0.657142857142857	2	32	1
0.15	2	32	1
0.153846153846154	2	32	1
0.464285714285714	2	32	1
0.526315789473684	2	32	1
0.585365853658537	2	32	1
0.483870967741935	2	32	1
0.523809523809524	2	32	1
0.545454545454545	2	32	1
0.416666666666667	2	32	1
0.558823529411765	2	32	1
0.4	2	32	1
0.5625	2	32	1
0.583333333333333	2	32	1
0.5	2	32	1
0.464285714285714	2	32	1
0.363636363636364	2	32	1
0.48	2	32	1
0.538461538461538	2	32	1
0.523809523809524	2	32	1
0.178571428571429	2	32	1
0.161290322580645	2	32	1
0.172413793103448	2	32	1
0.571428571428571	2	32	1
0.517241379310345	2	32	1
0.538461538461538	2	32	1
0.409090909090909	2	32	1
0.5625	2	32	1
0.583333333333333	2	32	1
0.48	2	32	1
0.586206896551724	2	32	1
0.388888888888889	2	32	1
0.418604651162791	2	32	1
0.230769230769231	2	32	1
0.384615384615385	2	32	1
0.5	2	32	1
0.5	2	32	1
0.428571428571429	2	32	1
0.13953488372093	2	32	1
0.65	2	32	1
0.2	2	32	1
0.416666666666667	2	32	1
0.526315789473684	2	32	1
0.451612903225806	2	32	1
0.285714285714286	2	32	1
0.571428571428571	2	32	1
0.522727272727273	2	32	1
0.5	2	32	1
0.533333333333333	2	32	1
0.529411764705882	2	32	1
0.76	2	32	1
0.464285714285714	2	32	1
0.409090909090909	2	32	1
0.472222222222222	2	32	1
0.5	2	32	1
0.230769230769231	3	46	1
0.254901960784314	3	46	1
0.111111111111111	3	46	1
0.3125	3	46	1
0.176470588235294	3	46	1
0.2	3	46	1
0.530612244897959	3	46	1
0.2	3	46	1
0.611940298507463	3	46	1
0.325581395348837	3	46	1
0.2	3	46	1
0.11864406779661	3	46	1
0.727272727272727	3	46	1
0.545454545454545	3	46	1
0.170212765957447	3	46	1
0.2	3	46	1
0.175	3	46	1
0.727272727272727	3	46	1
0.720930232558139	3	46	1
0.65625	3	46	1
0.140350877192982	3	46	1
0.262295081967213	3	46	1
0.271186440677966	3	46	1
0.55	3	46	1
0.258064516129032	3	46	1
0.209302325581395	3	46	1
0.244897959183673	3	46	1
0.395348837209302	3	46	1
0.25	3	46	1
0.421875	3	46	1
0.259259259259259	3	46	1
0.391304347826087	3	46	1
0.283018867924528	3	46	1
0.409090909090909	3	46	1
0.425531914893617	3	46	1
0.258620689655172	3	46	1
0.784313725490196	3	46	1
0.62	3	46	1
0.625	3	46	1
0.682926829268293	3	46	1
0.161290322580645	3	46	1
0.422222222222222	3	46	1
0.21875	3	46	1
0.680851063829787	3	46	1
0.166666666666667	3	46	1
0.741379310344828	3	46	1
0.298245614035088	3	46	1
0.354166666666667	3	46	1
0.466666666666667	3	46	1
0.711538461538462	3	46	1
0.613636363636364	3	46	1
0.287671232876712	3	46	1
0.36	3	46	1
0.184210526315789	3	46	1
0.626865671641791	3	46	1
0.358490566037736	3	46	1
0.685185185185185	3	46	1
0.596153846153846	3	46	1
0.51219512195122	3	46	1
0.470588235294118	3	46	1
0.372093023255814	3	46	1
0.272727272727273	3	46	1
0.648648648648649	3	46	1
0.25	3	46	1
0.175	3	46	1
0.179487179487179	3	46	1
0.357142857142857	3	46	1
0.4375	3	46	1
0.233333333333333	3	46	1
0.288135593220339	3	46	1
0.133333333333333	3	46	1
0.454545454545455	3	46	1
0.294117647058824	3	46	1
0.24	3	46	1
0.262295081967213	3	46	1
0.581818181818182	3	46	1
0.428571428571429	3	46	1
0.142857142857143	3	46	1
0.306122448979592	3	46	1
0.127659574468085	3	46	1
0.585365853658537	3	46	1
0.452380952380952	3	46	1
0.277777777777778	3	46	1
0.483870967741935	3	46	1
0.6	3	46	1
0.415094339622642	3	46	1
0.219512195121951	3	46	1
0.492537313432836	3	46	1
0.324324324324324	3	46	1
0.568965517241379	3	46	1
0.366666666666667	3	46	1
0.666666666666667	3	46	1
0.641509433962264	3	46	1
0.780487804878049	3	46	1
0.4	3	46	1
0.346938775510204	3	46	1
0.183673469387755	3	46	1
0.09375	3	46	1
0.269230769230769	3	46	1
0.555555555555556	3	46	1
0.111111111111111	3	46	1
0.293103448275862	3	46	1
0.627906976744186	3	46	1
0.638297872340426	3	46	1
0.444444444444444	3	46	1
0.342857142857143	3	46	1
0.53125	3	46	1
0.744186046511628	3	46	1
0.576271186440678	3	46	1
0.58695652173913	3	46	1
0.259259259259259	3	46	1
0.103896103896104	3	46	1
0.75	3	46	1
0.673913043478261	3	46	1
0.314285714285714	3	46	1
0.157894736842105	3	46	1
0.411764705882353	3	46	1
0.508474576271186	3	46	1
0.327272727272727	3	46	1
0.295454545454545	3	46	1
0.710526315789474	3	46	1
0.527777777777778	3	46	1
0.6	3	46	1
0.674418604651163	3	46	1
0.315789473684211	3	46	1
0.28	3	46	1
0.24	3	46	1
0.297872340425532	3	46	1
0.660714285714286	3	46	1
0.0967741935483871	3	46	1
0.116279069767442	3	46	1
0.358974358974359	3	46	1
0.291666666666667	3	46	1
0.368421052631579	3	46	1
0.285714285714286	3	46	1
0.333333333333333	3	46	1
0.647058823529412	3	46	1
0.326530612244898	3	46	1
0.303030303030303	3	46	1
0.137254901960784	3	46	1
0.375	3	46	1
0.654545454545455	3	46	1
0.307692307692308	3	46	1
0.25	3	46	1
0.638297872340426	3	46	1
0.153846153846154	3	46	1
0.590909090909091	3	46	1
0.157894736842105	3	46	1
0.211538461538462	3	46	1
0.265625	3	46	1
0.384615384615385	3	46	1
0.171428571428571	3	46	1
0.333333333333333	3	46	1
0.222222222222222	3	46	1
0.436363636363636	3	46	1
0.297872340425532	3	46	1
0.269230769230769	3	46	1
0.327868852459016	3	46	1
0.509433962264151	3	46	1
0.642857142857143	3	46	1
0.58974358974359	3	46	1
0.365853658536585	3	46	1
0.365853658536585	3	46	1
0.2	3	46	1
0.146341463414634	3	46	1
0.254237288135593	4	56	1
0.287878787878788	4	56	1
0.183673469387755	4	56	1
0.238095238095238	4	56	1
0.243243243243243	4	56	1
0.246753246753247	4	56	1
0.215686274509804	4	56	1
0.130434782608696	4	56	1
0.547619047619048	4	56	1
0.320754716981132	4	56	1
0.305555555555556	4	56	1
0.181818181818182	4	56	1
0.211267605633803	4	56	1
0.277777777777778	4	56	1
0.297297297297297	4	56	1
0.224137931034483	4	56	1
0.242424242424242	4	56	1
0.347826086956522	4	56	1
0.51219512195122	4	56	1
0.175438596491228	4	56	1
0.145454545454545	4	56	1
0.166666666666667	4	56	1
0.307692307692308	4	56	1
0.169811320754717	4	56	1
0.25	4	56	1
0.25	4	56	1
0.166666666666667	4	56	1
0.333333333333333	4	56	1
0.106060606060606	4	56	1
0.194029850746269	4	56	1
0.5	4	56	1
0.361111111111111	4	56	1
0.12962962962963	4	56	1
0.462686567164179	4	56	1
0.108695652173913	4	56	1
0.102941176470588	4	56	1
0.244897959183673	4	56	1
0.32	4	56	1
0.28125	4	56	1
0.428571428571429	4	56	1
0.487179487179487	4	56	1
0.263888888888889	4	56	1
0.291666666666667	4	56	1
0.117647058823529	4	56	1
0.127272727272727	4	56	1
0.403225806451613	4	56	1
0.0681818181818182	4	56	1
0.0681818181818182	4	56	1
0.0697674418604651	4	56	1
0.272727272727273	4	56	1
0.208955223880597	4	56	1
0.518518518518518	4	56	1
0.488372093023256	4	56	1
0.23728813559322	4	56	1
0.194444444444444	4	56	1
