VAF	CN	avg.depth	purity
0.425531914893617	2	36	1
0.0967741935483871	2	36	1
0.386363636363636	2	36	1
0.424242424242424	2	36	1
0.555555555555556	2	36	1
0.487179487179487	2	36	1
0.444444444444444	2	36	1
0.361111111111111	2	36	1
0.433333333333333	2	36	1
0.368421052631579	2	36	1
0.321428571428571	2	36	1
0.428571428571429	2	36	1
0.484848484848485	2	36	1
0.358974358974359	2	36	1
0.488372093023256	2	36	1
0.363636363636364	2	36	1
0.555555555555556	2	36	1
0.441860465116279	2	36	1
0.6	2	36	1
0.432432432432432	2	36	1
0.484848484848485	2	36	1
0.25	2	36	1
0.526315789473684	2	36	1
0.527777777777778	2	36	1
0.107142857142857	2	36	1
0.153846153846154	2	36	1
0.391304347826087	2	36	1
0.354838709677419	2	36	1
0.384615384615385	2	36	1
0.342857142857143	2	36	1
0.488888888888889	2	36	1
0.456140350877193	2	36	1
0.310344827586207	2	36	1
0.466666666666667	2	36	1
0.347826086956522	2	36	1
0.4	2	36	1
0.387096774193548	2	36	1
0.553191489361702	2	36	1
0.258064516129032	2	36	1
0.545454545454545	2	36	1
0.32	2	36	1
0.46	2	36	1
0.333333333333333	2	36	1
0.222222222222222	2	36	1
0.105263157894737	2	36	1
0.136363636363636	2	36	1
0.414634146341463	2	36	1
0.413793103448276	2	36	1
0.137254901960784	2	36	1
0.341463414634146	2	36	1
0.342105263157895	2	36	1
0.218181818181818	2	36	1
0.448979591836735	2	36	1
0.103448275862069	2	36	1
0.103448275862069	2	36	1
0.4	2	36	1
0.5	2	36	1
0.486486486486487	2	36	1
0.297872340425532	2	36	1
0.409090909090909	2	36	1
0.446428571428571	2	36	1
0.472222222222222	2	36	1
0.363636363636364	2	36	1
0.392156862745098	2	36	1
0.222222222222222	2	36	1
0.222222222222222	2	36	1
0.461538461538462	2	36	1
0.315789473684211	2	36	1
0.3125	2	36	1
0.475	2	36	1
0.1875	2	36	1
0.571428571428571	2	36	1
0.151515151515152	2	36	1
0.369565217391304	2	36	1
0.318181818181818	2	36	1
0.405405405405405	2	36	1
0.461538461538462	2	36	1
0.409090909090909	2	36	1
0.388888888888889	2	36	1
0.560975609756098	2	36	1
0.409090909090909	2	36	1
0.375	2	36	1
0.307692307692308	2	36	1
0.236842105263158	2	36	1
0.529411764705882	2	36	1
0.5	2	36	1
0.372093023255814	2	36	1
0.384615384615385	2	36	1
0.454545454545455	2	36	1
0.333333333333333	2	36	1
0.431372549019608	2	36	1
0.419354838709677	2	36	1
0.1875	2	36	1
0.275	2	36	1
0.620689655172414	2	36	1
0.228571428571429	2	36	1
0.291666666666667	2	36	1
0.311111111111111	2	36	1
0.133333333333333	2	36	1
0.378378378378378	2	36	1
0.4	2	36	1
0.647058823529412	2	36	1
0.44	2	36	1
0.176470588235294	2	36	1
0.435897435897436	2	36	1
0.428571428571429	2	36	1
0.394736842105263	2	36	1
0.358974358974359	2	36	1
0.435897435897436	2	36	1
0.486486486486487	2	36	1
0.41025641025641	2	36	1
0.419354838709677	2	36	1
0.432432432432432	2	36	1
0.395348837209302	2	36	1
0.413793103448276	2	36	1
0.422222222222222	2	36	1
0.32	2	36	1
0.531914893617021	2	36	1
0.5	2	36	1
0.48780487804878	2	36	1
0.553191489361702	2	36	1
0.428571428571429	2	36	1
0.571428571428571	2	36	1
0.395348837209302	2	36	1
0.275862068965517	2	36	1
0.378378378378378	2	36	1
0.511111111111111	2	36	1
0.392857142857143	2	36	1
0.388888888888889	2	36	1
0.375	2	36	1
0.444444444444444	2	36	1
0.4	2	36	1
0.476190476190476	2	36	1
0.439024390243902	2	36	1
0.365853658536585	2	36	1
0.5	2	36	1
0.285714285714286	2	36	1
0.3	2	36	1
0.466666666666667	2	36	1
0.347826086956522	2	36	1
0.551724137931034	2	36	1
0.391304347826087	2	36	1
0.56	2	36	1
0.516129032258065	2	36	1
0.464285714285714	2	36	1
0.468085106382979	2	36	1
0.5	2	36	1
0.434782608695652	2	36	1
0.342105263157895	2	36	1
0.384615384615385	2	36	1
0.371428571428571	2	36	1
0.511111111111111	2	36	1
0.425531914893617	2	36	1
0.338461538461538	2	36	1
0.452380952380952	2	36	1
0.538461538461538	2	36	1
0.382352941176471	2	36	1
0.580645161290323	2	36	1
0.461538461538462	2	36	1
0.484848484848485	2	36	1
0.682926829268293	2	36	1
0.368421052631579	2	36	1
0.388888888888889	2	36	1
0.468085106382979	2	36	1
0.24390243902439	2	36	1
0.595744680851064	2	36	1
0.529411764705882	2	36	1
0.258064516129032	2	36	1
0.358974358974359	2	36	1
0.3125	2	36	1
0.5	2	36	1
0.555555555555556	2	36	1
0.416666666666667	2	36	1
0.303030303030303	2	36	1
0.488372093023256	2	36	1
0.130434782608696	2	36	1
0.466666666666667	2	36	1
0.289473684210526	2	36	1
0.117647058823529	2	36	1
0.125	2	36	1
0.469387755102041	2	36	1
0.333333333333333	2	36	1
0.225806451612903	2	36	1
0.487179487179487	2	36	1
0.384615384615385	2	36	1
0.566666666666667	2	36	1
0.391304347826087	2	36	1
0.323529411764706	2	36	1
0.241379310344828	2	36	1
0.121212121212121	2	36	1
0.277777777777778	2	36	1
0.470588235294118	2	36	1
0.431818181818182	2	36	1
0.473684210526316	2	36	1
0.571428571428571	2	36	1
0.391304347826087	2	36	1
0.482758620689655	2	36	1
0.214285714285714	2	36	1
0.405405405405405	2	36	1
0.256410256410256	2	36	1
0.256410256410256	2	36	1
0.256410256410256	2	36	1
0.567567567567568	2	36	1
0.55	2	36	1
0.4	2	36	1
0.538461538461538	2	36	1
0.307692307692308	2	36	1
0.526315789473684	2	36	1
0.388888888888889	2	36	1
0.405405405405405	2	36	1
0.422222222222222	2	36	1
0.4	2	36	1
0.565217391304348	2	36	1
0.125	2	36	1
0.272727272727273	2	36	1
0.431818181818182	2	36	1
0.35	2	36	1
0.456521739130435	2	36	1
0.545454545454545	2	36	1
0.28125	2	36	1
0.391304347826087	2	36	1
0.3	2	36	1
0.513513513513513	2	36	1
0.474576271186441	2	36	1
0.127659574468085	2	36	1
0.571428571428571	2	36	1
0.533333333333333	2	36	1
0.386363636363636	2	36	1
0.238095238095238	2	36	1
0.388888888888889	2	36	1
0.428571428571429	2	36	1
0.411764705882353	2	36	1
0.161290322580645	2	36	1
0.151515151515152	2	36	1
0.291666666666667	2	36	1
0.291666666666667	2	36	1
0.288888888888889	2	36	1
0.292682926829268	2	36	1
0.490196078431373	2	36	1
0.157894736842105	2	36	1
0.181818181818182	2	36	1
0.363636363636364	2	36	1
0.214285714285714	2	36	1
0.433333333333333	2	36	1
0.466666666666667	2	36	1
0.517241379310345	2	36	1
0.289473684210526	2	36	1
0.395348837209302	2	36	1
0.414634146341463	2	36	1
0.119047619047619	2	36	1
0.483870967741935	2	36	1
0.318181818181818	2	36	1
0.357142857142857	2	36	1
0.424242424242424	2	36	1
0.125	2	36	1
0.12	2	36	1
0.315789473684211	2	36	1
0.54	2	36	1
0.461538461538462	2	36	1
0.371428571428571	2	36	1
0.428571428571429	2	36	1
0.441860465116279	2	36	1
0.423076923076923	2	36	1
0.428571428571429	2	36	1
0.571428571428571	2	36	1
0.463414634146341	2	36	1
0.423076923076923	2	36	1
0.44	2	36	1
0.469387755102041	2	36	1
0.114754098360656	2	36	1
0.394736842105263	2	36	1
0.477272727272727	2	36	1
0.576923076923077	2	36	1
0.163265306122449	2	36	1
0.407407407407407	2	36	1
0.5625	2	36	1
0.421052631578947	2	36	1
0.384615384615385	2	36	1
0.380952380952381	2	36	1
0.515151515151515	2	36	1
0.4	2	36	1
0.484848484848485	2	36	1
0.428571428571429	2	36	1
0.421052631578947	2	36	1
0.403846153846154	2	36	1
0.470588235294118	2	36	1
0.114285714285714	2	36	1
0.446808510638298	2	36	1
0.235294117647059	2	36	1
0.435897435897436	2	36	1
0.380952380952381	2	36	1
0.416666666666667	2	36	1
0.405405405405405	2	36	1
0.380952380952381	2	36	1
0.285714285714286	2	36	1
0.363636363636364	2	36	1
0.409090909090909	2	36	1
0.264705882352941	2	36	1
0.152173913043478	2	36	1
0.170212765957447	2	36	1
0.358974358974359	2	36	1
0.19047619047619	2	36	1
0.5	2	36	1
0.354838709677419	2	36	1
0.448275862068966	2	36	1
0.272727272727273	2	36	1
0.470588235294118	2	36	1
0.428571428571429	2	36	1
0.342105263157895	2	36	1
0.310344827586207	2	36	1
0.30952380952381	2	36	1
0.482758620689655	2	36	1
0.146341463414634	2	36	1
0.5	2	36	1
0.536585365853659	2	36	1
0.379310344827586	2	36	1
0.527777777777778	2	36	1
0.4	2	36	1
0.333333333333333	2	36	1
0.454545454545455	2	36	1
0.571428571428571	2	36	1
0.571428571428571	2	36	1
0.541666666666667	2	36	1
0.48780487804878	2	36	1
0.428571428571429	2	36	1
0.3	2	36	1
0.179487179487179	2	36	1
0.342857142857143	2	36	1
0.352941176470588	2	36	1
0.351351351351351	2	36	1
0.45	2	36	1
0.485714285714286	2	36	1
0.404761904761905	2	36	1
0.393939393939394	2	36	1
0.240740740740741	2	36	1
0.171428571428571	2	36	1
0.285714285714286	2	36	1
0.217391304347826	2	36	1
0.227272727272727	2	36	1
0.1875	2	36	1
0.459459459459459	2	36	1
0.157894736842105	2	36	1
0.404761904761905	2	36	1
0.529411764705882	2	36	1
0.428571428571429	2	36	1
0.404761904761905	2	36	1
0.375	2	36	1
0.127659574468085	2	36	1
0.418604651162791	2	36	1
0.307692307692308	2	36	1
0.435897435897436	2	36	1
0.428571428571429	2	36	1
0.389830508474576	2	36	1
0.479166666666667	2	36	1
0.434782608695652	2	36	1
0.454545454545455	2	36	1
0.209302325581395	2	36	1
0.116279069767442	2	36	1
0.314814814814815	2	36	1
0.46875	2	36	1
0.48780487804878	2	36	1
0.470588235294118	2	36	1
0.466666666666667	2	36	1
0.543478260869565	2	36	1
0.5	2	36	1
0.6	2	36	1
0.127659574468085	2	36	1
0.176470588235294	2	36	1
0.171428571428571	2	36	1
0.307692307692308	2	36	1
0.354166666666667	2	36	1
0.172413793103448	2	36	1
0.382978723404255	2	36	1
0.512820512820513	2	36	1
0.333333333333333	2	36	1
0.5	2	36	1
0.348837209302326	2	36	1
0.392857142857143	2	36	1
0.472222222222222	2	36	1
0.333333333333333	2	36	1
0.5	2	36	1
0.377358490566038	2	36	1
0.411764705882353	2	36	1
0.34375	2	36	1
0.25	2	36	1
0.24	2	36	1
0.153846153846154	2	36	1
0.25	2	36	1
0.352941176470588	2	36	1
0.352941176470588	2	36	1
1	2	36	1
0.394736842105263	2	36	1
0.333333333333333	2	36	1
0.4	2	36	1
0.24390243902439	2	36	1
0.2	2	36	1
0.695652173913043	2	36	1
0.403508771929825	2	36	1
0.380952380952381	2	36	1
0.195121951219512	2	36	1
0.485714285714286	2	36	1
0.604166666666667	2	36	1
0.28125	2	36	1
0.5	2	36	1
0.488372093023256	2	36	1
0.1875	2	36	1
0.442307692307692	2	36	1
0.439024390243902	2	36	1
0.266666666666667	2	36	1
0.342857142857143	2	36	1
0.46875	2	36	1
0.340425531914894	2	36	1
0.36734693877551	2	36	1
0.25	2	36	1
0.225806451612903	2	36	1
0.305555555555556	2	36	1
0.272727272727273	2	36	1
0.666666666666667	2	36	1
0.391304347826087	2	36	1
0.482758620689655	2	36	1
0.54	2	36	1
0.5	2	36	1
0.391304347826087	2	36	1
0.473684210526316	2	36	1
0.39622641509434	2	36	1
0.260869565217391	2	36	1
0.51063829787234	2	36	1
0.41025641025641	2	36	1
0.303030303030303	2	36	1
0.558139534883721	2	36	1
0.536231884057971	2	36	1
0.413793103448276	2	36	1
0.431818181818182	2	36	1
0.181818181818182	2	36	1
0.35	2	36	1
0.55	2	36	1
0.382352941176471	2	36	1
0.27027027027027	2	36	1
0.463414634146341	2	36	1
0.421052631578947	2	36	1
0.0892857142857143	2	36	1
0.15	2	36	1
0.340909090909091	2	36	1
0.5	2	36	1
0.181818181818182	2	36	1
0.181818181818182	2	36	1
0.444444444444444	2	36	1
0.285714285714286	2	36	1
0.483870967741935	2	36	1
0.464285714285714	2	36	1
0.4375	2	36	1
0.342105263157895	2	36	1
0.451612903225806	2	36	1
0.195652173913043	2	36	1
0.441860465116279	2	36	1
0.366666666666667	2	36	1
0.145454545454545	2	36	1
0.162790697674419	2	36	1
0.361111111111111	2	36	1
0.36	2	36	1
0.515151515151515	2	36	1
0.535714285714286	2	36	1
0.333333333333333	2	36	1
0.5	2	36	1
0.365853658536585	2	36	1
0.5	2	36	1
0.125	2	36	1
0.5	2	36	1
0.372549019607843	2	36	1
0.289473684210526	2	36	1
0.608695652173913	2	36	1
0.485714285714286	2	36	1
0.2	2	36	1
0.288888888888889	2	36	1
0.5	2	36	1
0.157894736842105	2	36	1
0.428571428571429	2	36	1
0.456521739130435	2	36	1
0.204545454545455	2	36	1
0.485714285714286	2	36	1
0.379310344827586	2	36	1
0.2	2	36	1
0.285714285714286	2	36	1
0.153846153846154	2	36	1
0.441176470588235	2	36	1
0.548387096774194	2	36	1
0.483870967741935	2	36	1
0.266666666666667	2	36	1
0.407407407407407	2	36	1
0.545454545454545	2	36	1
0.409090909090909	2	36	1
0.372093023255814	2	36	1
0.525423728813559	2	36	1
0.234042553191489	2	36	1
0.388888888888889	2	36	1
0.4	2	36	1
0.454545454545455	2	36	1
0.452380952380952	2	36	1
0.245283018867925	2	36	1
0.444444444444444	2	36	1
0.421052631578947	2	36	1
0.4	2	36	1
0.214285714285714	2	36	1
0.259259259259259	2	36	1
0.289473684210526	2	36	1
0.5625	2	36	1
0.447368421052632	2	36	1
0.290322580645161	2	36	1
0.418604651162791	2	36	1
0.404255319148936	2	36	1
0.272727272727273	2	36	1
0.48	2	36	1
0.459459459459459	2	36	1
0.416666666666667	2	36	1
0.3	2	36	1
0.392156862745098	2	36	1
0.405405405405405	2	36	1
0.375	2	36	1
0.275	2	36	1
0.151515151515152	2	36	1
0.545454545454545	2	36	1
0.545454545454545	2	36	1
0.478260869565217	2	36	1
0.551020408163265	2	36	1
0.56	2	36	1
0.136363636363636	2	36	1
0.6	2	36	1
0.0909090909090909	2	36	1
0.3	2	36	1
0.377777777777778	2	36	1
0.228571428571429	2	36	1
0.566666666666667	2	36	1
0.529411764705882	2	36	1
0.4	2	36	1
0.378378378378378	2	36	1
0.318181818181818	2	36	1
0.48	2	36	1
0.4	2	36	1
0.3	2	36	1
0.695652173913043	2	36	1
0.684210526315789	2	36	1
0.511111111111111	2	36	1
0.5	2	36	1
0.404761904761905	2	36	1
0.425	2	36	1
0.5	2	36	1
0.421052631578947	2	36	1
0.275862068965517	2	36	1
0.5	2	36	1
0.461538461538462	2	36	1
0.444444444444444	2	36	1
0.214285714285714	2	36	1
0.32	2	36	1
0.446808510638298	2	36	1
0.45	2	36	1
0.156862745098039	2	36	1
0.379310344827586	2	36	1
0.352941176470588	2	36	1
0.241379310344828	2	36	1
0.275862068965517	2	36	1
0.155555555555556	3	78	1
0.242424242424242	3	78	1
