VAF	CN	avg.depth	purity
0.545454545454545	2	24	0.88
0.347826086956522	2	24	0.88
0.162162162162162	2	24	0.88
0.411764705882353	2	24	0.88
0.263157894736842	2	24	0.88
0.380952380952381	2	24	0.88
0.666666666666667	2	24	0.88
0.264705882352941	2	24	0.88
0.225806451612903	2	24	0.88
0.275862068965517	2	24	0.88
0.173913043478261	2	24	0.88
0.129032258064516	2	24	0.88
0.241379310344828	2	24	0.88
0.318181818181818	2	24	0.88
0.259259259259259	2	24	0.88
0.473684210526316	2	24	0.88
0.3125	2	24	0.88
0.166666666666667	2	24	0.88
0.230769230769231	2	24	0.88
0.210526315789474	2	24	0.88
0.36	2	24	0.88
0.285714285714286	2	24	0.88
0.19047619047619	2	24	0.88
0.2	2	24	0.88
0.166666666666667	2	24	0.88
0.357142857142857	3	31	0.88
0.142857142857143	3	31	0.88
0.342857142857143	3	31	0.88
0.4375	3	31	0.88
0.238095238095238	3	31	0.88
0.375	3	31	0.88
0.2	3	31	0.88
0.173913043478261	3	31	0.88
0.166666666666667	3	31	0.88
0.241379310344828	3	31	0.88
0.387096774193548	3	31	0.88
0.212121212121212	3	31	0.88
0.333333333333333	3	31	0.88
0.117647058823529	3	31	0.88
0.241379310344828	3	31	0.88
0.4	3	31	0.88
0.428571428571429	3	31	0.88
0.617647058823529	3	31	0.88
0.181818181818182	3	31	0.88
0.192307692307692	3	31	0.88
0.655172413793103	3	31	0.88
0.227272727272727	3	31	0.88
0.4	3	31	0.88
0.21875	3	31	0.88
0.25	3	31	0.88
0.263157894736842	3	31	0.88
0.428571428571429	3	31	0.88
0.16	3	31	0.88
0.645161290322581	3	31	0.88
0.263157894736842	3	31	0.88
0.5	3	31	0.88
0.4	3	31	0.88
0.366666666666667	3	31	0.88
0.193548387096774	3	31	0.88
0.256410256410256	3	31	0.88
0.411764705882353	3	31	0.88
0.46875	3	31	0.88
0.111111111111111	3	31	0.88
0.294117647058824	3	31	0.88
0.162162162162162	3	31	0.88
0.157894736842105	3	31	0.88
0.166666666666667	3	31	0.88
0.157894736842105	3	31	0.88
0.4	3	31	0.88
0.136363636363636	3	31	0.88
0.153846153846154	3	31	0.88
0.157894736842105	3	31	0.88
0.162162162162162	3	31	0.88
0.166666666666667	3	31	0.88
0.3125	3	31	0.88
0.285714285714286	3	31	0.88
0.421052631578947	3	31	0.88
0.146341463414634	3	31	0.88
0.25	3	31	0.88
0.4	3	31	0.88
0.242424242424242	3	31	0.88
0.176470588235294	3	31	0.88
0.181818181818182	3	31	0.88
0.107142857142857	3	31	0.88
0.161290322580645	3	31	0.88
0.2	3	31	0.88
0.166666666666667	3	31	0.88
0.148936170212766	3	31	0.88
0.230769230769231	3	31	0.88
0.210526315789474	3	31	0.88
0.181818181818182	3	31	0.88
0.277777777777778	3	31	0.88
0.232558139534884	3	31	0.88
0.25	3	31	0.88
0.285714285714286	3	31	0.88
0.225806451612903	3	31	0.88
0.193548387096774	3	31	0.88
0.310344827586207	3	31	0.88
0.128205128205128	3	31	0.88
0.363636363636364	3	31	0.88
0.195652173913043	3	31	0.88
0.166666666666667	3	31	0.88
0.428571428571429	3	31	0.88
0.214285714285714	3	31	0.88
0.333333333333333	3	31	0.88
0.269230769230769	3	31	0.88
0.151515151515152	3	31	0.88
0.151515151515152	3	31	0.88
0.555555555555556	3	31	0.88
0.115384615384615	3	31	0.88
0.304347826086957	3	31	0.88
0.413793103448276	3	31	0.88
0.24	3	31	0.88
0.8	3	31	0.88
0.379310344827586	3	31	0.88
0.5	3	31	0.88
0.225	3	31	0.88
0.2	3	31	0.88
0.270833333333333	3	31	0.88
0.56	3	31	0.88
0.815789473684211	3	31	0.88
0.32258064516129	3	31	0.88
0.121212121212121	3	31	0.88
0.5	3	31	0.88
0.166666666666667	3	31	0.88
0.9375	3	31	0.88
0.583333333333333	3	31	0.88
0.956521739130435	3	31	0.88
0.766666666666667	3	31	0.88
0.833333333333333	3	31	0.88
0.5625	3	31	0.88
0.4	3	31	0.88
0.206896551724138	3	31	0.88
0.347826086956522	3	31	0.88
0.24	3	31	0.88
0.230769230769231	3	31	0.88
0.375	3	31	0.88
0.375	3	31	0.88
0.193548387096774	3	31	0.88
0.607142857142857	3	31	0.88
0.173076923076923	3	31	0.88
0.130434782608696	3	31	0.88
0.222222222222222	3	31	0.88
0.2	3	31	0.88
0.195652173913043	3	31	0.88
0.276595744680851	3	31	0.88
0.222222222222222	3	31	0.88
0.176470588235294	3	31	0.88
0.885714285714286	3	31	0.88
0.485714285714286	3	31	0.88
0.210526315789474	3	31	0.88
0.692307692307692	3	31	0.88
0.206896551724138	3	31	0.88
0.266666666666667	4	39	0.88
0.51219512195122	4	39	0.88
0.145833333333333	4	39	0.88
0.193548387096774	4	39	0.88
0.5	4	39	0.88
0.107142857142857	4	39	0.88
0.4375	4	39	0.88
0.432432432432432	4	39	0.88
0.32258064516129	4	39	0.88
0.424242424242424	4	39	0.88
0.205128205128205	4	39	0.88
0.274509803921569	4	39	0.88
0.285714285714286	4	39	0.88
0.5	4	39	0.88
0.347826086956522	4	39	0.88
0.217391304347826	4	39	0.88
0.15	4	39	0.88
0.259259259259259	4	39	0.88
0.333333333333333	4	39	0.88
0.354838709677419	4	39	0.88
0.264705882352941	4	39	0.88
0.13953488372093	4	39	0.88
0.176470588235294	4	39	0.88
0.146341463414634	4	39	0.88
0.26	4	39	0.88
0.1875	4	39	0.88
0.15	4	39	0.88
0.166666666666667	4	39	0.88
0.333333333333333	4	39	0.88
0.4	4	39	0.88
0.171428571428571	4	39	0.88
0.235294117647059	4	39	0.88
0.357142857142857	4	39	0.88
0.272727272727273	4	39	0.88
0.181818181818182	4	39	0.88
0.222222222222222	4	39	0.88
0.441176470588235	4	39	0.88
0.339622641509434	4	39	0.88
0.142857142857143	4	39	0.88
0.434782608695652	4	39	0.88
0.117647058823529	4	39	0.88
0.3125	4	39	0.88
0.234042553191489	4	39	0.88
0.606060606060606	4	39	0.88
0.431818181818182	4	39	0.88
0.130434782608696	4	39	0.88
0.175438596491228	4	39	0.88
0.461538461538462	4	39	0.88
0.208333333333333	4	39	0.88
0.193548387096774	4	39	0.88
0.423076923076923	4	39	0.88
0.173076923076923	4	39	0.88
0.145833333333333	4	39	0.88
0.178571428571429	4	39	0.88
0.52	4	39	0.88
0.571428571428571	4	39	0.88
0.234042553191489	4	39	0.88
0.375	4	39	0.88
0.205882352941176	4	39	0.88
0.206896551724138	4	39	0.88
0.129032258064516	4	39	0.88
0.421052631578947	4	39	0.88
0.5	4	39	0.88
0.254545454545455	4	39	0.88
0.3	4	39	0.88
0.379310344827586	4	39	0.88
0.142857142857143	4	39	0.88
0.175	4	39	0.88
0.108108108108108	4	39	0.88
0.393939393939394	4	39	0.88
0.132075471698113	4	39	0.88
0.24	4	39	0.88
0.130434782608696	4	39	0.88
0.2	4	39	0.88
0.147058823529412	4	39	0.88
0.214285714285714	4	39	0.88
0.227272727272727	4	39	0.88
0.119047619047619	4	39	0.88
0.171428571428571	4	39	0.88
0.1875	4	39	0.88
0.0925925925925926	4	39	0.88
0.173913043478261	4	39	0.88
0.181818181818182	4	39	0.88
0.533333333333333	4	39	0.88
0.225806451612903	4	39	0.88
0.142857142857143	4	39	0.88
0.162790697674419	4	39	0.88
0.142857142857143	4	39	0.88
0.571428571428571	4	39	0.88
0.533333333333333	4	39	0.88
0.5	4	39	0.88
0.375	4	39	0.88
0.357142857142857	4	39	0.88
0.153846153846154	4	39	0.88
0.125	4	39	0.88
0.210526315789474	4	39	0.88
0.315789473684211	4	39	0.88
0.444444444444444	4	39	0.88
0.235294117647059	4	39	0.88
0.380952380952381	4	39	0.88
0.111111111111111	4	39	0.88
0.212121212121212	4	39	0.88
0.181818181818182	4	39	0.88
0.282608695652174	4	39	0.88
0.176470588235294	4	39	0.88
0.176470588235294	4	39	0.88
0.194444444444444	4	39	0.88
0.245283018867925	4	39	0.88
0.146341463414634	4	39	0.88
0.181818181818182	4	39	0.88
0.170731707317073	4	39	0.88
0.19047619047619	4	39	0.88
0.545454545454545	4	39	0.88
0.121951219512195	4	39	0.88
0.576923076923077	4	39	0.88
0.357142857142857	4	39	0.88
0.130434782608696	4	39	0.88
0.35	4	39	0.88
0.111111111111111	4	39	0.88
0.214285714285714	4	39	0.88
0.214285714285714	4	39	0.88
0.179487179487179	4	39	0.88
0.428571428571429	4	39	0.88
0.146341463414634	4	39	0.88
0.30952380952381	4	39	0.88
0.441176470588235	4	39	0.88
0.114285714285714	4	39	0.88
0.189655172413793	4	39	0.88
0.15	4	39	0.88
0.145833333333333	4	39	0.88
0.1875	4	39	0.88
0.348837209302326	4	39	0.88
0.157894736842105	4	39	0.88
0.347826086956522	4	39	0.88
0.451612903225806	4	39	0.88
0.447368421052632	4	39	0.88
0.470588235294118	4	39	0.88
0.159090909090909	4	39	0.88
0.277777777777778	4	39	0.88
0.523809523809524	4	39	0.88
0.173913043478261	4	39	0.88
0.388888888888889	4	39	0.88
0.324324324324324	4	39	0.88
0.285714285714286	4	39	0.88
0.166666666666667	4	39	0.88
0.157894736842105	4	39	0.88
0.326530612244898	4	39	0.88
0.454545454545455	4	39	0.88
0.36	4	39	0.88
0.535714285714286	4	39	0.88
0.15	4	39	0.88
0.205128205128205	4	39	0.88
0.263157894736842	4	39	0.88
0.545454545454545	4	39	0.88
0.2	4	39	0.88
0.454545454545455	4	39	0.88
0.5	4	39	0.88
0.127659574468085	4	39	0.88
0.311111111111111	4	39	0.88
0.357142857142857	4	39	0.88
0.177777777777778	4	39	0.88
0.307692307692308	4	39	0.88
0.170212765957447	4	39	0.88
0.214285714285714	4	39	0.88
0.388888888888889	4	39	0.88
0.204545454545455	4	39	0.88
0.2	4	39	0.88
0.136363636363636	4	39	0.88
0.291666666666667	4	39	0.88
0.241379310344828	4	39	0.88
0.15	4	39	0.88
0.238095238095238	4	39	0.88
0.137931034482759	4	39	0.88
0.11864406779661	4	39	0.88
0.0983606557377049	4	39	0.88
0.145833333333333	4	39	0.88
0.254901960784314	4	39	0.88
0.418604651162791	4	39	0.88
0.12	4	39	0.88
0.428571428571429	4	39	0.88
0.137254901960784	4	39	0.88
0.171428571428571	4	39	0.88
0.122448979591837	4	39	0.88
0.137931034482759	4	39	0.88
0.134615384615385	4	39	0.88
0.466666666666667	4	39	0.88
0.15625	4	39	0.88
0.413793103448276	4	39	0.88
0.157894736842105	4	39	0.88
0.470588235294118	4	39	0.88
0.4	4	39	0.88
0.142857142857143	4	39	0.88
0.204545454545455	4	39	0.88
0.217391304347826	4	39	0.88
0.121212121212121	4	39	0.88
0.153846153846154	4	39	0.88
0.142857142857143	4	39	0.88
0.12	4	39	0.88
0.481481481481481	4	39	0.88
0.148148148148148	4	39	0.88
0.109090909090909	4	39	0.88
0.142857142857143	4	39	0.88
0.137931034482759	4	39	0.88
0.4	4	39	0.88
0.393939393939394	4	39	0.88
0.431818181818182	4	39	0.88
0.116279069767442	4	39	0.88
0.133333333333333	4	39	0.88
0.314285714285714	4	39	0.88
0.103448275862069	4	39	0.88
0.157894736842105	4	39	0.88
0.171428571428571	4	39	0.88
0.214285714285714	4	39	0.88
0.285714285714286	4	39	0.88
0.261904761904762	4	39	0.88
0.425	4	39	0.88
0.087719298245614	4	39	0.88
0.375	4	39	0.88
0.326923076923077	4	39	0.88
0.404255319148936	4	39	0.88
0.320754716981132	4	39	0.88
0.319148936170213	4	39	0.88
0.157894736842105	4	39	0.88
0.386363636363636	4	39	0.88
0.333333333333333	4	39	0.88
0.176470588235294	4	39	0.88
0.162162162162162	4	39	0.88
0.328125	4	39	0.88
0.4	4	39	0.88
0.340909090909091	4	39	0.88
0.121212121212121	4	39	0.88
0.297297297297297	4	39	0.88
0.382352941176471	4	39	0.88
0.272727272727273	4	39	0.88
0.277777777777778	4	39	0.88
0.16	4	39	0.88
0.137931034482759	4	39	0.88
0.566666666666667	4	39	0.88
0.166666666666667	4	39	0.88
0.157894736842105	4	39	0.88
0.181818181818182	4	39	0.88
0.268292682926829	4	39	0.88
0.171428571428571	4	39	0.88
0.25	4	39	0.88
0.26	4	39	0.88
0.177777777777778	4	39	0.88
0.127272727272727	4	39	0.88
0.142857142857143	4	39	0.88
0.15	4	39	0.88
0.185185185185185	4	39	0.88
0.258064516129032	4	39	0.88
0.152173913043478	4	39	0.88
0.25	4	39	0.88
0.166666666666667	4	39	0.88
0.490196078431373	4	39	0.88
0.157894736842105	4	39	0.88
0.127659574468085	4	39	0.88
0.146341463414634	4	39	0.88
0.348837209302326	4	39	0.88
0.48936170212766	4	39	0.88
0.297297297297297	4	39	0.88
0.159090909090909	4	39	0.88
0.355555555555556	4	39	0.88
0.176470588235294	4	39	0.88
0.194444444444444	4	39	0.88
0.184210526315789	4	39	0.88
0.560975609756098	4	39	0.88
0.468085106382979	4	39	0.88
0.431818181818182	4	39	0.88
0.13953488372093	4	39	0.88
0.166666666666667	4	39	0.88
0.285714285714286	4	39	0.88
0.333333333333333	4	39	0.88
0.119047619047619	4	39	0.88
0.125	4	39	0.88
0.122448979591837	4	39	0.88
0.132075471698113	4	39	0.88
0.11864406779661	4	39	0.88
0.130434782608696	4	39	0.88
0.222222222222222	4	39	0.88
0.161290322580645	4	39	0.88
0.13953488372093	4	39	0.88
0.122448979591837	4	39	0.88
0.162162162162162	4	39	0.88
0.2	4	39	0.88
0.125	4	39	0.88
0.14	4	39	0.88
0.2	4	39	0.88
0.333333333333333	4	39	0.88
0.193548387096774	4	39	0.88
0.107142857142857	4	39	0.88
0.59375	4	39	0.88
0.203389830508475	4	39	0.88
0.157894736842105	4	39	0.88
0.451612903225806	4	39	0.88
0.125	4	39	0.88
0.491228070175439	4	39	0.88
0.166666666666667	4	39	0.88
0.138888888888889	4	39	0.88
0.254545454545455	4	39	0.88
0.302325581395349	4	39	0.88
0.16	4	39	0.88
0.134615384615385	4	39	0.88
0.431034482758621	4	39	0.88
0.414634146341463	4	39	0.88
0.176470588235294	4	39	0.88
0.225806451612903	4	39	0.88
0.333333333333333	4	39	0.88
0.583333333333333	4	39	0.88
0.239130434782609	4	39	0.88
0.163636363636364	4	39	0.88
0.4	4	39	0.88
0.4	4	39	0.88
0.106382978723404	4	39	0.88
0.314814814814815	4	39	0.88
0.363636363636364	4	39	0.88
0.2	4	39	0.88
0.291666666666667	4	39	0.88
0.142857142857143	4	39	0.88
0.1875	4	39	0.88
0.5	4	39	0.88
0.130434782608696	4	39	0.88
0.333333333333333	4	39	0.88
0.277777777777778	4	39	0.88
0.547169811320755	4	39	0.88
0.16	4	39	0.88
0.461538461538462	4	39	0.88
0.192307692307692	4	39	0.88
0.142857142857143	4	39	0.88
0.4	4	39	0.88
0.178571428571429	4	39	0.88
0.30952380952381	4	39	0.88
0.205128205128205	4	39	0.88
0.695652173913043	4	39	0.88
0.348837209302326	4	39	0.88
0.166666666666667	4	39	0.88
0.116279069767442	4	39	0.88
0.114285714285714	4	39	0.88
0.6	4	39	0.88
0.244897959183673	4	39	0.88
0.131578947368421	4	39	0.88
0.419354838709677	4	39	0.88
0.375	4	39	0.88
0.152173913043478	4	39	0.88
0.290322580645161	4	39	0.88
0.222222222222222	4	39	0.88
0.142857142857143	4	39	0.88
0.205882352941176	4	39	0.88
0.533333333333333	4	39	0.88
0.127659574468085	4	39	0.88
0.205882352941176	4	39	0.88
0.162790697674419	4	39	0.88
0.557692307692308	4	39	0.88
0.352941176470588	4	39	0.88
0.125	4	39	0.88
0.5	4	39	0.88
0.228571428571429	4	39	0.88
0.12	4	39	0.88
0.0980392156862745	4	39	0.88
0.368421052631579	4	39	0.88
0.145833333333333	4	39	0.88
0.529411764705882	4	39	0.88
0.555555555555556	4	39	0.88
0.340909090909091	4	39	0.88
0.413793103448276	4	39	0.88
0.130434782608696	4	39	0.88
0.434782608695652	4	39	0.88
0.274509803921569	4	39	0.88
0.3	4	39	0.88
0.222222222222222	4	39	0.88
0.104166666666667	4	39	0.88
0.314285714285714	4	39	0.88
0.115384615384615	4	39	0.88
0.103448275862069	4	39	0.88
0.107142857142857	4	39	0.88
0.275862068965517	4	39	0.88
0.162162162162162	4	39	0.88
0.184210526315789	4	39	0.88
0.527777777777778	4	39	0.88
0.153846153846154	4	39	0.88
0.12280701754386	4	39	0.88
0.138888888888889	4	39	0.88
0.34	4	39	0.88
0.122448979591837	4	39	0.88
0.135593220338983	4	39	0.88
0.169811320754717	4	39	0.88
0.131147540983607	4	39	0.88
0.466666666666667	4	39	0.88
0.161290322580645	4	39	0.88
0.264705882352941	4	39	0.88
0.179487179487179	4	39	0.88
0.419354838709677	4	39	0.88
0.122448979591837	4	39	0.88
0.27906976744186	4	39	0.88
0.333333333333333	4	39	0.88
0.276595744680851	4	39	0.88
0.346153846153846	4	39	0.88
0.509803921568627	4	39	0.88
0.170731707317073	4	39	0.88
0.135135135135135	4	39	0.88
0.236842105263158	4	39	0.88
0.176470588235294	4	39	0.88
0.181818181818182	4	39	0.88
0.13953488372093	4	39	0.88
0.179487179487179	4	39	0.88
0.166666666666667	4	39	0.88
0.25	4	39	0.88
0.34375	4	39	0.88
0.135135135135135	4	39	0.88
0.181818181818182	4	39	0.88
0.34375	4	39	0.88
0.214285714285714	4	39	0.88
0.134615384615385	4	39	0.88
0.457142857142857	4	39	0.88
0.36	4	39	0.88
0.228571428571429	4	39	0.88
0.54	4	39	0.88
0.294117647058824	4	39	0.88
0.225806451612903	4	39	0.88
0.103448275862069	4	39	0.88
0.452380952380952	4	39	0.88
0.435483870967742	4	39	0.88
