VAF	CN	avg.depth	purity
0.939393939393939	2	23	1
0.24	2	23	1
0.84	2	23	1
0.259259259259259	2	23	1
0.333333333333333	2	23	1
0.3	2	23	1
1	2	23	1
0.242424242424242	3	33	1
0.4	3	33	1
0.390243902439024	3	33	1
0.571428571428571	3	33	1
0.159090909090909	3	33	1
0.4	3	33	1
0.176470588235294	3	33	1
0.228571428571429	3	33	1
0.321428571428571	3	33	1
0.461538461538462	3	33	1
0.516129032258065	3	33	1
0.571428571428571	3	33	1
0.439024390243902	3	33	1
0.451612903225806	3	33	1
0.352941176470588	3	33	1
0.59375	3	33	1
0.423076923076923	3	33	1
0.763157894736842	3	33	1
0.238095238095238	3	33	1
0.230769230769231	3	33	1
0.257142857142857	3	33	1
0.515151515151515	3	33	1
0.516129032258065	3	33	1
0.235294117647059	3	33	1
0.269230769230769	3	33	1
0.170212765957447	3	33	1
0.177777777777778	3	33	1
0.142857142857143	3	33	1
0.157894736842105	3	33	1
0.346153846153846	3	33	1
0.675	3	33	1
0.473684210526316	3	33	1
0.222222222222222	3	33	1
0.130434782608696	3	33	1
0.333333333333333	3	33	1
0.827586206896552	3	33	1
0.591836734693878	3	33	1
0.609756097560976	3	33	1
0.72972972972973	3	33	1
0.323529411764706	3	33	1
0.538461538461538	3	33	1
0.292682926829268	3	33	1
0.232558139534884	3	33	1
0.107692307692308	3	33	1
0.25	3	33	1
0.32	3	33	1
0.757575757575758	3	33	1
0.696969696969697	3	33	1
0.7	3	33	1
0.194444444444444	3	33	1
0.384615384615385	3	33	1
0.285714285714286	3	33	1
0.363636363636364	3	33	1
0.658536585365854	3	33	1
0.55	3	33	1
0.275862068965517	3	33	1
0.291666666666667	3	33	1
0.666666666666667	3	33	1
0.568181818181818	4	41	1
0.217391304347826	4	41	1
0.181818181818182	4	41	1
0.537037037037037	4	41	1
0.52	4	41	1
0.526315789473684	4	41	1
0.4	4	41	1
0.333333333333333	4	41	1
0.542857142857143	4	41	1
0.55	4	41	1
0.454545454545455	4	41	1
0.514285714285714	4	41	1
0.296296296296296	4	41	1
0.418604651162791	4	41	1
0.163636363636364	4	41	1
0.452830188679245	4	41	1
0.5625	4	41	1
0.469387755102041	4	41	1
0.258064516129032	4	41	1
0.394736842105263	4	41	1
0.48936170212766	4	41	1
0.291666666666667	4	41	1
0.193548387096774	4	41	1
0.457142857142857	4	41	1
0.533333333333333	4	41	1
0.549019607843137	4	41	1
0.477272727272727	4	41	1
0.412698412698413	4	41	1
0.468085106382979	4	41	1
0.361111111111111	4	41	1
0.102040816326531	4	41	1
0.37037037037037	4	41	1
0.536585365853659	4	41	1
0.130434782608696	4	41	1
0.440677966101695	4	41	1
0.46969696969697	4	41	1
0.416666666666667	4	41	1
0.365853658536585	4	41	1
0.592592592592593	4	41	1
0.526315789473684	4	41	1
0.385964912280702	4	41	1
0.333333333333333	4	41	1
0.25	4	41	1
0.568965517241379	4	41	1
0.8125	4	41	1
0.5	4	41	1
0.586206896551724	4	41	1
0.441176470588235	4	41	1
0.5	4	41	1
0.387755102040816	4	41	1
0.421052631578947	4	41	1
0.483333333333333	4	41	1
0.531914893617021	4	41	1
0.526315789473684	4	41	1
0.53125	4	41	1
0.509803921568627	4	41	1
0.372093023255814	4	41	1
0.551020408163265	4	41	1
0.150943396226415	4	41	1
0.409090909090909	4	41	1
0.477272727272727	4	41	1
0.423076923076923	4	41	1
0.1875	4	41	1
0.375	4	41	1
0.580645161290323	4	41	1
0.395348837209302	4	41	1
0.25	4	41	1
0.523809523809524	4	41	1
0.452380952380952	4	41	1
0.541666666666667	4	41	1
0.448275862068966	4	41	1
0.4	4	41	1
0.117647058823529	4	41	1
0.514285714285714	4	41	1
0.354166666666667	4	41	1
0.277777777777778	4	41	1
0.307692307692308	4	41	1
0.509803921568627	4	41	1
0.5	4	41	1
0.613636363636364	4	41	1
0.2	4	41	1
0.459459459459459	4	41	1
0.416666666666667	4	41	1
0.490566037735849	4	41	1
0.59375	4	41	1
0.489795918367347	4	41	1
0.107142857142857	4	41	1
0.137931034482759	4	41	1
0.44	4	41	1
0.1875	4	41	1
0.627118644067797	4	41	1
0.482142857142857	4	41	1
0.479166666666667	4	41	1
0.488888888888889	4	41	1
0.209302325581395	4	41	1
0.209302325581395	4	41	1
0.346153846153846	4	41	1
0.444444444444444	4	41	1
0.357142857142857	4	41	1
0.523809523809524	4	41	1
0.35	4	41	1
0.431818181818182	4	41	1
0.363636363636364	4	41	1
0.46875	4	41	1
0.733333333333333	4	41	1
0.553191489361702	4	41	1
0.407407407407407	4	41	1
0.542857142857143	4	41	1
0.482142857142857	4	41	1
0.418181818181818	4	41	1
0.448979591836735	4	41	1
0.418604651162791	4	41	1
0.272727272727273	4	41	1
0.195121951219512	4	41	1
0.272727272727273	4	41	1
0.654545454545455	4	41	1
0.588235294117647	4	41	1
0.564516129032258	4	41	1
0.538461538461538	4	41	1
0.313253012048193	4	41	1
0.5	4	41	1
0.166666666666667	4	41	1
0.40625	4	41	1
0.120689655172414	4	41	1
0.162790697674419	4	41	1
0.310344827586207	4	41	1
0.53125	4	41	1
0.545454545454545	4	41	1
0.548387096774194	4	41	1
0.163636363636364	4	41	1
0.145454545454545	4	41	1
0.11864406779661	4	41	1
0.5	4	41	1
0.130434782608696	4	41	1
0.581818181818182	4	41	1
0.416666666666667	4	41	1
0.55	4	41	1
0.428571428571429	4	41	1
0.444444444444444	4	41	1
0.390243902439024	4	41	1
0.28	4	41	1
0.28	4	41	1
0.372093023255814	4	41	1
0.166666666666667	4	41	1
0.513513513513513	4	41	1
0.537037037037037	4	41	1
0.553191489361702	4	41	1
0.15	4	41	1
0.508771929824561	4	41	1
0.116666666666667	4	41	1
0.342105263157895	4	41	1
0.256410256410256	4	41	1
0.515151515151515	4	41	1
0.558823529411765	4	41	1
0.34	4	41	1
0.452380952380952	4	41	1
0.396551724137931	4	41	1
0.421052631578947	4	41	1
0.24	4	41	1
0.159420289855072	4	41	1
0.147058823529412	4	41	1
0.214285714285714	4	41	1
0.116279069767442	4	41	1
0.431372549019608	4	41	1
0.666666666666667	4	41	1
0.441860465116279	4	41	1
0.357142857142857	4	41	1
0.48780487804878	4	41	1
0.318181818181818	4	41	1
0.176470588235294	4	41	1
0.1	4	41	1
0.477272727272727	4	41	1
0.24	4	41	1
0.48780487804878	4	41	1
0.466666666666667	4	41	1
0.511111111111111	4	41	1
0.5	4	41	1
0.482758620689655	4	41	1
0.42	4	41	1
0.365853658536585	4	41	1
0.2	4	41	1
0.38	4	41	1
0.482142857142857	4	41	1
0.581395348837209	4	41	1
0.423076923076923	4	41	1
0.5625	4	41	1
0.153846153846154	4	41	1
0.470588235294118	4	41	1
0.4375	4	41	1
0.482142857142857	4	41	1
0.395348837209302	4	41	1
0.24	4	41	1
0.204545454545455	4	41	1
0.547169811320755	4	41	1
0.0980392156862745	4	41	1
0.193548387096774	4	41	1
0.416666666666667	4	41	1
0.545454545454545	4	41	1
0.5	4	41	1
0.5	4	41	1
0.566037735849057	4	41	1
0.117647058823529	4	41	1
0.212121212121212	4	41	1
0.146341463414634	4	41	1
0.435897435897436	4	41	1
0.206896551724138	4	41	1
0.386363636363636	4	41	1
0.333333333333333	4	41	1
0.407407407407407	4	41	1
0.442307692307692	4	41	1
0.625	4	41	1
0.545454545454545	4	41	1
0.411764705882353	4	41	1
0.51219512195122	4	41	1
0.461538461538462	4	41	1
0.481481481481481	4	41	1
0.452830188679245	4	41	1
0.434782608695652	4	41	1
0.352941176470588	4	41	1
0.549019607843137	4	41	1
0.357142857142857	4	41	1
0.411764705882353	4	41	1
0.384615384615385	4	41	1
0.416666666666667	4	41	1
0.161290322580645	4	41	1
0.5	4	41	1
0.193548387096774	4	41	1
0.466666666666667	4	41	1
0.421052631578947	4	41	1
0.473684210526316	4	41	1
0.2	4	41	1
0.215686274509804	4	41	1
0.446428571428571	4	41	1
0.490909090909091	4	41	1
0.553191489361702	4	41	1
0.424242424242424	4	41	1
0.393939393939394	4	41	1
0.230769230769231	4	41	1
0.21875	4	41	1
0.162790697674419	4	41	1
0.225	4	41	1
0.60377358490566	4	41	1
0.1	4	41	1
0.101694915254237	4	41	1
0.103448275862069	4	41	1
0.111111111111111	4	41	1
0.2	4	41	1
0.483870967741935	4	41	1
0.463414634146341	4	41	1
0.363636363636364	4	41	1
0.538461538461538	4	41	1
0.545454545454545	4	41	1
0.379310344827586	4	41	1
0.476190476190476	4	41	1
0.509433962264151	4	41	1
0.230769230769231	4	41	1
0.5	4	41	1
0.375	4	41	1
0.51063829787234	4	41	1
0.189655172413793	4	41	1
0.457142857142857	4	41	1
0.363636363636364	4	41	1
0.176470588235294	4	41	1
0.480769230769231	4	41	1
0.48	4	41	1
0.56	4	41	1
0.535714285714286	4	41	1
0.305555555555556	4	41	1
0.615384615384615	4	41	1
0.5	4	41	1
0.469387755102041	4	41	1
0.470588235294118	4	41	1
0.472222222222222	4	41	1
0.508771929824561	4	41	1
0.432432432432432	4	41	1
0.347826086956522	4	41	1
0.513513513513513	4	41	1
0.48780487804878	4	41	1
0.235294117647059	4	41	1
0.272727272727273	4	41	1
0.285714285714286	4	41	1
0.368421052631579	4	41	1
0.425925925925926	4	41	1
0.323529411764706	4	41	1
0.178571428571429	4	41	1
0.394736842105263	4	41	1
0.383333333333333	4	41	1
0.536585365853659	4	41	1
0.5	4	41	1
0.488372093023256	4	41	1
0.459459459459459	4	41	1
0.365384615384615	4	41	1
0.444444444444444	4	41	1
0.416666666666667	4	41	1
0.433333333333333	4	41	1
0.358974358974359	4	41	1
0.418604651162791	4	41	1
0.555555555555556	4	41	1
0.171428571428571	4	41	1
0.470588235294118	4	41	1
0.391304347826087	4	41	1
0.256410256410256	4	41	1
0.538461538461538	4	41	1
0.483870967741935	4	41	1
0.512820512820513	4	41	1
0.466666666666667	4	41	1
0.363636363636364	4	41	1
0.565217391304348	4	41	1
0.454545454545455	4	41	1
0.578947368421053	4	41	1
0.513513513513513	4	41	1
0.133333333333333	4	41	1
0.470588235294118	4	41	1
0.130434782608696	4	41	1
0.53125	4	41	1
0.384615384615385	4	41	1
0.527272727272727	4	41	1
0.566666666666667	4	41	1
0.482142857142857	4	41	1
0.222222222222222	4	41	1
0.36734693877551	4	41	1
0.48	4	41	1
0.555555555555556	4	41	1
0.268292682926829	4	41	1
0.127659574468085	4	41	1
0.466666666666667	4	41	1
0.391304347826087	4	41	1
0.518518518518518	4	41	1
0.348837209302326	4	41	1
0.515625	4	41	1
0.470588235294118	4	41	1
0.25	4	41	1
0.523809523809524	4	41	1
0.162162162162162	4	41	1
0.302325581395349	4	41	1
0.291666666666667	4	41	1
0.304347826086957	4	41	1
0.472222222222222	4	41	1
0.530612244897959	4	41	1
0.441176470588235	4	41	1
0.428571428571429	4	41	1
0.571428571428571	4	41	1
0.193548387096774	4	41	1
0.347826086956522	4	41	1
0.636363636363636	4	41	1
0.547619047619048	4	41	1
0.48	4	41	1
0.521739130434783	4	41	1
0.206896551724138	4	41	1
0.545454545454545	4	41	1
0.507692307692308	4	41	1
0.464285714285714	4	41	1
0.414634146341463	4	41	1
0.478260869565217	4	41	1
0.185185185185185	4	41	1
0.185185185185185	4	41	1
0.192307692307692	4	41	1
0.169811320754717	4	41	1
0.18	4	41	1
0.18	4	41	1
0.1875	4	41	1
0.653846153846154	4	41	1
0.51063829787234	4	41	1
0.162790697674419	4	41	1
0.425925925925926	4	41	1
0.0983606557377049	4	41	1
0.405405405405405	4	41	1
0.684210526315789	4	41	1
0.283018867924528	4	41	1
0.205882352941176	4	41	1
0.414634146341463	4	41	1
0.590909090909091	4	41	1
0.333333333333333	4	41	1
0.35	4	41	1
0.566666666666667	4	41	1
0.534883720930233	4	41	1
0.5	4	41	1
0.11864406779661	4	41	1
0.111111111111111	4	41	1
0.5	4	41	1
0.0714285714285714	4	41	1
0.484848484848485	4	41	1
0.163636363636364	4	41	1
0.133333333333333	4	41	1
