VAF	CN	avg.depth	purity
0.291666666666667	1	25	0.48
0.263157894736842	1	25	0.48
0.25	1	25	0.48
0.296296296296296	1	25	0.48
0.2	1	25	0.48
0.380952380952381	1	25	0.48
0.1875	1	25	0.48
0.294117647058824	1	25	0.48
0.214285714285714	1	25	0.48
0.222222222222222	1	25	0.48
0.571428571428571	1	25	0.48
0.260869565217391	1	25	0.48
0.272727272727273	1	25	0.48
0.5	1	25	0.48
0.318181818181818	1	25	0.48
0.2	1	25	0.48
0.285714285714286	1	25	0.48
0.608695652173913	1	25	0.48
0.272727272727273	1	25	0.48
0.391304347826087	1	25	0.48
0.242424242424242	1	25	0.48
0.259259259259259	1	25	0.48
0.538461538461538	1	25	0.48
0.361111111111111	1	25	0.48
0.212121212121212	1	25	0.48
0.5	1	25	0.48
0.235294117647059	1	25	0.48
0.368421052631579	1	25	0.48
0.173913043478261	1	25	0.48
0.125	1	25	0.48
0.291666666666667	1	25	0.48
0.454545454545455	1	25	0.48
0.214285714285714	1	25	0.48
0.272727272727273	1	25	0.48
0.19047619047619	1	25	0.48
0.310344827586207	1	25	0.48
0.318181818181818	1	25	0.48
0.25	1	25	0.48
0.192307692307692	1	25	0.48
0.225806451612903	1	25	0.48
0.35	1	25	0.48
0.5	1	25	0.48
0.125	1	25	0.48
0.333333333333333	1	25	0.48
0.107142857142857	1	25	0.48
0.25	1	25	0.48
0.162162162162162	1	25	0.48
0.3	1	25	0.48
0.642857142857143	1	25	0.48
0.3	1	25	0.48
0.6	1	25	0.48
0.4375	1	25	0.48
0.3	1	25	0.48
0.142857142857143	1	25	0.48
0.310344827586207	1	25	0.48
0.333333333333333	1	25	0.48
0.333333333333333	1	25	0.48
0.45	1	25	0.48
0.233333333333333	1	25	0.48
0.304347826086957	1	25	0.48
0.36	1	25	0.48
0.3	1	25	0.48
0.388888888888889	1	25	0.48
0.233333333333333	1	25	0.48
0.458333333333333	1	25	0.48
0.592592592592593	1	25	0.48
0.21875	1	25	0.48
0.24	1	25	0.48
0.419354838709677	1	25	0.48
0.264705882352941	1	25	0.48
0.529411764705882	1	25	0.48
0.4	1	25	0.48
0.115384615384615	1	25	0.48
0.227272727272727	1	25	0.48
0.382352941176471	1	25	0.48
0.358974358974359	1	25	0.48
0.423076923076923	1	25	0.48
0.15625	1	25	0.48
0.413793103448276	1	25	0.48
0.235294117647059	1	25	0.48
0.296296296296296	1	25	0.48
0.148148148148148	1	25	0.48
0.32258064516129	1	25	0.48
0.233333333333333	1	25	0.48
0.32258064516129	1	25	0.48
0.382352941176471	1	25	0.48
0.40625	1	25	0.48
0.142857142857143	1	25	0.48
0.516129032258065	1	25	0.48
0.216216216216216	1	25	0.48
0.296296296296296	1	25	0.48
0.3125	1	25	0.48
0.169811320754717	1	25	0.48
0.2	1	25	0.48
0.296296296296296	1	25	0.48
0.235294117647059	1	25	0.48
0.25	1	25	0.48
0.15	1	25	0.48
0.21875	1	25	0.48
0.193548387096774	1	25	0.48
0.368421052631579	1	25	0.48
0.304347826086957	1	25	0.48
0.153846153846154	1	25	0.48
0.233333333333333	1	25	0.48
0.294117647058824	1	25	0.48
0.3	1	25	0.48
0.136363636363636	1	25	0.48
0.238095238095238	1	25	0.48
0.285714285714286	1	25	0.48
0.352941176470588	1	25	0.48
0.181818181818182	1	25	0.48
0.35	1	25	0.48
0.35	1	25	0.48
0.285714285714286	1	25	0.48
0.208333333333333	1	25	0.48
0.3	1	25	0.48
0.24	1	25	0.48
0.380952380952381	1	25	0.48
0.238095238095238	1	25	0.48
0.259259259259259	1	25	0.48
0.409090909090909	1	25	0.48
0.481481481481481	1	25	0.48
0.115384615384615	1	25	0.48
0.258064516129032	1	25	0.48
0.25	1	25	0.48
0.25	1	25	0.48
0.409090909090909	1	25	0.48
0.35	1	25	0.48
0.611111111111111	1	25	0.48
0.3	1	25	0.48
0.354838709677419	1	25	0.48
0.242424242424242	1	25	0.48
0.384615384615385	1	25	0.48
0.416666666666667	1	25	0.48
0.642857142857143	1	25	0.48
0.375	1	25	0.48
0.857142857142857	1	25	0.48
0.303030303030303	1	25	0.48
0.4	1	25	0.48
0.352941176470588	1	25	0.48
0.36	1	25	0.48
0.206896551724138	1	25	0.48
0.380952380952381	1	25	0.48
0.3	1	25	0.48
0.235294117647059	1	25	0.48
0.444444444444444	1	25	0.48
0.304347826086957	1	25	0.48
0.473684210526316	1	25	0.48
0.233333333333333	1	25	0.48
0.35	1	25	0.48
0.148148148148148	1	25	0.48
0.130434782608696	1	25	0.48
0.344827586206897	1	25	0.48
0.5	1	25	0.48
0.3	1	25	0.48
0.304347826086957	1	25	0.48
0.333333333333333	1	25	0.48
0.222222222222222	1	25	0.48
0.269230769230769	1	25	0.48
0.454545454545455	1	25	0.48
0.4	1	25	0.48
0.285714285714286	1	25	0.48
0.666666666666667	1	25	0.48
0.36	1	25	0.48
0.208333333333333	1	25	0.48
0.533333333333333	1	25	0.48
0.434782608695652	1	25	0.48
0.260869565217391	1	25	0.48
0.272727272727273	1	25	0.48
0.25	1	25	0.48
0.285714285714286	1	25	0.48
0.125	1	25	0.48
0.347826086956522	1	25	0.48
0.481481481481481	1	25	0.48
0.184210526315789	1	25	0.48
0.115384615384615	1	25	0.48
0.433333333333333	1	25	0.48
0.28	1	25	0.48
0.3	1	25	0.48
0.28	1	25	0.48
0.269230769230769	1	25	0.48
0.24	1	25	0.48
0.291666666666667	1	25	0.48
0.352941176470588	1	25	0.48
0.318181818181818	1	25	0.48
0.178571428571429	1	25	0.48
0.269230769230769	1	25	0.48
0.2	1	25	0.48
0.333333333333333	1	25	0.48
0.266666666666667	1	25	0.48
0.538461538461538	1	25	0.48
0.586206896551724	1	25	0.48
0.25	1	25	0.48
0.25	1	25	0.48
0.407407407407407	1	25	0.48
0.4375	1	25	0.48
0.269230769230769	1	25	0.48
0.4	1	25	0.48
0.142857142857143	1	25	0.48
0.357142857142857	1	25	0.48
0.333333333333333	1	25	0.48
0.461538461538462	1	25	0.48
0.315789473684211	1	25	0.48
0.318181818181818	1	25	0.48
0.275862068965517	1	25	0.48
0.347826086956522	1	25	0.48
0.206896551724138	1	25	0.48
0.136363636363636	1	25	0.48
0.212121212121212	1	25	0.48
0.333333333333333	1	25	0.48
0.25	1	25	0.48
0.333333333333333	1	25	0.48
0.269230769230769	1	25	0.48
0.181818181818182	1	25	0.48
0.538461538461538	1	25	0.48
0.636363636363636	1	25	0.48
0.34375	2	32	0.48
0.272727272727273	2	32	0.48
0.243243243243243	2	32	0.48
0.116279069767442	2	32	0.48
0.179487179487179	2	32	0.48
0.102564102564103	2	32	0.48
0.242424242424242	2	32	0.48
0.272727272727273	2	32	0.48
0.214285714285714	2	32	0.48
0.235294117647059	2	32	0.48
0.170731707317073	2	32	0.48
0.214285714285714	2	32	0.48
0.275862068965517	2	32	0.48
0.236842105263158	2	32	0.48
0.259259259259259	2	32	0.48
0.170731707317073	2	32	0.48
0.181818181818182	2	32	0.48
0.269230769230769	2	32	0.48
0.321428571428571	2	32	0.48
0.241379310344828	2	32	0.48
0.162162162162162	2	32	0.48
0.419354838709677	2	32	0.48
0.275862068965517	2	32	0.48
0.344827586206897	2	32	0.48
0.375	2	32	0.48
0.25	2	32	0.48
0.153846153846154	2	32	0.48
0.4375	2	32	0.48
0.222222222222222	2	32	0.48
0.15625	2	32	0.48
0.181818181818182	2	32	0.48
0.571428571428571	2	32	0.48
0.315789473684211	2	32	0.48
0.192307692307692	2	32	0.48
0.441176470588235	2	32	0.48
0.297297297297297	2	32	0.48
0.289473684210526	2	32	0.48
0.342857142857143	2	32	0.48
0.296296296296296	2	32	0.48
0.277777777777778	2	32	0.48
0.324324324324324	2	32	0.48
0.56	2	32	0.48
0.166666666666667	2	32	0.48
0.2	2	32	0.48
0.3	2	32	0.48
0.304347826086957	2	32	0.48
0.325581395348837	2	32	0.48
0.230769230769231	2	32	0.48
0.230769230769231	2	32	0.48
0.44	2	32	0.48
0.230769230769231	2	32	0.48
0.28	2	32	0.48
0.258064516129032	2	32	0.48
0.128205128205128	2	32	0.48
0.212765957446809	2	32	0.48
0.25	2	32	0.48
0.137931034482759	2	32	0.48
0.375	2	32	0.48
0.333333333333333	2	32	0.48
0.344827586206897	2	32	0.48
0.341463414634146	2	32	0.48
0.151515151515152	2	32	0.48
0.323529411764706	2	32	0.48
0.257142857142857	2	32	0.48
0.166666666666667	2	32	0.48
0.342105263157895	2	32	0.48
0.222222222222222	2	32	0.48
0.230769230769231	2	32	0.48
0.512820512820513	2	32	0.48
0.2	2	32	0.48
0.266666666666667	2	32	0.48
0.314285714285714	2	32	0.48
0.195121951219512	2	32	0.48
0.25	2	32	0.48
0.131578947368421	2	32	0.48
0.176470588235294	2	32	0.48
0.304347826086957	2	32	0.48
0.523809523809524	2	32	0.48
0.152173913043478	2	32	0.48
0.2	2	32	0.48
0.162790697674419	2	32	0.48
0.230769230769231	2	32	0.48
0.352941176470588	2	32	0.48
0.424242424242424	2	32	0.48
0.241379310344828	2	32	0.48
0.275	2	32	0.48
0.25	2	32	0.48
0.333333333333333	2	32	0.48
0.583333333333333	2	32	0.48
0.285714285714286	2	32	0.48
0.24390243902439	2	32	0.48
0.206896551724138	2	32	0.48
0.361111111111111	2	32	0.48
0.289473684210526	2	32	0.48
0.222222222222222	2	32	0.48
0.518518518518518	2	32	0.48
0.428571428571429	2	32	0.48
0.472222222222222	2	32	0.48
0.333333333333333	2	32	0.48
0.2	2	32	0.48
0.129032258064516	2	32	0.48
0.185185185185185	2	32	0.48
0.176470588235294	2	32	0.48
0.28125	2	32	0.48
0.184210526315789	2	32	0.48
0.179487179487179	2	32	0.48
0.5	2	32	0.48
0.1875	2	32	0.48
0.142857142857143	2	32	0.48
0.291666666666667	2	32	0.48
0.28125	2	32	0.48
0.185185185185185	2	32	0.48
0.171428571428571	2	32	0.48
0.285714285714286	2	32	0.48
0.15	2	32	0.48
0.241379310344828	2	32	0.48
0.230769230769231	2	32	0.48
0.217391304347826	2	32	0.48
0.166666666666667	2	32	0.48
0.230769230769231	2	32	0.48
0.16	2	32	0.48
0.28125	2	32	0.48
0.157894736842105	2	32	0.48
0.21875	2	32	0.48
0.257142857142857	2	32	0.48
0.214285714285714	2	32	0.48
0.257142857142857	2	32	0.48
0.32258064516129	2	32	0.48
0.178571428571429	2	32	0.48
0.32	2	32	0.48
0.181818181818182	2	32	0.48
0.222222222222222	2	32	0.48
0.264705882352941	2	32	0.48
0.121212121212121	2	32	0.48
0.24	2	32	0.48
0.32258064516129	2	32	0.48
0.444444444444444	2	32	0.48
0.244444444444444	2	32	0.48
0.241379310344828	2	32	0.48
0.257142857142857	2	32	0.48
0.19047619047619	2	32	0.48
0.21875	2	32	0.48
0.333333333333333	2	32	0.48
0.263157894736842	2	32	0.48
0.3	2	32	0.48
0.16	2	32	0.48
0.37037037037037	2	32	0.48
0.481481481481481	2	32	0.48
0.527777777777778	2	32	0.48
0.272727272727273	2	32	0.48
0.413793103448276	2	32	0.48
0.105263157894737	2	32	0.48
0.315789473684211	2	32	0.48
0.189189189189189	2	32	0.48
0.162162162162162	2	32	0.48
0.185185185185185	2	32	0.48
0.176470588235294	2	32	0.48
0.166666666666667	2	32	0.48
0.333333333333333	2	32	0.48
0.282051282051282	2	32	0.48
0.379310344827586	2	32	0.48
0.37037037037037	2	32	0.48
0.512820512820513	2	32	0.48
0.368421052631579	2	32	0.48
0.2	2	32	0.48
0.34375	2	32	0.48
0.219512195121951	2	32	0.48
0.333333333333333	2	32	0.48
0.193548387096774	2	32	0.48
0.368421052631579	2	32	0.48
0.333333333333333	2	32	0.48
0.111111111111111	2	32	0.48
0.24	2	32	0.48
0.233333333333333	2	32	0.48
0.333333333333333	2	32	0.48
0.285714285714286	2	32	0.48
0.24	2	32	0.48
0.208333333333333	2	32	0.48
0.25	2	32	0.48
0.268292682926829	2	32	0.48
0.227272727272727	2	32	0.48
0.181818181818182	2	32	0.48
0.2	2	32	0.48
0.4	2	32	0.48
0.2	2	32	0.48
0.25	2	32	0.48
0.631578947368421	2	32	0.48
0.28	2	32	0.48
0.375	2	32	0.48
0.303030303030303	2	32	0.48
0.314285714285714	2	32	0.48
0.241379310344828	2	32	0.48
0.333333333333333	2	32	0.48
0.259259259259259	2	32	0.48
0.235294117647059	2	32	0.48
0.151515151515152	2	32	0.48
0.291666666666667	2	32	0.48
0.295454545454545	2	32	0.48
0.230769230769231	2	32	0.48
0.189189189189189	2	32	0.48
0.288888888888889	2	32	0.48
0.268292682926829	2	32	0.48
0.175	2	32	0.48
0.111111111111111	2	32	0.48
0.44	2	32	0.48
0.129032258064516	2	32	0.48
0.521739130434783	2	32	0.48
0.171428571428571	2	32	0.48
0.305555555555556	2	32	0.48
0.384615384615385	2	32	0.48
0.185185185185185	2	32	0.48
0.296296296296296	2	32	0.48
0.256410256410256	2	32	0.48
0.193548387096774	2	32	0.48
0.321428571428571	2	32	0.48
0.342857142857143	2	32	0.48
0.25	2	32	0.48
0.282608695652174	2	32	0.48
0.137254901960784	2	32	0.48
0.407407407407407	2	32	0.48
0.347826086956522	2	32	0.48
0.36	2	32	0.48
0.171428571428571	2	32	0.48
0.235294117647059	2	32	0.48
0.297297297297297	2	32	0.48
0.162162162162162	2	32	0.48
0.166666666666667	2	32	0.48
0.255813953488372	2	32	0.48
0.205882352941176	2	32	0.48
0.242424242424242	2	32	0.48
0.392857142857143	2	32	0.48
0.242424242424242	2	32	0.48
0.210526315789474	2	32	0.48
0.210526315789474	2	32	0.48
0.222222222222222	2	32	0.48
0.326923076923077	2	32	0.48
0.166666666666667	2	32	0.48
0.67741935483871	2	32	0.48
0.166666666666667	2	32	0.48
0.318181818181818	2	32	0.48
0.25	2	32	0.48
0.458333333333333	2	32	0.48
0.324324324324324	2	32	0.48
0.355555555555556	2	32	0.48
0.236842105263158	2	32	0.48
0.263157894736842	2	32	0.48
0.121951219512195	2	32	0.48
0.333333333333333	2	32	0.48
0.227272727272727	2	32	0.48
0.45	2	32	0.48
0.375	2	32	0.48
0.282051282051282	2	32	0.48
0.189189189189189	2	32	0.48
0.219512195121951	2	32	0.48
0.4	2	32	0.48
0.181818181818182	2	32	0.48
0.363636363636364	2	32	0.48
0.21875	2	32	0.48
0.259259259259259	2	32	0.48
0.212121212121212	2	32	0.48
0.25	2	32	0.48
0.444444444444444	2	32	0.48
0.2	2	32	0.48
0.119047619047619	2	32	0.48
0.2	2	32	0.48
0.222222222222222	2	32	0.48
0.305555555555556	2	32	0.48
0.206896551724138	2	32	0.48
0.130434782608696	2	32	0.48
0.27027027027027	2	32	0.48
0.358974358974359	2	32	0.48
0.347826086956522	2	32	0.48
0.155555555555556	2	32	0.48
0.208333333333333	2	32	0.48
0.363636363636364	2	32	0.48
0.277777777777778	2	32	0.48
0.191489361702128	2	32	0.48
0.117647058823529	2	32	0.48
0.2	2	32	0.48
0.157894736842105	2	32	0.48
0.172413793103448	2	32	0.48
0.228571428571429	2	32	0.48
0.481481481481481	2	32	0.48
0.235294117647059	2	32	0.48
0.21875	2	32	0.48
0.303030303030303	2	32	0.48
0.1	2	32	0.48
0.25	2	32	0.48
0.222222222222222	2	32	0.48
0.222222222222222	2	32	0.48
0.15625	2	32	0.48
0.205128205128205	2	32	0.48
0.259259259259259	2	32	0.48
0.333333333333333	2	32	0.48
0.111111111111111	2	32	0.48
0.142857142857143	2	32	0.48
0.176470588235294	2	32	0.48
0.264705882352941	2	32	0.48
0.121212121212121	2	32	0.48
0.3	2	32	0.48
0.339622641509434	2	32	0.48
0.323529411764706	2	32	0.48
0.341463414634146	2	32	0.48
0.212121212121212	2	32	0.48
0.24390243902439	2	32	0.48
0.277777777777778	2	32	0.48
0.166666666666667	2	32	0.48
0.25	2	32	0.48
0.2	2	32	0.48
0.566666666666667	2	32	0.48
0.216216216216216	2	32	0.48
0.179487179487179	2	32	0.48
0.238095238095238	2	32	0.48
0.4	2	32	0.48
0.380952380952381	2	32	0.48
0.4	2	32	0.48
0.1875	2	32	0.48
0.571428571428571	2	32	0.48
0.333333333333333	2	32	0.48
0.538461538461538	2	32	0.48
0.175	2	32	0.48
0.333333333333333	2	32	0.48
0.4	2	32	0.48
0.25	2	32	0.48
0.256410256410256	2	32	0.48
0.259259259259259	2	32	0.48
0.12	2	32	0.48
0.290322580645161	2	32	0.48
0.347826086956522	2	32	0.48
0.348837209302326	2	32	0.48
0.484848484848485	2	32	0.48
0.0857142857142857	2	32	0.48
0.241379310344828	2	32	0.48
0.527777777777778	2	32	0.48
0.205882352941176	2	32	0.48
0.333333333333333	2	32	0.48
0.13953488372093	2	32	0.48
0.242424242424242	2	32	0.48
0.193548387096774	2	32	0.48
0.296296296296296	2	32	0.48
0.315789473684211	2	32	0.48
0.233333333333333	2	32	0.48
0.463414634146341	2	32	0.48
0.25	2	32	0.48
0.117647058823529	2	32	0.48
0.314285714285714	2	32	0.48
0.214285714285714	2	32	0.48
0.294117647058824	2	32	0.48
0.225806451612903	2	32	0.48
0.216216216216216	2	32	0.48
0.133333333333333	2	32	0.48
0.186046511627907	2	32	0.48
0.171428571428571	2	32	0.48
0.157894736842105	2	32	0.48
0.222222222222222	2	32	0.48
0.195652173913043	2	32	0.48
0.277777777777778	2	32	0.48
0.521739130434783	2	32	0.48
0.484848484848485	2	32	0.48
0.2	2	32	0.48
0.181818181818182	2	32	0.48
0.428571428571429	2	32	0.48
0.235294117647059	2	32	0.48
0.241379310344828	2	32	0.48
0.193548387096774	2	32	0.48
0.236842105263158	2	32	0.48
0.227272727272727	2	32	0.48
0.333333333333333	2	32	0.48
0.176470588235294	2	32	0.48
0.294117647058824	2	32	0.48
0.225806451612903	2	32	0.48
0.290322580645161	2	32	0.48
0.380952380952381	2	32	0.48
0.21875	2	32	0.48
0.2	2	32	0.48
0.234042553191489	2	32	0.48
0.314285714285714	2	32	0.48
1	2	32	0.48
0.518518518518518	2	32	0.48
0.260869565217391	2	32	0.48
0.4	2	32	0.48
0.380952380952381	2	32	0.48
0.4	2	32	0.48
0.194444444444444	2	32	0.48
0.291666666666667	2	32	0.48
0.172413793103448	2	32	0.48
0.558823529411765	2	32	0.48
0.387096774193548	2	32	0.48
0.214285714285714	2	32	0.48
0.230769230769231	2	32	0.48
0.259259259259259	2	32	0.48
0.272727272727273	2	32	0.48
0.195121951219512	2	32	0.48
0.266666666666667	2	32	0.48
0.148148148148148	2	32	0.48
0.176470588235294	2	32	0.48
0.259259259259259	2	32	0.48
0.296296296296296	2	32	0.48
0.291666666666667	2	32	0.48
0.257142857142857	2	32	0.48
0.214285714285714	2	32	0.48
0.53125	2	32	0.48
0.257142857142857	2	32	0.48
0.166666666666667	2	32	0.48
0.358974358974359	2	32	0.48
0.2	2	32	0.48
0.222222222222222	2	32	0.48
0.305555555555556	2	32	0.48
0.25	2	32	0.48
0.266666666666667	2	32	0.48
0.179487179487179	2	32	0.48
0.151515151515152	2	32	0.48
0.170731707317073	2	32	0.48
0.206896551724138	2	32	0.48
0.439024390243902	2	32	0.48
0.125	2	32	0.48
0.53125	2	32	0.48
0.15625	2	32	0.48
0.285714285714286	2	32	0.48
0.2	2	32	0.48
0.212121212121212	2	32	0.48
0.333333333333333	2	32	0.48
0.25	2	32	0.48
0.129032258064516	2	32	0.48
0.468085106382979	2	32	0.48
0.333333333333333	2	32	0.48
0.333333333333333	2	32	0.48
0.184210526315789	2	32	0.48
0.310344827586207	2	32	0.48
0.25	2	32	0.48
0.25	2	32	0.48
0.25	2	32	0.48
0.115384615384615	2	32	0.48
0.24	2	32	0.48
0.4	2	32	0.48
0.4	2	32	0.48
0.25	2	32	0.48
0.27027027027027	2	32	0.48
0.193548387096774	2	32	0.48
0.129032258064516	2	32	0.48
0.257142857142857	2	32	0.48
0.368421052631579	2	32	0.48
0.409090909090909	2	32	0.48
0.2	2	32	0.48
0.115384615384615	2	32	0.48
0.2	2	32	0.48
0.285714285714286	2	32	0.48
0.518518518518518	2	32	0.48
0.333333333333333	2	32	0.48
0.285714285714286	2	32	0.48
0.296296296296296	2	32	0.48
0.4	2	32	0.48
0.230769230769231	2	32	0.48
0.21875	2	32	0.48
0.210526315789474	2	32	0.48
0.193548387096774	2	32	0.48
0.321428571428571	2	32	0.48
0.157894736842105	2	32	0.48
0.241379310344828	2	32	0.48
0.256410256410256	2	32	0.48
0.294117647058824	2	32	0.48
0.30952380952381	2	32	0.48
0.375	2	32	0.48
0.272727272727273	2	32	0.48
0.212121212121212	2	32	0.48
0.387096774193548	2	32	0.48
0.327586206896552	2	32	0.48
0.162162162162162	2	32	0.48
0.157894736842105	2	32	0.48
0.291666666666667	2	32	0.48
0.5	2	32	0.48
0.222222222222222	2	32	0.48
0.422222222222222	2	32	0.48
0.32	2	32	0.48
0.393939393939394	2	32	0.48
0.212121212121212	2	32	0.48
0.208333333333333	2	32	0.48
0.1875	2	32	0.48
0.25	2	32	0.48
0.205128205128205	2	32	0.48
0.194444444444444	2	32	0.48
0.270833333333333	2	32	0.48
0.534883720930233	2	32	0.48
0.194444444444444	2	32	0.48
0.315789473684211	2	32	0.48
0.416666666666667	2	32	0.48
0.171428571428571	2	32	0.48
0.228571428571429	2	32	0.48
0.346153846153846	2	32	0.48
0.243243243243243	2	32	0.48
0.192307692307692	2	32	0.48
0.44	2	32	0.48
0.272727272727273	2	32	0.48
0.230769230769231	2	32	0.48
0.193548387096774	2	32	0.48
0.214285714285714	2	32	0.48
0.538461538461538	2	32	0.48
0.521739130434783	2	32	0.48
0.205882352941176	2	32	0.48
0.241379310344828	2	32	0.48
0.409090909090909	2	32	0.48
0.333333333333333	2	32	0.48
0.179487179487179	2	32	0.48
0.25	2	32	0.48
0.205882352941176	2	32	0.48
0.266666666666667	2	32	0.48
0.194444444444444	2	32	0.48
0.185185185185185	2	32	0.48
0.233333333333333	2	32	0.48
0.346153846153846	2	32	0.48
0.388888888888889	2	32	0.48
0.354838709677419	2	32	0.48
0.186046511627907	2	32	0.48
0.172413793103448	2	32	0.48
0.333333333333333	2	32	0.48
0.219512195121951	2	32	0.48
0.170731707317073	2	32	0.48
0.230769230769231	2	32	0.48
0.285714285714286	2	32	0.48
0.6	2	32	0.48
0.225806451612903	2	32	0.48
0.2	2	32	0.48
0.222222222222222	2	32	0.48
0.244444444444444	2	32	0.48
0.268292682926829	2	32	0.48
0.137931034482759	2	32	0.48
0.323529411764706	2	32	0.48
0.222222222222222	2	32	0.48
0.125	2	32	0.48
0.243243243243243	2	32	0.48
0.214285714285714	2	32	0.48
0.228571428571429	2	32	0.48
0.178571428571429	2	32	0.48
0.192307692307692	2	32	0.48
0.272727272727273	2	32	0.48
0.34375	2	32	0.48
0.214285714285714	2	32	0.48
0.315789473684211	2	32	0.48
0.28	2	32	0.48
0.222222222222222	2	32	0.48
0.333333333333333	2	32	0.48
0.166666666666667	2	32	0.48
0.34375	2	32	0.48
0.228571428571429	2	32	0.48
0.297297297297297	2	32	0.48
0.333333333333333	2	32	0.48
0.481481481481481	2	32	0.48
0.255813953488372	2	32	0.48
0.333333333333333	2	32	0.48
0.166666666666667	2	32	0.48
0.204545454545455	2	32	0.48
0.259259259259259	2	32	0.48
0.15	2	32	0.48
0.302325581395349	2	32	0.48
0.15625	2	32	0.48
0.206896551724138	2	32	0.48
0.257142857142857	2	32	0.48
0.333333333333333	2	32	0.48
0.235294117647059	2	32	0.48
0.384615384615385	2	32	0.48
0.136363636363636	2	32	0.48
0.178571428571429	2	32	0.48
0.296296296296296	2	32	0.48
0.266666666666667	2	32	0.48
0.275862068965517	2	32	0.48
0.175	2	32	0.48
0.153846153846154	2	32	0.48
0.227272727272727	2	32	0.48
0.206896551724138	2	32	0.48
0.222222222222222	2	32	0.48
0.5	2	32	0.48
0.225806451612903	2	32	0.48
0.189189189189189	2	32	0.48
0.428571428571429	2	32	0.48
0.482758620689655	2	32	0.48
0.1875	2	32	0.48
0.210526315789474	2	32	0.48
0.162162162162162	2	32	0.48
0.254901960784314	2	32	0.48
0.194444444444444	2	32	0.48
0.176470588235294	2	32	0.48
0.375	2	32	0.48
0.285714285714286	2	32	0.48
0.181818181818182	2	32	0.48
0.121212121212121	2	32	0.48
0.146341463414634	2	32	0.48
0.269230769230769	2	32	0.48
0.25	2	32	0.48
0.304347826086957	2	32	0.48
0.307692307692308	2	32	0.48
0.15	2	32	0.48
0.294117647058824	2	32	0.48
0.434782608695652	2	32	0.48
0.244444444444444	2	32	0.48
0.333333333333333	2	32	0.48
0.171428571428571	2	32	0.48
0.26	2	32	0.48
0.121212121212121	2	32	0.48
0.206896551724138	2	32	0.48
0.238095238095238	2	32	0.48
0.459459459459459	2	32	0.48
0.384615384615385	2	32	0.48
0.333333333333333	2	32	0.48
0.241379310344828	2	32	0.48
0.413793103448276	2	32	0.48
0.222222222222222	2	32	0.48
0.228571428571429	2	32	0.48
0.233333333333333	2	32	0.48
0.131578947368421	2	32	0.48
0.184210526315789	2	32	0.48
0.307692307692308	2	32	0.48
0.333333333333333	2	32	0.48
0.289473684210526	2	32	0.48
0.204081632653061	2	32	0.48
0.25	2	32	0.48
0.214285714285714	2	32	0.48
0.352941176470588	2	32	0.48
0.428571428571429	2	32	0.48
0.41025641025641	2	32	0.48
0.184210526315789	2	32	0.48
0.2	2	32	0.48
0.225806451612903	2	32	0.48
0.152173913043478	2	32	0.48
0.242424242424242	2	32	0.48
0.258064516129032	2	32	0.48
0.388888888888889	2	32	0.48
0.394736842105263	2	32	0.48
0.189189189189189	2	32	0.48
0.21875	2	32	0.48
0.2	2	32	0.48
0.217391304347826	2	32	0.48
0.258064516129032	2	32	0.48
0.310344827586207	2	32	0.48
0.257142857142857	2	32	0.48
0.2	2	32	0.48
0.296296296296296	2	32	0.48
0.44	2	32	0.48
0.225	2	32	0.48
0.222222222222222	2	32	0.48
0.138888888888889	2	32	0.48
0.268292682926829	2	32	0.48
0.159090909090909	2	32	0.48
0.2	2	32	0.48
0.171428571428571	2	32	0.48
0.212121212121212	2	32	0.48
0.290322580645161	2	32	0.48
0.205882352941176	2	32	0.48
0.444444444444444	2	32	0.48
0.32258064516129	2	32	0.48
0.2	2	32	0.48
0.171428571428571	2	32	0.48
0.166666666666667	2	32	0.48
0.195652173913043	2	32	0.48
0.324324324324324	2	32	0.48
0.166666666666667	2	32	0.48
0.222222222222222	2	32	0.48
0.441860465116279	2	32	0.48
0.195121951219512	2	32	0.48
0.243243243243243	2	32	0.48
0.233333333333333	2	32	0.48
0.205128205128205	2	32	0.48
0.326530612244898	2	32	0.48
0.357142857142857	2	32	0.48
0.324324324324324	2	32	0.48
0.2	2	32	0.48
0.148148148148148	2	32	0.48
0.206896551724138	2	32	0.48
0.285714285714286	2	32	0.48
0.346153846153846	2	32	0.48
0.236842105263158	2	32	0.48
0.275	2	32	0.48
0.5	2	32	0.48
0.289473684210526	2	32	0.48
0.117647058823529	2	32	0.48
0.142857142857143	2	32	0.48
0.2	2	32	0.48
0.45	2	32	0.48
0.153846153846154	2	32	0.48
0.333333333333333	2	32	0.48
0.2	2	32	0.48
0.153846153846154	2	32	0.48
0.238095238095238	2	32	0.48
0.2	2	32	0.48
0.5	2	32	0.48
0.24	2	32	0.48
0.28	2	32	0.48
0.366666666666667	2	32	0.48
0.310344827586207	2	32	0.48
0.272727272727273	2	32	0.48
0.105263157894737	2	32	0.48
0.272727272727273	2	32	0.48
0.409090909090909	2	32	0.48
0.171428571428571	2	32	0.48
0.25	2	32	0.48
0.186046511627907	2	32	0.48
0.162162162162162	2	32	0.48
0.487179487179487	2	32	0.48
0.153846153846154	2	32	0.48
0.528301886792453	2	32	0.48
0.178571428571429	2	32	0.48
0.176470588235294	2	32	0.48
0.25	2	32	0.48
0.315789473684211	2	32	0.48
0.34375	2	32	0.48
0.296296296296296	2	32	0.48
0.28	2	32	0.48
0.292682926829268	2	32	0.48
0.181818181818182	2	32	0.48
0.3125	2	32	0.48
0.205882352941176	2	32	0.48
0.13953488372093	2	32	0.48
0.315789473684211	2	32	0.48
0.2	2	32	0.48
0.133333333333333	2	32	0.48
0.242424242424242	2	32	0.48
0.151515151515152	2	32	0.48
0.305555555555556	2	32	0.48
0.36	2	32	0.48
0.461538461538462	2	32	0.48
0.366666666666667	2	32	0.48
0.159090909090909	2	32	0.48
0.352941176470588	2	32	0.48
0.206896551724138	2	32	0.48
0.170731707317073	2	32	0.48
0.227272727272727	2	32	0.48
0.25	2	32	0.48
0.184210526315789	2	32	0.48
0.270833333333333	2	32	0.48
0.171428571428571	2	32	0.48
0.275	2	32	0.48
0.225806451612903	2	32	0.48
0.107142857142857	2	32	0.48
0.25	2	32	0.48
0.21875	2	32	0.48
0.225806451612903	2	32	0.48
0.108108108108108	2	32	0.48
0.363636363636364	2	32	0.48
0.28125	2	32	0.48
0.264705882352941	2	32	0.48
0.128205128205128	2	32	0.48
0.2	2	32	0.48
0.324324324324324	2	32	0.48
0.305555555555556	2	32	0.48
0.142857142857143	2	32	0.48
0.142857142857143	2	32	0.48
0.41025641025641	2	32	0.48
0.15	2	32	0.48
0.518518518518518	2	32	0.48
0.230769230769231	2	32	0.48
0.2	2	32	0.48
0.175	2	32	0.48
0.228571428571429	2	32	0.48
0.21875	2	32	0.48
0.166666666666667	2	32	0.48
0.28125	2	32	0.48
0.291666666666667	2	32	0.48
0.181818181818182	2	32	0.48
0.333333333333333	2	32	0.48
0.171428571428571	2	32	0.48
0.11864406779661	2	32	0.48
0.189189189189189	2	32	0.48
0.210526315789474	2	32	0.48
0.296296296296296	2	32	0.48
0.275	2	32	0.48
0.363636363636364	2	32	0.48
0.416666666666667	2	32	0.48
0.241379310344828	2	32	0.48
0.192307692307692	2	32	0.48
0.303030303030303	2	32	0.48
0.470588235294118	2	32	0.48
0.25	2	32	0.48
0.15625	2	32	0.48
0.296296296296296	2	32	0.48
0.4	2	32	0.48
0.107142857142857	2	32	0.48
0.212121212121212	2	32	0.48
0.365853658536585	2	32	0.48
0.133333333333333	2	32	0.48
0.272727272727273	2	32	0.48
0.222222222222222	2	32	0.48
0.256410256410256	2	32	0.48
0.171428571428571	2	32	0.48
0.26530612244898	2	32	0.48
0.266666666666667	2	32	0.48
0.210526315789474	2	32	0.48
0.235294117647059	2	32	0.48
0.181818181818182	2	32	0.48
0.318181818181818	2	32	0.48
0.228571428571429	2	32	0.48
0.214285714285714	2	32	0.48
0.125	2	32	0.48
0.1	2	32	0.48
0.297297297297297	2	32	0.48
0.171428571428571	2	32	0.48
0.25	2	32	0.48
0.260869565217391	2	32	0.48
0.303030303030303	2	32	0.48
0.181818181818182	2	32	0.48
0.241379310344828	2	32	0.48
0.25	2	32	0.48
0.3125	2	32	0.48
0.136363636363636	2	32	0.48
0.344827586206897	2	32	0.48
0.285714285714286	2	32	0.48
0.482758620689655	2	32	0.48
0.351351351351351	2	32	0.48
0.258064516129032	2	32	0.48
0.15	2	32	0.48
0.259259259259259	2	32	0.48
0.259259259259259	2	32	0.48
0.53125	2	32	0.48
0.195121951219512	2	32	0.48
0.222222222222222	2	32	0.48
0.366666666666667	2	32	0.48
0.205128205128205	2	32	0.48
0.264705882352941	2	32	0.48
0.219512195121951	2	32	0.48
0.290322580645161	2	32	0.48
0.222222222222222	2	32	0.48
0.294117647058824	2	32	0.48
0.157894736842105	2	32	0.48
0.32258064516129	2	32	0.48
0.305555555555556	2	32	0.48
0.171428571428571	2	32	0.48
0.342105263157895	2	32	0.48
0.269230769230769	2	32	0.48
0.225806451612903	2	32	0.48
0.285714285714286	2	32	0.48
0.28	2	32	0.48
0.222222222222222	2	32	0.48
0.214285714285714	2	32	0.48
0.425	2	32	0.48
0.268292682926829	2	32	0.48
0.311111111111111	2	32	0.48
0.21875	2	32	0.48
0.225806451612903	2	32	0.48
0.147058823529412	2	32	0.48
0.305555555555556	2	32	0.48
0.264705882352941	2	32	0.48
0.2	2	32	0.48
0.28	2	32	0.48
0.179487179487179	2	32	0.48
0.125	2	32	0.48
0.206896551724138	2	32	0.48
0.25	2	32	0.48
0.3	2	32	0.48
0.263157894736842	2	32	0.48
0.214285714285714	2	32	0.48
0.269230769230769	2	32	0.48
0.275862068965517	2	32	0.48
0.236842105263158	2	32	0.48
0.205882352941176	2	32	0.48
0.233333333333333	2	32	0.48
0.318181818181818	2	32	0.48
0.2	2	32	0.48
0.234042553191489	2	32	0.48
0.19047619047619	2	32	0.48
0.181818181818182	2	32	0.48
0.392857142857143	2	32	0.48
0.257142857142857	2	32	0.48
0.3	2	32	0.48
0.285714285714286	2	32	0.48
0.515151515151515	2	32	0.48
0.138888888888889	2	32	0.48
0.225	2	32	0.48
0.444444444444444	2	32	0.48
0.181818181818182	2	32	0.48
0.3	2	32	0.48
0.234042553191489	2	32	0.48
0.382352941176471	2	32	0.48
0.142857142857143	2	32	0.48
0.2	2	32	0.48
0.181818181818182	2	32	0.48
0.258064516129032	2	32	0.48
0.205882352941176	2	32	0.48
0.5625	2	32	0.48
0.27906976744186	2	32	0.48
0.214285714285714	2	32	0.48
0.171428571428571	2	32	0.48
0.205128205128205	2	32	0.48
0.235294117647059	2	32	0.48
0.318181818181818	2	32	0.48
0.323529411764706	2	32	0.48
0.170731707317073	2	32	0.48
0.189189189189189	2	32	0.48
0.206896551724138	2	32	0.48
0.382352941176471	2	32	0.48
0.405405405405405	2	32	0.48
0.303030303030303	2	32	0.48
0.6	2	32	0.48
0.230769230769231	2	32	0.48
0.135135135135135	2	32	0.48
0.28125	2	32	0.48
0.416666666666667	2	32	0.48
0.121212121212121	2	32	0.48
0.224489795918367	2	32	0.48
0.454545454545455	2	32	0.48
0.227272727272727	2	32	0.48
0.297297297297297	2	32	0.48
0.210526315789474	2	32	0.48
0.25	2	32	0.48
0.285714285714286	2	32	0.48
0.25	2	32	0.48
0.282051282051282	2	32	0.48
0.351351351351351	2	32	0.48
0.366666666666667	2	32	0.48
0.214285714285714	2	32	0.48
0.194444444444444	2	32	0.48
0.516129032258065	2	32	0.48
0.185185185185185	2	32	0.48
0.257142857142857	2	32	0.48
0.256410256410256	2	32	0.48
0.181818181818182	2	32	0.48
0.282051282051282	2	32	0.48
0.275862068965517	2	32	0.48
0.3125	2	32	0.48
0.30952380952381	2	32	0.48
0.189189189189189	2	32	0.48
0.227272727272727	2	32	0.48
0.333333333333333	2	32	0.48
0.161290322580645	2	32	0.48
0.166666666666667	2	32	0.48
0.521739130434783	2	32	0.48
0.2	2	32	0.48
0.540540540540541	2	32	0.48
0.277777777777778	2	32	0.48
0.333333333333333	2	32	0.48
0.19047619047619	2	32	0.48
0.25	2	32	0.48
0.294117647058824	2	32	0.48
0.225	2	32	0.48
0.242424242424242	2	32	0.48
0.181818181818182	2	32	0.48
0.146341463414634	2	32	0.48
0.275862068965517	2	32	0.48
0.473684210526316	2	32	0.48
0.2	2	32	0.48
0.388888888888889	2	32	0.48
0.285714285714286	2	32	0.48
0.571428571428571	2	32	0.48
0.269230769230769	2	32	0.48
0.225806451612903	2	32	0.48
0.24	2	32	0.48
0.323529411764706	2	32	0.48
0.282051282051282	2	32	0.48
0.612903225806452	2	32	0.48
0.538461538461538	2	32	0.48
0.206896551724138	2	32	0.48
0.256410256410256	2	32	0.48
0.40625	2	32	0.48
0.32258064516129	2	32	0.48
0.261904761904762	2	32	0.48
0.310344827586207	2	32	0.48
0.138888888888889	2	32	0.48
0.357142857142857	2	32	0.48
0.34375	2	32	0.48
0.157894736842105	2	32	0.48
0.108108108108108	2	32	0.48
0.138888888888889	2	32	0.48
0.1875	2	32	0.48
0.32258064516129	2	32	0.48
0.433333333333333	2	32	0.48
0.324324324324324	2	32	0.48
0.285714285714286	2	32	0.48
0.282051282051282	2	32	0.48
0.304347826086957	2	32	0.48
0.387096774193548	2	32	0.48
0.222222222222222	2	32	0.48
0.24390243902439	2	32	0.48
0.289473684210526	2	32	0.48
0.209302325581395	2	32	0.48
0.2	2	32	0.48
0.272727272727273	2	32	0.48
0.241379310344828	2	32	0.48
0.261904761904762	2	32	0.48
0.261904761904762	2	32	0.48
0.261904761904762	2	32	0.48
0.275	2	32	0.48
0.257142857142857	2	32	0.48
0.243243243243243	2	32	0.48
0.15625	2	32	0.48
0.333333333333333	2	32	0.48
0.177777777777778	2	32	0.48
0.256410256410256	2	32	0.48
0.333333333333333	2	32	0.48
0.282051282051282	2	32	0.48
0.5	2	32	0.48
0.205882352941176	2	32	0.48
0.225806451612903	2	32	0.48
0.581395348837209	2	32	0.48
0.24	2	32	0.48
0.4	2	32	0.48
0.282051282051282	2	32	0.48
0.205882352941176	2	32	0.48
0.303030303030303	2	32	0.48
0.305555555555556	2	32	0.48
0.25	2	32	0.48
0.361111111111111	2	32	0.48
0.411764705882353	2	32	0.48
0.545454545454545	2	32	0.48
0.321428571428571	2	32	0.48
0.153846153846154	2	32	0.48
0.2	2	32	0.48
0.266666666666667	2	32	0.48
0.171428571428571	2	32	0.48
0.157894736842105	2	32	0.48
0.46875	2	32	0.48
0.419354838709677	2	32	0.48
0.117647058823529	2	32	0.48
0.170731707317073	2	32	0.48
0.296296296296296	2	32	0.48
0.3125	2	32	0.48
0.259259259259259	2	32	0.48
0.1875	2	32	0.48
0.272727272727273	2	32	0.48
0.344827586206897	2	32	0.48
0.333333333333333	2	32	0.48
0.236842105263158	2	32	0.48
0.155555555555556	2	32	0.48
0.162162162162162	2	32	0.48
0.162162162162162	2	32	0.48
0.222222222222222	2	32	0.48
0.333333333333333	2	32	0.48
0.32	2	32	0.48
0.230769230769231	2	32	0.48
0.131578947368421	2	32	0.48
0.3125	2	32	0.48
0.111111111111111	2	32	0.48
0.272727272727273	2	32	0.48
0.28	2	32	0.48
0.2	2	32	0.48
0.205882352941176	2	32	0.48
0.421052631578947	2	32	0.48
0.264705882352941	2	32	0.48
0.535714285714286	2	32	0.48
0.259259259259259	2	32	0.48
0.153846153846154	2	32	0.48
0.175	2	32	0.48
0.175	2	32	0.48
0.288888888888889	2	32	0.48
0.472222222222222	2	32	0.48
0.235294117647059	2	32	0.48
0.147058823529412	2	32	0.48
0.115384615384615	2	32	0.48
0.171428571428571	2	32	0.48
0.238095238095238	2	32	0.48
0.225806451612903	2	32	0.48
0.214285714285714	2	32	0.48
0.333333333333333	2	32	0.48
0.25	2	32	0.48
0.18	2	32	0.48
0.258064516129032	2	32	0.48
0.258064516129032	2	32	0.48
0.3	2	32	0.48
0.379310344827586	2	32	0.48
0.21875	2	32	0.48
0.324324324324324	2	32	0.48
0.25	2	32	0.48
0.258064516129032	2	32	0.48
0.171428571428571	2	32	0.48
0.157894736842105	2	32	0.48
0.548387096774194	2	32	0.48
0.545454545454545	2	32	0.48
0.230769230769231	2	32	0.48
0.444444444444444	2	32	0.48
0.260869565217391	2	32	0.48
0.148148148148148	2	32	0.48
0.266666666666667	2	32	0.48
0.210526315789474	2	32	0.48
0.175	2	32	0.48
0.4	2	32	0.48
0.25	2	32	0.48
0.235294117647059	2	32	0.48
0.366666666666667	2	32	0.48
0.333333333333333	2	32	0.48
0.21875	2	32	0.48
0.151515151515152	2	32	0.48
0.176470588235294	2	32	0.48
0.324324324324324	2	32	0.48
0.192307692307692	2	32	0.48
0.166666666666667	2	32	0.48
0.166666666666667	2	32	0.48
0.32	2	32	0.48
0.290322580645161	2	32	0.48
0.28125	2	32	0.48
0.142857142857143	2	32	0.48
0.157894736842105	2	32	0.48
0.451612903225806	2	32	0.48
0.384615384615385	2	32	0.48
0.272727272727273	2	32	0.48
0.285714285714286	2	32	0.48
0.235294117647059	2	32	0.48
0.297297297297297	2	32	0.48
0.233333333333333	2	32	0.48
0.162162162162162	2	32	0.48
0.230769230769231	2	32	0.48
0.125	2	32	0.48
0.125	2	32	0.48
0.233333333333333	2	32	0.48
0.232558139534884	2	32	0.48
0.642857142857143	2	32	0.48
0.25	2	32	0.48
0.487179487179487	2	32	0.48
0.513513513513513	2	32	0.48
0.222222222222222	2	32	0.48
0.258064516129032	2	32	0.48
0.285714285714286	2	32	0.48
0.25	2	32	0.48
0.228571428571429	2	32	0.48
0.1875	2	32	0.48
0.166666666666667	2	32	0.48
0.142857142857143	2	32	0.48
0.24	2	32	0.48
0.321428571428571	2	32	0.48
0.2	2	32	0.48
0.21875	2	32	0.48
0.230769230769231	2	32	0.48
0.282608695652174	2	32	0.48
0.210526315789474	2	32	0.48
0.103448275862069	2	32	0.48
0.458333333333333	2	32	0.48
0.205882352941176	2	32	0.48
0.210526315789474	2	32	0.48
0.222222222222222	2	32	0.48
0.151515151515152	2	32	0.48
0.193548387096774	2	32	0.48
0.238095238095238	2	32	0.48
0.166666666666667	2	32	0.48
0.153846153846154	2	32	0.48
0.184210526315789	2	32	0.48
0.275862068965517	2	32	0.48
0.266666666666667	2	32	0.48
0.235294117647059	2	32	0.48
0.277777777777778	2	32	0.48
0.225806451612903	2	32	0.48
0.24390243902439	2	32	0.48
0.275862068965517	2	32	0.48
0.285714285714286	2	32	0.48
0.212121212121212	2	32	0.48
0.133333333333333	2	32	0.48
0.25	2	32	0.48
0.476190476190476	2	32	0.48
0.264705882352941	2	32	0.48
0.531914893617021	2	32	0.48
0.214285714285714	2	32	0.48
0.387096774193548	2	32	0.48
0.5	2	32	0.48
0.133333333333333	2	32	0.48
0.219512195121951	2	32	0.48
0.193548387096774	2	32	0.48
0.125	2	32	0.48
0.461538461538462	2	32	0.48
0.285714285714286	2	32	0.48
0.175	2	32	0.48
0.269230769230769	2	32	0.48
0.363636363636364	2	32	0.48
0.352941176470588	2	32	0.48
0.145833333333333	2	32	0.48
0.255813953488372	2	32	0.48
0.15	2	32	0.48
0.1875	2	32	0.48
0.275	2	32	0.48
0.212121212121212	2	32	0.48
0.181818181818182	2	32	0.48
0.243243243243243	2	32	0.48
0.263157894736842	2	32	0.48
0.272727272727273	2	32	0.48
0.142857142857143	2	32	0.48
0.142857142857143	2	32	0.48
0.162162162162162	2	32	0.48
0.324324324324324	2	32	0.48
0.125	2	32	0.48
0.230769230769231	2	32	0.48
0.233333333333333	2	32	0.48
0.103448275862069	2	32	0.48
0.275862068965517	2	32	0.48
0.294117647058824	2	32	0.48
0.241379310344828	2	32	0.48
0.147058823529412	2	32	0.48
0.285714285714286	2	32	0.48
0.179487179487179	2	32	0.48
0.176470588235294	2	32	0.48
0.151515151515152	2	32	0.48
0.32258064516129	2	32	0.48
0.176470588235294	2	32	0.48
0.166666666666667	2	32	0.48
0.222222222222222	2	32	0.48
0.257142857142857	2	32	0.48
0.228571428571429	2	32	0.48
0.25	2	32	0.48
0.576923076923077	2	32	0.48
0.318181818181818	2	32	0.48
0.621621621621622	2	32	0.48
0.171428571428571	2	32	0.48
0.171428571428571	2	32	0.48
0.232558139534884	2	32	0.48
0.212121212121212	2	32	0.48
0.216216216216216	2	32	0.48
0.225806451612903	2	32	0.48
0.555555555555556	2	32	0.48
0.179487179487179	2	32	0.48
0.235294117647059	2	32	0.48
0.172413793103448	2	32	0.48
0.2	2	32	0.48
0.206896551724138	2	32	0.48
0.222222222222222	2	32	0.48
0.233333333333333	2	32	0.48
0.310344827586207	2	32	0.48
0.2	2	32	0.48
0.333333333333333	2	32	0.48
0.321428571428571	2	32	0.48
0.15625	2	32	0.48
0.19047619047619	2	32	0.48
0.195121951219512	2	32	0.48
0.256410256410256	2	32	0.48
0.166666666666667	2	32	0.48
0.137931034482759	2	32	0.48
0.166666666666667	2	32	0.48
0.416666666666667	2	32	0.48
0.222222222222222	2	32	0.48
0.392857142857143	2	32	0.48
0.303030303030303	2	32	0.48
0.205882352941176	2	32	0.48
0.263157894736842	2	32	0.48
0.351351351351351	2	32	0.48
0.130434782608696	2	32	0.48
0.375	2	32	0.48
0.256410256410256	2	32	0.48
0.173913043478261	2	32	0.48
0.205882352941176	2	32	0.48
0.137931034482759	2	32	0.48
0.25	2	32	0.48
0.138888888888889	2	32	0.48
0.282051282051282	2	32	0.48
0.241379310344828	2	32	0.48
0.232142857142857	2	32	0.48
0.1875	2	32	0.48
0.2	2	32	0.48
0.275862068965517	2	32	0.48
0.212121212121212	2	32	0.48
0.2	2	32	0.48
0.210526315789474	2	32	0.48
0.282051282051282	2	32	0.48
0.310344827586207	2	32	0.48
0.222222222222222	2	32	0.48
0.184210526315789	2	32	0.48
0.40625	2	32	0.48
0.254901960784314	2	32	0.48
0.45	2	32	0.48
0.285714285714286	2	32	0.48
0.171428571428571	2	32	0.48
0.25	2	32	0.48
0.25	2	32	0.48
0.28125	2	32	0.48
0.257142857142857	2	32	0.48
0.333333333333333	2	32	0.48
0.315789473684211	2	32	0.48
0.444444444444444	2	32	0.48
0.137931034482759	2	32	0.48
0.411764705882353	2	32	0.48
0.307692307692308	2	32	0.48
0.216216216216216	2	32	0.48
0.260869565217391	2	32	0.48
0.161290322580645	2	32	0.48
0.372093023255814	2	32	0.48
0.25	2	32	0.48
0.361111111111111	2	32	0.48
0.257142857142857	2	32	0.48
0.25	2	32	0.48
0.428571428571429	2	32	0.48
0.171428571428571	2	32	0.48
0.307692307692308	2	32	0.48
0.277777777777778	2	32	0.48
0.241379310344828	2	32	0.48
0.303030303030303	2	32	0.48
0.147058823529412	2	32	0.48
0.170212765957447	2	32	0.48
0.4375	2	32	0.48
0.333333333333333	2	32	0.48
0.212121212121212	2	32	0.48
0.464285714285714	2	32	0.48
0.391304347826087	2	32	0.48
0.161290322580645	2	32	0.48
0.28125	2	32	0.48
0.846153846153846	2	32	0.48
0.25	2	32	0.48
0.275862068965517	2	32	0.48
0.114285714285714	2	32	0.48
0.263157894736842	2	32	0.48
0.294117647058824	2	32	0.48
0.216216216216216	2	32	0.48
0.368421052631579	2	32	0.48
0.222222222222222	2	32	0.48
0.2	2	32	0.48
0.28	2	32	0.48
0.517241379310345	2	32	0.48
0.266666666666667	2	32	0.48
0.32258064516129	2	32	0.48
0.263157894736842	2	32	0.48
0.307692307692308	2	32	0.48
0.222222222222222	2	32	0.48
0.162162162162162	2	32	0.48
0.166666666666667	2	32	0.48
0.185185185185185	2	32	0.48
0.25	2	32	0.48
0.454545454545455	2	32	0.48
0.285714285714286	2	32	0.48
0.354838709677419	2	32	0.48
0.2	2	32	0.48
0.181818181818182	2	32	0.48
0.464285714285714	2	32	0.48
0.590909090909091	2	32	0.48
0.222222222222222	2	32	0.48
0.4	2	32	0.48
0.25	2	32	0.48
0.32258064516129	2	32	0.48
0.466666666666667	2	32	0.48
0.181818181818182	2	32	0.48
0.106382978723404	2	32	0.48
0.315789473684211	2	32	0.48
0.35	2	32	0.48
0.1875	2	32	0.48
0.277777777777778	2	32	0.48
0.235294117647059	2	32	0.48
0.121212121212121	2	32	0.48
0.222222222222222	2	32	0.48
0.551724137931034	2	32	0.48
0.272727272727273	2	32	0.48
0.32	2	32	0.48
0.285714285714286	2	32	0.48
0.217391304347826	2	32	0.48
0.243243243243243	2	32	0.48
0.16	2	32	0.48
0.28	2	32	0.48
0.181818181818182	2	32	0.48
0.411764705882353	2	32	0.48
0.28125	2	32	0.48
0.4	2	32	0.48
0.2	2	32	0.48
0.285714285714286	2	32	0.48
0.290322580645161	2	32	0.48
0.225806451612903	2	32	0.48
0.206896551724138	2	32	0.48
0.269230769230769	2	32	0.48
0.222222222222222	2	32	0.48
0.243243243243243	2	32	0.48
0.366666666666667	2	32	0.48
0.282051282051282	2	32	0.48
0.113636363636364	2	32	0.48
0.473684210526316	2	32	0.48
0.411764705882353	2	32	0.48
0.285714285714286	2	32	0.48
0.115384615384615	2	32	0.48
0.315789473684211	2	32	0.48
0.173913043478261	2	32	0.48
0.181818181818182	2	32	0.48
0.318181818181818	2	32	0.48
0.342857142857143	2	32	0.48
0.48	2	32	0.48
0.4	2	32	0.48
0.407407407407407	2	32	0.48
0.194444444444444	2	32	0.48
0.12	2	32	0.48
0.318181818181818	2	32	0.48
0.166666666666667	2	32	0.48
0.387096774193548	2	32	0.48
0.3	2	32	0.48
0.193548387096774	2	32	0.48
0.21875	2	32	0.48
0.310344827586207	2	32	0.48
0.405405405405405	2	32	0.48
0.257142857142857	2	32	0.48
0.170731707317073	2	32	0.48
0.354838709677419	2	32	0.48
0.333333333333333	2	32	0.48
0.147058823529412	2	32	0.48
0.466666666666667	2	32	0.48
0.277777777777778	2	32	0.48
0.243243243243243	2	32	0.48
0.195121951219512	2	32	0.48
0.388888888888889	2	32	0.48
0.285714285714286	2	32	0.48
0.24390243902439	2	32	0.48
0.217391304347826	2	32	0.48
0.181818181818182	2	32	0.48
0.15	2	32	0.48
0.277777777777778	2	32	0.48
0.375	2	32	0.48
0.28	2	32	0.48
0.266666666666667	2	32	0.48
0.205882352941176	2	32	0.48
0.40625	2	32	0.48
0.121212121212121	2	32	0.48
0.1875	2	32	0.48
0.114285714285714	2	32	0.48
0.290322580645161	2	32	0.48
0.212121212121212	2	32	0.48
0.409090909090909	2	32	0.48
0.326086956521739	2	32	0.48
0.222222222222222	2	32	0.48
0.321428571428571	2	32	0.48
0.181818181818182	2	32	0.48
0.275862068965517	2	32	0.48
0.166666666666667	2	32	0.48
0.272727272727273	2	32	0.48
0.296296296296296	2	32	0.48
0.25	2	32	0.48
0.216216216216216	2	32	0.48
0.448275862068966	2	32	0.48
0.1875	2	32	0.48
0.730769230769231	2	32	0.48
0.25	2	32	0.48
0.212121212121212	2	32	0.48
0.103448275862069	2	32	0.48
0.263157894736842	2	32	0.48
0.485714285714286	2	32	0.48
0.21875	2	32	0.48
0.210526315789474	2	32	0.48
0.259259259259259	2	32	0.48
0.473684210526316	2	32	0.48
0.257142857142857	2	32	0.48
0.171428571428571	2	32	0.48
0.387096774193548	2	32	0.48
0.217391304347826	2	32	0.48
0.479166666666667	2	32	0.48
0.310344827586207	2	32	0.48
0.2	2	32	0.48
0.261904761904762	2	32	0.48
0.27027027027027	2	32	0.48
0.272727272727273	2	32	0.48
0.290322580645161	2	32	0.48
0.25	2	32	0.48
0.161290322580645	2	32	0.48
0.32	2	32	0.48
0.545454545454545	2	32	0.48
0.302325581395349	2	32	0.48
0.222222222222222	2	32	0.48
0.392857142857143	2	32	0.48
0.212121212121212	2	32	0.48
0.305555555555556	2	32	0.48
0.28	2	32	0.48
0.2	2	32	0.48
0.230769230769231	2	32	0.48
0.28125	2	32	0.48
0.333333333333333	2	32	0.48
0.296296296296296	2	32	0.48
0.352941176470588	2	32	0.48
0.19047619047619	2	32	0.48
0.24390243902439	2	32	0.48
0.193548387096774	2	32	0.48
0.302325581395349	2	32	0.48
0.195652173913043	2	32	0.48
0.21875	2	32	0.48
0.15	2	32	0.48
0.230769230769231	2	32	0.48
0.216216216216216	2	32	0.48
0.242424242424242	2	32	0.48
0.1875	2	32	0.48
0.466666666666667	2	32	0.48
0.189189189189189	2	32	0.48
0.236842105263158	2	32	0.48
0.194444444444444	2	32	0.48
0.333333333333333	2	32	0.48
0.178571428571429	2	32	0.48
0.28125	2	32	0.48
0.25	2	32	0.48
0.272727272727273	2	32	0.48
0.285714285714286	2	32	0.48
0.463414634146341	2	32	0.48
0.333333333333333	2	32	0.48
0.166666666666667	2	32	0.48
0.4	2	32	0.48
0.170731707317073	2	32	0.48
0.151515151515152	2	32	0.48
0.2	2	32	0.48
0.25	2	32	0.48
0.257142857142857	2	32	0.48
0.222222222222222	2	32	0.48
0.25	2	32	0.48
0.303030303030303	2	32	0.48
0.166666666666667	2	32	0.48
0.533333333333333	2	32	0.48
0.32	2	32	0.48
0.333333333333333	2	32	0.48
0.297297297297297	2	32	0.48
0.454545454545455	2	32	0.48
0.189189189189189	2	32	0.48
0.212121212121212	2	32	0.48
0.27027027027027	2	32	0.48
0.419354838709677	2	32	0.48
0.306122448979592	2	32	0.48
0.433333333333333	2	32	0.48
0.206896551724138	2	32	0.48
0.275	2	32	0.48
0.3	2	32	0.48
0.179487179487179	2	32	0.48
0.2	2	32	0.48
0.30188679245283	2	32	0.48
0.2	2	32	0.48
0.428571428571429	2	32	0.48
0.219512195121951	2	32	0.48
0.241379310344828	2	32	0.48
0.275	2	32	0.48
0.290322580645161	2	32	0.48
0.209302325581395	2	32	0.48
0.303030303030303	2	32	0.48
0.517241379310345	2	32	0.48
0.181818181818182	2	32	0.48
0.310344827586207	2	32	0.48
0.285714285714286	2	32	0.48
0.263157894736842	2	32	0.48
0.219512195121951	2	32	0.48
0.244444444444444	2	32	0.48
0.111111111111111	2	32	0.48
0.266666666666667	2	32	0.48
0.294117647058824	2	32	0.48
0.32	2	32	0.48
0.470588235294118	2	32	0.48
0.243243243243243	2	32	0.48
0.314285714285714	2	32	0.48
0.153846153846154	2	32	0.48
0.205128205128205	2	32	0.48
0.48	2	32	0.48
0.243243243243243	2	32	0.48
0.225806451612903	2	32	0.48
0.238095238095238	2	32	0.48
0.365853658536585	2	32	0.48
0.175	2	32	0.48
0.28125	2	32	0.48
0.3	2	32	0.48
0.111111111111111	2	32	0.48
0.205882352941176	2	32	0.48
0.125	2	32	0.48
0.1	2	32	0.48
0.189189189189189	2	32	0.48
0.181818181818182	2	32	0.48
0.304347826086957	2	32	0.48
0.276595744680851	2	32	0.48
0.214285714285714	2	32	0.48
0.36	2	32	0.48
0.277777777777778	2	32	0.48
0.205882352941176	2	32	0.48
0.242424242424242	2	32	0.48
0.103448275862069	2	32	0.48
0.21875	2	32	0.48
0.217391304347826	2	32	0.48
0.233333333333333	2	32	0.48
0.366666666666667	2	32	0.48
0.2	2	32	0.48
0.282051282051282	2	32	0.48
0.388888888888889	2	32	0.48
0.375	2	32	0.48
0.25	2	32	0.48
0.260869565217391	2	32	0.48
0.233333333333333	2	32	0.48
0.111111111111111	2	32	0.48
0.178571428571429	2	32	0.48
0.5	2	32	0.48
0.181818181818182	2	32	0.48
0.193548387096774	2	32	0.48
0.466666666666667	2	32	0.48
0.32	2	32	0.48
0.75	2	32	0.48
0.210526315789474	2	32	0.48
0.222222222222222	2	32	0.48
0.333333333333333	2	32	0.48
0.151515151515152	2	32	0.48
0.264705882352941	2	32	0.48
0.155555555555556	2	32	0.48
0.217391304347826	2	32	0.48
0.228571428571429	2	32	0.48
0.225	2	32	0.48
0.282051282051282	2	32	0.48
0.205882352941176	2	32	0.48
0.214285714285714	2	32	0.48
0.257142857142857	2	32	0.48
0.315789473684211	2	32	0.48
0.321428571428571	2	32	0.48
0.204545454545455	2	32	0.48
0.184210526315789	2	32	0.48
0.222222222222222	2	32	0.48
0.217391304347826	2	32	0.48
0.366666666666667	2	32	0.48
0.32258064516129	2	32	0.48
0.2	2	32	0.48
0.24	2	32	0.48
0.2	2	32	0.48
0.266666666666667	2	32	0.48
0.2	2	32	0.48
0.35	2	32	0.48
0.146341463414634	2	32	0.48
0.357142857142857	2	32	0.48
0.228571428571429	2	32	0.48
0.233333333333333	2	32	0.48
0.166666666666667	2	32	0.48
0.290322580645161	2	32	0.48
0.153846153846154	2	32	0.48
0.228571428571429	2	32	0.48
0.166666666666667	2	32	0.48
0.2	2	32	0.48
0.21875	2	32	0.48
0.192307692307692	2	32	0.48
0.222222222222222	2	32	0.48
0.181818181818182	2	32	0.48
0.222222222222222	2	32	0.48
0.256410256410256	2	32	0.48
0.24	2	32	0.48
0.48	2	32	0.48
0.25	2	32	0.48
0.230769230769231	2	32	0.48
0.147058823529412	2	32	0.48
0.333333333333333	2	32	0.48
0.363636363636364	2	32	0.48
0.28	2	32	0.48
0.162162162162162	2	32	0.48
0.25	2	32	0.48
0.216216216216216	2	32	0.48
0.245283018867925	2	32	0.48
0.294117647058824	2	32	0.48
0.189189189189189	2	32	0.48
0.136363636363636	2	32	0.48
0.19047619047619	2	32	0.48
0.25	2	32	0.48
0.464285714285714	2	32	0.48
0.3	2	32	0.48
0.2	2	32	0.48
0.272727272727273	2	32	0.48
0.230769230769231	2	32	0.48
0.217391304347826	2	32	0.48
0.16	2	32	0.48
0.216216216216216	2	32	0.48
0.186046511627907	2	32	0.48
0.307692307692308	2	32	0.48
0.3	2	32	0.48
0.411764705882353	2	32	0.48
0.205882352941176	2	32	0.48
0.65	2	32	0.48
0.238095238095238	2	32	0.48
0.19047619047619	2	32	0.48
0.264705882352941	2	32	0.48
0.258064516129032	2	32	0.48
0.294117647058824	2	32	0.48
0.368421052631579	2	32	0.48
0.228571428571429	2	32	0.48
0.230769230769231	2	32	0.48
0.225806451612903	2	32	0.48
0.222222222222222	2	32	0.48
0.303030303030303	2	32	0.48
0.2	2	32	0.48
0.310344827586207	2	32	0.48
0.28	2	32	0.48
0.21875	2	32	0.48
0.269230769230769	2	32	0.48
0.162790697674419	2	32	0.48
0.4375	2	32	0.48
0.275862068965517	2	32	0.48
0.314285714285714	2	32	0.48
0.3	2	32	0.48
0.285714285714286	2	32	0.48
0.206896551724138	2	32	0.48
0.243243243243243	2	32	0.48
0.242424242424242	2	32	0.48
0.1875	2	32	0.48
0.24	2	32	0.48
0.421052631578947	2	32	0.48
0.225806451612903	2	32	0.48
0.228571428571429	2	32	0.48
0.285714285714286	2	32	0.48
0.27027027027027	2	32	0.48
0.235294117647059	2	32	0.48
0.222222222222222	2	32	0.48
0.137931034482759	2	32	0.48
0.28125	2	32	0.48
0.142857142857143	2	32	0.48
0.534883720930233	2	32	0.48
0.27027027027027	2	32	0.48
0.26530612244898	2	32	0.48
0.361111111111111	2	32	0.48
0.303030303030303	2	32	0.48
0.28	2	32	0.48
0.189189189189189	2	32	0.48
0.394736842105263	2	32	0.48
0.296296296296296	2	32	0.48
0.277777777777778	2	32	0.48
0.4	2	32	0.48
0.151515151515152	2	32	0.48
0.103448275862069	2	32	0.48
0.15625	2	32	0.48
0.346153846153846	2	32	0.48
0.324324324324324	2	32	0.48
0.318181818181818	2	32	0.48
0.368421052631579	2	32	0.48
0.259259259259259	2	32	0.48
0.416666666666667	2	32	0.48
0.34375	2	32	0.48
0.1	2	32	0.48
0.348837209302326	2	32	0.48
0.25	2	32	0.48
0.205882352941176	2	32	0.48
0.285714285714286	2	32	0.48
0.212121212121212	2	32	0.48
0.157894736842105	2	32	0.48
0.351351351351351	2	32	0.48
0.217391304347826	2	32	0.48
0.264705882352941	2	32	0.48
0.2	2	32	0.48
0.268292682926829	2	32	0.48
0.216216216216216	2	32	0.48
0.454545454545455	2	32	0.48
0.173913043478261	2	32	0.48
0.486486486486487	2	32	0.48
0.333333333333333	2	32	0.48
0.375	2	32	0.48
0.354166666666667	2	32	0.48
0.185185185185185	2	32	0.48
0.290322580645161	2	32	0.48
0.324324324324324	2	32	0.48
0.125	2	32	0.48
0.32	2	32	0.48
0.162790697674419	2	32	0.48
0.175	2	32	0.48
0.217391304347826	2	32	0.48
0.1875	2	32	0.48
0.363636363636364	2	32	0.48
0.15	2	32	0.48
0.5	2	32	0.48
0.2	2	32	0.48
0.166666666666667	2	32	0.48
0.538461538461538	2	32	0.48
0.27027027027027	2	32	0.48
0.463414634146341	2	32	0.48
0.277777777777778	2	32	0.48
0.189189189189189	2	32	0.48
0.307692307692308	2	32	0.48
0.238095238095238	2	32	0.48
0.217391304347826	2	32	0.48
0.269230769230769	2	32	0.48
0.275862068965517	2	32	0.48
0.230769230769231	2	32	0.48
0.363636363636364	2	32	0.48
0.256410256410256	2	32	0.48
0.212121212121212	2	32	0.48
0.292682926829268	2	32	0.48
0.21875	2	32	0.48
0.315789473684211	2	32	0.48
0.307692307692308	2	32	0.48
0.291666666666667	2	32	0.48
0.56	2	32	0.48
0.242424242424242	2	32	0.48
0.473684210526316	2	32	0.48
0.13953488372093	2	32	0.48
0.216216216216216	2	32	0.48
0.184210526315789	2	32	0.48
0.2	2	32	0.48
0.28125	2	32	0.48
0.228571428571429	2	32	0.48
0.30952380952381	2	32	0.48
0.189189189189189	2	32	0.48
0.466666666666667	2	32	0.48
0.256410256410256	2	32	0.48
0.432432432432432	2	32	0.48
0.263157894736842	2	32	0.48
0.37037037037037	2	32	0.48
0.181818181818182	2	32	0.48
0.259259259259259	2	32	0.48
0.258064516129032	2	32	0.48
0.34375	2	32	0.48
0.44	2	32	0.48
0.214285714285714	2	32	0.48
0.2	2	32	0.48
0.193548387096774	2	32	0.48
0.205882352941176	2	32	0.48
0.148148148148148	2	32	0.48
0.24	2	32	0.48
0.151515151515152	2	32	0.48
0.272727272727273	2	32	0.48
0.230769230769231	2	32	0.48
0.3125	2	32	0.48
0.25	2	32	0.48
0.230769230769231	2	32	0.48
0.230769230769231	2	32	0.48
0.5	2	32	0.48
0.4	2	32	0.48
0.233333333333333	2	32	0.48
0.185185185185185	2	32	0.48
0.32258064516129	2	32	0.48
0.257142857142857	2	32	0.48
0.363636363636364	2	32	0.48
0.302325581395349	2	32	0.48
0.19047619047619	2	32	0.48
0.333333333333333	2	32	0.48
0.258064516129032	2	32	0.48
0.266666666666667	2	32	0.48
0.235294117647059	2	32	0.48
0.2	2	32	0.48
0.604651162790698	2	32	0.48
0.290322580645161	2	32	0.48
0.161290322580645	2	32	0.48
0.352941176470588	2	32	0.48
0.214285714285714	2	32	0.48
0.257142857142857	2	32	0.48
0.25	2	32	0.48
0.235294117647059	2	32	0.48
0.153846153846154	2	32	0.48
0.3125	2	32	0.48
0.333333333333333	2	32	0.48
0.121212121212121	2	32	0.48
0.238095238095238	2	32	0.48
0.09375	2	32	0.48
0.148148148148148	2	32	0.48
0.25	2	32	0.48
0.222222222222222	2	32	0.48
0.303030303030303	2	32	0.48
0.258064516129032	2	32	0.48
0.241379310344828	2	32	0.48
0.210526315789474	2	32	0.48
0.25	2	32	0.48
0.148148148148148	2	32	0.48
0.153846153846154	2	32	0.48
0.285714285714286	2	32	0.48
0.195121951219512	2	32	0.48
0.222222222222222	2	32	0.48
0.216216216216216	2	32	0.48
0.321428571428571	2	32	0.48
0.208333333333333	2	32	0.48
0.193548387096774	2	32	0.48
0.2	2	32	0.48
0.24	2	32	0.48
0.214285714285714	2	32	0.48
0.269230769230769	2	32	0.48
0.387096774193548	2	32	0.48
0.25	2	32	0.48
0.21875	2	32	0.48
0.205882352941176	2	32	0.48
0.428571428571429	2	32	0.48
0.172413793103448	2	32	0.48
0.4	2	32	0.48
0.194444444444444	2	32	0.48
0.409090909090909	2	32	0.48
0.24390243902439	2	32	0.48
0.214285714285714	2	32	0.48
0.260869565217391	2	32	0.48
0.535714285714286	2	32	0.48
0.275	2	32	0.48
0.425	2	32	0.48
0.44	2	32	0.48
0.138888888888889	2	32	0.48
0.222222222222222	2	32	0.48
0.307692307692308	2	32	0.48
0.325581395348837	2	32	0.48
0.342857142857143	2	32	0.48
0.162790697674419	2	32	0.48
0.230769230769231	2	32	0.48
0.291666666666667	2	32	0.48
0.21875	2	32	0.48
0.205882352941176	2	32	0.48
0.580645161290323	2	32	0.48
0.205882352941176	2	32	0.48
0.210526315789474	2	32	0.48
0.2	2	32	0.48
0.210526315789474	2	32	0.48
0.380952380952381	2	32	0.48
0.269230769230769	2	32	0.48
0.375	2	32	0.48
0.3	2	32	0.48
0.263157894736842	2	32	0.48
0.2	2	32	0.48
0.652173913043478	2	32	0.48
0.333333333333333	2	32	0.48
0.28125	2	32	0.48
0.305555555555556	2	32	0.48
0.157894736842105	2	32	0.48
0.391304347826087	2	32	0.48
0.342857142857143	2	32	0.48
0.326086956521739	2	32	0.48
0.238095238095238	2	32	0.48
0.206896551724138	2	32	0.48
0.189189189189189	2	32	0.48
0.259259259259259	2	32	0.48
0.108108108108108	2	32	0.48
0.28125	2	32	0.48
0.242424242424242	2	32	0.48
0.380952380952381	2	32	0.48
0.256410256410256	2	32	0.48
0.214285714285714	2	32	0.48
0.5	2	32	0.48
0.216216216216216	2	32	0.48
0.291666666666667	2	32	0.48
0.375	2	32	0.48
0.241379310344828	2	32	0.48
0.342105263157895	2	32	0.48
0.173913043478261	2	32	0.48
0.238095238095238	2	32	0.48
0.25	2	32	0.48
0.487179487179487	2	32	0.48
0.222222222222222	2	32	0.48
0.380952380952381	2	32	0.48
0.113636363636364	2	32	0.48
0.555555555555556	2	32	0.48
0.16	2	32	0.48
0.382352941176471	2	32	0.48
0.459459459459459	2	32	0.48
0.244444444444444	2	32	0.48
0.275862068965517	2	32	0.48
0.257142857142857	2	32	0.48
0.269230769230769	2	32	0.48
0.291666666666667	2	32	0.48
0.333333333333333	2	32	0.48
0.225806451612903	2	32	0.48
0.318181818181818	2	32	0.48
0.194444444444444	2	32	0.48
0.2	2	32	0.48
0.25	2	32	0.48
0.466666666666667	2	32	0.48
0.289473684210526	2	32	0.48
0.555555555555556	2	32	0.48
0.214285714285714	2	32	0.48
0.129032258064516	2	32	0.48
0.333333333333333	2	32	0.48
0.217391304347826	2	32	0.48
0.272727272727273	2	32	0.48
0.303030303030303	2	32	0.48
0.27027027027027	2	32	0.48
0.259259259259259	2	32	0.48
0.365853658536585	2	32	0.48
0.268292682926829	2	32	0.48
0.2	2	32	0.48
0.125	2	32	0.48
0.193548387096774	2	32	0.48
0.285714285714286	2	32	0.48
0.352941176470588	2	32	0.48
0.233333333333333	2	32	0.48
0.194444444444444	2	32	0.48
0.243243243243243	2	32	0.48
0.242424242424242	2	32	0.48
0.333333333333333	2	32	0.48
0.228571428571429	2	32	0.48
0.391304347826087	2	32	0.48
0.209302325581395	2	32	0.48
0.378378378378378	2	32	0.48
0.2	2	32	0.48
0.387096774193548	2	32	0.48
0.222222222222222	2	32	0.48
0.204545454545455	2	32	0.48
0.142857142857143	2	32	0.48
0.545454545454545	2	32	0.48
0.210526315789474	2	32	0.48
0.24	2	32	0.48
0.4375	2	32	0.48
0.285714285714286	2	32	0.48
0.192307692307692	2	32	0.48
0.25	2	32	0.48
0.434782608695652	2	32	0.48
0.192307692307692	2	32	0.48
0.318181818181818	2	32	0.48
0.210526315789474	2	32	0.48
0.230769230769231	2	32	0.48
0.170731707317073	2	32	0.48
0.179487179487179	2	32	0.48
0.133333333333333	2	32	0.48
0.333333333333333	2	32	0.48
0.285714285714286	2	32	0.48
0.25	2	32	0.48
0.407407407407407	2	32	0.48
0.296296296296296	2	32	0.48
0.413793103448276	2	32	0.48
0.318181818181818	2	32	0.48
0.277777777777778	2	32	0.48
0.333333333333333	2	32	0.48
0.206896551724138	2	32	0.48
0.3	2	32	0.48
0.566666666666667	2	32	0.48
0.161290322580645	2	32	0.48
0.428571428571429	2	32	0.48
0.138888888888889	2	32	0.48
0.24	2	32	0.48
0.333333333333333	2	32	0.48
0.25	2	32	0.48
0.342857142857143	2	32	0.48
0.272727272727273	2	32	0.48
0.333333333333333	2	32	0.48
0.205882352941176	2	32	0.48
0.565217391304348	2	32	0.48
0.230769230769231	2	32	0.48
0.407407407407407	2	32	0.48
0.241379310344828	2	32	0.48
0.136363636363636	2	32	0.48
0.307692307692308	2	32	0.48
0.4	2	32	0.48
0.25	2	32	0.48
0.205128205128205	2	32	0.48
0.333333333333333	2	32	0.48
0.307692307692308	2	32	0.48
0.225	2	32	0.48
0.203389830508475	2	32	0.48
0.333333333333333	2	32	0.48
0.3	2	32	0.48
0.292682926829268	2	32	0.48
0.258064516129032	2	32	0.48
0.161290322580645	2	32	0.48
0.205882352941176	2	32	0.48
0.555555555555556	2	32	0.48
0.236842105263158	2	32	0.48
0.290322580645161	2	32	0.48
0.285714285714286	2	32	0.48
0.216216216216216	2	32	0.48
0.183673469387755	2	32	0.48
0.2	2	32	0.48
0.352941176470588	2	32	0.48
0.261904761904762	2	32	0.48
0.177777777777778	2	32	0.48
0.2	2	32	0.48
0.189189189189189	2	32	0.48
0.321428571428571	2	32	0.48
0.117647058823529	2	32	0.48
0.225806451612903	2	32	0.48
0.314285714285714	2	32	0.48
0.583333333333333	2	32	0.48
0.304347826086957	2	32	0.48
0.24	2	32	0.48
0.241379310344828	2	32	0.48
0.21875	2	32	0.48
0.315789473684211	2	32	0.48
0.0769230769230769	2	32	0.48
0.259259259259259	2	32	0.48
0.258064516129032	2	32	0.48
0.266666666666667	2	32	0.48
0.166666666666667	2	32	0.48
0.225	2	32	0.48
0.151515151515152	2	32	0.48
0.268292682926829	2	32	0.48
0.470588235294118	2	32	0.48
0.142857142857143	2	32	0.48
0.131578947368421	2	32	0.48
0.303030303030303	2	32	0.48
0.24390243902439	2	32	0.48
0.48	2	32	0.48
0.25	2	32	0.48
0.2	2	32	0.48
0.176470588235294	2	32	0.48
0.115384615384615	2	32	0.48
0.210526315789474	2	32	0.48
0.310344827586207	2	32	0.48
0.264705882352941	2	32	0.48
0.176470588235294	2	32	0.48
0.645161290322581	2	32	0.48
0.571428571428571	2	32	0.48
0.5	2	32	0.48
0.272727272727273	2	32	0.48
0.261904761904762	2	32	0.48
0.333333333333333	2	32	0.48
0.617647058823529	2	32	0.48
0.176470588235294	2	32	0.48
0.344827586206897	2	32	0.48
0.166666666666667	2	32	0.48
0.3125	2	32	0.48
0.157894736842105	2	32	0.48
0.214285714285714	2	32	0.48
0.28125	2	32	0.48
0.272727272727273	2	32	0.48
0.222222222222222	2	32	0.48
0.258064516129032	2	32	0.48
0.193548387096774	2	32	0.48
0.214285714285714	2	32	0.48
0.162162162162162	2	32	0.48
0.176470588235294	2	32	0.48
0.333333333333333	2	32	0.48
0.25	2	32	0.48
0.2	2	32	0.48
0.230769230769231	2	32	0.48
0.482758620689655	2	32	0.48
0.151515151515152	2	32	0.48
0.266666666666667	2	32	0.48
0.266666666666667	2	32	0.48
0.121951219512195	2	32	0.48
0.179487179487179	2	32	0.48
0.206896551724138	2	32	0.48
0.25	2	32	0.48
0.266666666666667	2	32	0.48
0.266666666666667	2	32	0.48
0.28	2	32	0.48
0.333333333333333	2	32	0.48
0.518518518518518	2	32	0.48
0.176470588235294	2	32	0.48
0.135135135135135	2	32	0.48
0.2	2	32	0.48
0.51219512195122	2	32	0.48
0.193548387096774	2	32	0.48
0.32	2	32	0.48
0.538461538461538	2	32	0.48
0.09375	2	32	0.48
0.363636363636364	2	32	0.48
0.555555555555556	2	32	0.48
0.21875	2	32	0.48
0.184210526315789	2	32	0.48
0.157894736842105	2	32	0.48
0.241379310344828	2	32	0.48
0.162162162162162	2	32	0.48
0.155555555555556	2	32	0.48
0.459459459459459	2	32	0.48
0.222222222222222	2	32	0.48
0.225806451612903	2	32	0.48
0.333333333333333	2	32	0.48
0.1875	2	32	0.48
0.157894736842105	2	32	0.48
0.275862068965517	2	32	0.48
0.342105263157895	2	32	0.48
0.25	2	32	0.48
0.2	2	32	0.48
0.193548387096774	2	32	0.48
0.264705882352941	2	32	0.48
0.21875	2	32	0.48
0.257142857142857	2	32	0.48
0.315789473684211	2	32	0.48
0.382352941176471	2	32	0.48
0.151515151515152	2	32	0.48
0.214285714285714	2	32	0.48
0.222222222222222	2	32	0.48
0.285714285714286	2	32	0.48
0.266666666666667	2	32	0.48
0.153846153846154	2	32	0.48
0.2	2	32	0.48
0.305555555555556	2	32	0.48
0.257142857142857	2	32	0.48
0.206896551724138	2	32	0.48
0.125	2	32	0.48
0.619047619047619	2	32	0.48
0.176470588235294	2	32	0.48
0.179487179487179	2	32	0.48
0.25531914893617	2	32	0.48
0.297297297297297	2	32	0.48
0.235294117647059	2	32	0.48
0.193548387096774	2	32	0.48
0.227272727272727	2	32	0.48
0.214285714285714	2	32	0.48
0.371428571428571	2	32	0.48
0.379310344827586	2	32	0.48
0.175	2	32	0.48
0.184210526315789	2	32	0.48
0.222222222222222	2	32	0.48
0.162790697674419	2	32	0.48
0.148148148148148	2	32	0.48
0.222222222222222	2	32	0.48
0.222222222222222	2	32	0.48
0.192307692307692	2	32	0.48
0.289473684210526	2	32	0.48
0.379310344827586	2	32	0.48
0.517241379310345	2	32	0.48
0.657142857142857	2	32	0.48
0.291666666666667	2	32	0.48
0.25	2	32	0.48
0.305555555555556	2	32	0.48
0.333333333333333	2	32	0.48
0.266666666666667	2	32	0.48
0.297297297297297	2	32	0.48
0.391304347826087	2	32	0.48
0.386363636363636	2	32	0.48
0.393939393939394	2	32	0.48
0.2	2	32	0.48
0.25	2	32	0.48
0.285714285714286	2	32	0.48
0.222222222222222	2	32	0.48
0.28125	2	32	0.48
0.4	2	32	0.48
0.303030303030303	2	32	0.48
0.357142857142857	2	32	0.48
0.241379310344828	2	32	0.48
0.333333333333333	2	32	0.48
0.363636363636364	2	32	0.48
0.346153846153846	2	32	0.48
0.28	2	32	0.48
0.333333333333333	2	32	0.48
0.228571428571429	2	32	0.48
0.206896551724138	2	32	0.48
0.34375	2	32	0.48
0.34375	2	32	0.48
0.444444444444444	2	32	0.48
0.333333333333333	2	32	0.48
0.128205128205128	2	32	0.48
0.121212121212121	2	32	0.48
0.227272727272727	2	32	0.48
0.25	2	32	0.48
0.242424242424242	2	32	0.48
0.153846153846154	2	32	0.48
0.24	2	32	0.48
0.288888888888889	2	32	0.48
0.285714285714286	2	32	0.48
0.121212121212121	2	32	0.48
0.291666666666667	2	32	0.48
0.205882352941176	2	32	0.48
0.153846153846154	2	32	0.48
0.407407407407407	2	32	0.48
0.333333333333333	2	32	0.48
0.324324324324324	2	32	0.48
0.1875	2	32	0.48
0.348837209302326	2	32	0.48
0.260869565217391	2	32	0.48
0.178571428571429	2	32	0.48
0.142857142857143	2	32	0.48
0.193548387096774	2	32	0.48
0.121212121212121	2	32	0.48
0.138888888888889	2	32	0.48
0.48	2	32	0.48
0.260869565217391	2	32	0.48
0.206896551724138	2	32	0.48
0.171428571428571	2	32	0.48
0.321428571428571	2	32	0.48
0.175	2	32	0.48
0.434782608695652	2	32	0.48
0.2	2	32	0.48
0.260869565217391	2	32	0.48
0.580645161290323	2	32	0.48
0.346153846153846	2	32	0.48
0.242424242424242	2	32	0.48
0.266666666666667	2	32	0.48
0.318181818181818	2	32	0.48
0.157894736842105	2	32	0.48
0.263157894736842	2	32	0.48
0.3125	2	32	0.48
0.333333333333333	2	32	0.48
0.285714285714286	2	32	0.48
0.6	2	32	0.48
0.241379310344828	2	32	0.48
0.275	2	32	0.48
0.294117647058824	2	32	0.48
0.24390243902439	2	32	0.48
0.307692307692308	2	32	0.48
0.32	2	32	0.48
0.28125	2	32	0.48
0.212121212121212	2	32	0.48
0.538461538461538	2	32	0.48
0.25	2	32	0.48
0.28	2	32	0.48
0.413793103448276	2	32	0.48
0.259259259259259	2	32	0.48
0.125	2	32	0.48
0.195121951219512	2	32	0.48
0.243243243243243	2	32	0.48
0.25	2	32	0.48
0.166666666666667	2	32	0.48
0.333333333333333	2	32	0.48
0.269230769230769	2	32	0.48
0.461538461538462	2	32	0.48
0.235294117647059	2	32	0.48
0.266666666666667	2	32	0.48
0.185185185185185	2	32	0.48
0.208333333333333	2	32	0.48
0.580645161290323	2	32	0.48
0.233333333333333	2	32	0.48
0.185185185185185	2	32	0.48
0.225806451612903	2	32	0.48
0.25	2	32	0.48
0.25	2	32	0.48
0.4	2	32	0.48
0.277777777777778	2	32	0.48
0.333333333333333	2	32	0.48
0.166666666666667	2	32	0.48
0.172413793103448	2	32	0.48
0.153846153846154	2	32	0.48
0.2	2	32	0.48
0.272727272727273	2	32	0.48
0.324324324324324	2	32	0.48
0.242424242424242	2	32	0.48
0.212765957446809	2	32	0.48
0.186046511627907	2	32	0.48
0.219512195121951	2	32	0.48
0.289473684210526	2	32	0.48
0.258064516129032	2	32	0.48
0.137931034482759	2	32	0.48
0.266666666666667	2	32	0.48
0.571428571428571	2	32	0.48
0.3	2	32	0.48
0.3125	2	32	0.48
0.193548387096774	2	32	0.48
0.170731707317073	2	32	0.48
0.310344827586207	2	32	0.48
0.282051282051282	2	32	0.48
0.146341463414634	2	32	0.48
0.352941176470588	2	32	0.48
0.217391304347826	2	32	0.48
0.571428571428571	2	32	0.48
0.225	2	32	0.48
0.2	2	32	0.48
0.121951219512195	2	32	0.48
0.342857142857143	2	32	0.48
0.166666666666667	2	32	0.48
0.333333333333333	2	32	0.48
0.222222222222222	2	32	0.48
0.5	2	32	0.48
0.272727272727273	2	32	0.48
0.285714285714286	2	32	0.48
0.296296296296296	2	32	0.48
0.171428571428571	2	32	0.48
0.268292682926829	2	32	0.48
0.21875	2	32	0.48
0.358974358974359	2	32	0.48
0.243243243243243	2	32	0.48
0.368421052631579	2	32	0.48
0.414634146341463	2	32	0.48
0.258064516129032	2	32	0.48
0.294117647058824	2	32	0.48
0.210526315789474	2	32	0.48
0.291666666666667	2	32	0.48
0.473684210526316	2	32	0.48
0.294117647058824	2	32	0.48
0.441176470588235	2	32	0.48
0.333333333333333	2	32	0.48
0.121212121212121	2	32	0.48
0.28	2	32	0.48
0.1875	2	32	0.48
0.304347826086957	2	32	0.48
0.26	2	32	0.48
0.409090909090909	2	32	0.48
0.235294117647059	2	32	0.48
0.25	2	32	0.48
0.363636363636364	2	32	0.48
0.12	2	32	0.48
0.222222222222222	2	32	0.48
0.296296296296296	2	32	0.48
0.25	2	32	0.48
0.205882352941176	2	32	0.48
0.228571428571429	2	32	0.48
0.25	2	32	0.48
0.263157894736842	2	32	0.48
0.233333333333333	2	32	0.48
0.285714285714286	2	32	0.48
0.357142857142857	2	32	0.48
0.260869565217391	2	32	0.48
0.216216216216216	2	32	0.48
0.357142857142857	2	32	0.48
0.241379310344828	2	32	0.48
0.24	2	32	0.48
0.461538461538462	2	32	0.48
0.517241379310345	2	32	0.48
0.541666666666667	2	32	0.48
0.176470588235294	2	32	0.48
0.35	2	32	0.48
0.176470588235294	2	32	0.48
0.133333333333333	2	32	0.48
0.666666666666667	2	32	0.48
0.272727272727273	2	32	0.48
0.452380952380952	2	32	0.48
0.333333333333333	2	32	0.48
0.157894736842105	2	32	0.48
0.21875	2	32	0.48
0.228571428571429	2	32	0.48
0.208333333333333	2	32	0.48
0.258064516129032	2	32	0.48
0.378378378378378	2	32	0.48
0.266666666666667	2	32	0.48
0.257142857142857	2	32	0.48
0.228571428571429	2	32	0.48
0.175	2	32	0.48
0.5	2	32	0.48
0.28	2	32	0.48
0.153846153846154	2	32	0.48
0.35	2	32	0.48
0.181818181818182	2	32	0.48
0.238095238095238	2	32	0.48
0.32	2	32	0.48
0.172413793103448	2	32	0.48
0.419354838709677	2	32	0.48
0.333333333333333	2	32	0.48
0.421052631578947	2	32	0.48
0.189189189189189	2	32	0.48
0.2	2	32	0.48
0.268292682926829	2	32	0.48
0.1	2	32	0.48
0.205882352941176	2	32	0.48
0.424242424242424	2	32	0.48
0.222222222222222	2	32	0.48
0.266666666666667	2	32	0.48
0.1875	2	32	0.48
0.214285714285714	2	32	0.48
0.108108108108108	2	32	0.48
0.173913043478261	2	32	0.48
0.111111111111111	2	32	0.48
0.166666666666667	2	32	0.48
0.290322580645161	2	32	0.48
0.217391304347826	2	32	0.48
0.147058823529412	2	32	0.48
0.176470588235294	2	32	0.48
0.583333333333333	2	32	0.48
0.344827586206897	2	32	0.48
0.236842105263158	2	32	0.48
0.227272727272727	2	32	0.48
0.272727272727273	2	32	0.48
0.380952380952381	2	32	0.48
0.2	2	32	0.48
0.4375	2	32	0.48
0.2	2	32	0.48
0.261904761904762	2	32	0.48
0.482758620689655	2	32	0.48
0.307692307692308	2	32	0.48
0.318181818181818	2	32	0.48
0.307692307692308	2	32	0.48
0.285714285714286	2	32	0.48
0.238095238095238	2	32	0.48
0.148148148148148	2	32	0.48
0.178571428571429	2	32	0.48
0.172413793103448	2	32	0.48
0.222222222222222	2	32	0.48
0.275862068965517	2	32	0.48
0.229166666666667	2	32	0.48
0.173913043478261	2	32	0.48
0.173913043478261	2	32	0.48
0.235294117647059	2	32	0.48
0.219512195121951	2	32	0.48
0.236842105263158	2	32	0.48
0.5	2	32	0.48
0.65625	2	32	0.48
0.315789473684211	2	32	0.48
0.297297297297297	2	32	0.48
0.571428571428571	2	32	0.48
0.333333333333333	2	32	0.48
0.175	2	32	0.48
0.1875	2	32	0.48
0.285714285714286	2	32	0.48
0.193548387096774	2	32	0.48
0.16	2	32	0.48
0.236842105263158	2	32	0.48
0.333333333333333	2	32	0.48
0.28	2	32	0.48
0.178571428571429	2	32	0.48
0.137931034482759	2	32	0.48
0.259259259259259	2	32	0.48
0.444444444444444	2	32	0.48
0.178571428571429	2	32	0.48
0.242424242424242	2	32	0.48
0.233333333333333	2	32	0.48
0.2	2	32	0.48
0.259259259259259	2	32	0.48
0.363636363636364	2	32	0.48
0.242424242424242	2	32	0.48
0.481481481481481	2	32	0.48
0.375	2	32	0.48
0.318181818181818	2	32	0.48
0.575757575757576	2	32	0.48
0.142857142857143	2	32	0.48
0.375	2	32	0.48
0.217391304347826	2	32	0.48
0.275862068965517	2	32	0.48
0.260869565217391	2	32	0.48
0.260869565217391	2	32	0.48
0.392857142857143	2	32	0.48
0.1875	2	32	0.48
0.217391304347826	2	32	0.48
0.212121212121212	2	32	0.48
0.296296296296296	2	32	0.48
0.28	2	32	0.48
0.285714285714286	2	32	0.48
0.2	2	32	0.48
0.25	2	32	0.48
0.485714285714286	2	32	0.48
0.263157894736842	2	32	0.48
0.297297297297297	2	32	0.48
0.5	2	32	0.48
0.155555555555556	2	32	0.48
0.236842105263158	2	32	0.48
0.263157894736842	2	32	0.48
0.136363636363636	2	32	0.48
0.225806451612903	2	32	0.48
0.481481481481481	2	32	0.48
0.212121212121212	2	32	0.48
0.3	2	32	0.48
0.294117647058824	2	32	0.48
0.235294117647059	2	32	0.48
0.352941176470588	2	32	0.48
0.166666666666667	2	32	0.48
0.210526315789474	2	32	0.48
0.212121212121212	2	32	0.48
0.25	2	32	0.48
0.163265306122449	2	32	0.48
0.535714285714286	2	32	0.48
0.405405405405405	2	32	0.48
0.292682926829268	2	32	0.48
0.216216216216216	2	32	0.48
0.206896551724138	2	32	0.48
0.25	2	32	0.48
0.3	2	32	0.48
0.2	2	32	0.48
0.24	2	32	0.48
0.333333333333333	2	32	0.48
0.5625	2	32	0.48
0.277777777777778	2	32	0.48
0.243243243243243	2	32	0.48
0.259259259259259	2	32	0.48
0.285714285714286	2	32	0.48
0.235294117647059	2	32	0.48
0.657894736842105	2	32	0.48
0.289473684210526	2	32	0.48
0.272727272727273	2	32	0.48
0.142857142857143	2	32	0.48
0.235294117647059	2	32	0.48
0.19047619047619	2	32	0.48
0.424242424242424	2	32	0.48
0.241379310344828	2	32	0.48
0.15625	2	32	0.48
0.178571428571429	2	32	0.48
0.2	2	32	0.48
0.307692307692308	2	32	0.48
0.275862068965517	2	32	0.48
0.263157894736842	2	32	0.48
0.166666666666667	2	32	0.48
0.241379310344828	2	32	0.48
0.4	2	32	0.48
0.233333333333333	2	32	0.48
0.243243243243243	2	32	0.48
0.833333333333333	2	32	0.48
0.142857142857143	2	32	0.48
0.388888888888889	2	32	0.48
0.205882352941176	2	32	0.48
0.333333333333333	2	32	0.48
0.272727272727273	2	32	0.48
0.272727272727273	2	32	0.48
0.304347826086957	2	32	0.48
0.2	2	32	0.48
0.235294117647059	2	32	0.48
0.357142857142857	2	32	0.48
0.4	2	32	0.48
0.171428571428571	2	32	0.48
0.225806451612903	2	32	0.48
0.321428571428571	2	32	0.48
0.162162162162162	2	32	0.48
0.27906976744186	2	32	0.48
0.266666666666667	2	32	0.48
0.15625	2	32	0.48
0.347826086956522	2	32	0.48
0.242424242424242	2	32	0.48
0.28	2	32	0.48
0.324324324324324	2	32	0.48
0.538461538461538	2	32	0.48
0.2	2	32	0.48
0.25	2	32	0.48
0.241379310344828	2	32	0.48
0.260869565217391	2	32	0.48
0.259259259259259	2	32	0.48
0.184210526315789	2	32	0.48
0.179487179487179	2	32	0.48
0.0961538461538462	2	32	0.48
0.4	2	32	0.48
0.310344827586207	2	32	0.48
0.151515151515152	2	32	0.48
0.214285714285714	2	32	0.48
0.465116279069767	2	32	0.48
0.272727272727273	2	32	0.48
0.214285714285714	2	32	0.48
0.285714285714286	2	32	0.48
0.268292682926829	2	32	0.48
0.222222222222222	2	32	0.48
0.388888888888889	2	32	0.48
0.264705882352941	2	32	0.48
0.243243243243243	2	32	0.48
0.269230769230769	2	32	0.48
0.476190476190476	2	32	0.48
0.288888888888889	2	32	0.48
0.194444444444444	2	32	0.48
0.193548387096774	2	32	0.48
0.127659574468085	2	32	0.48
0.204545454545455	2	32	0.48
0.222222222222222	2	32	0.48
0.137931034482759	2	32	0.48
0.142857142857143	2	32	0.48
0.242424242424242	2	32	0.48
0.230769230769231	2	32	0.48
0.387096774193548	2	32	0.48
0.303030303030303	2	32	0.48
0.230769230769231	2	32	0.48
0.28125	2	32	0.48
0.342105263157895	2	32	0.48
0.285714285714286	2	32	0.48
0.388888888888889	2	32	0.48
0.212121212121212	2	32	0.48
0.310344827586207	2	32	0.48
0.214285714285714	2	32	0.48
0.285714285714286	2	32	0.48
0.448275862068966	2	32	0.48
0.315789473684211	2	32	0.48
0.586206896551724	2	32	0.48
0.290322580645161	2	32	0.48
0.238095238095238	2	32	0.48
0.241379310344828	2	32	0.48
0.185185185185185	2	32	0.48
0.388888888888889	2	32	0.48
0.434782608695652	2	32	0.48
0.347826086956522	2	32	0.48
0.264705882352941	2	32	0.48
0.333333333333333	2	32	0.48
0.176470588235294	2	32	0.48
0.25	2	32	0.48
0.333333333333333	2	32	0.48
0.230769230769231	2	32	0.48
0.3125	2	32	0.48
0.25	2	32	0.48
0.214285714285714	2	32	0.48
0.526315789473684	2	32	0.48
0.131578947368421	2	32	0.48
0.222222222222222	2	32	0.48
0.277777777777778	2	32	0.48
0.269230769230769	2	32	0.48
0.222222222222222	2	32	0.48
0.394736842105263	2	32	0.48
0.294117647058824	2	32	0.48
0.448275862068966	2	32	0.48
0.5	2	32	0.48
0.2	2	32	0.48
0.285714285714286	2	32	0.48
0.481481481481481	2	32	0.48
0.21875	2	32	0.48
0.170731707317073	2	32	0.48
0.185185185185185	2	32	0.48
0.236842105263158	2	32	0.48
0.241379310344828	2	32	0.48
0.318181818181818	2	32	0.48
0.125	2	32	0.48
0.131578947368421	2	32	0.48
0.181818181818182	2	32	0.48
0.333333333333333	2	32	0.48
0.230769230769231	2	32	0.48
0.517241379310345	2	32	0.48
0.638888888888889	2	32	0.48
0.315789473684211	2	32	0.48
0.241379310344828	2	32	0.48
0.178571428571429	2	32	0.48
0.162790697674419	2	32	0.48
0.318181818181818	2	32	0.48
0.296296296296296	2	32	0.48
0.260869565217391	2	32	0.48
0.304347826086957	2	32	0.48
0.303030303030303	2	32	0.48
0.457142857142857	2	32	0.48
0.19047619047619	2	32	0.48
0.4	2	32	0.48
0.208333333333333	2	32	0.48
0.166666666666667	2	32	0.48
0.178571428571429	2	32	0.48
0.170212765957447	2	32	0.48
0.342857142857143	2	32	0.48
0.235294117647059	2	32	0.48
0.239130434782609	2	32	0.48
0.189189189189189	2	32	0.48
0.225806451612903	2	32	0.48
0.25	2	32	0.48
0.194444444444444	2	32	0.48
0.170731707317073	2	32	0.48
0.243243243243243	2	32	0.48
0.321428571428571	2	32	0.48
0.192307692307692	2	32	0.48
0.25	2	32	0.48
0.171428571428571	2	32	0.48
0.333333333333333	2	32	0.48
0.194444444444444	2	32	0.48
0.272727272727273	2	32	0.48
0.242424242424242	2	32	0.48
0.285714285714286	2	32	0.48
0.147058823529412	2	32	0.48
0.304347826086957	2	32	0.48
0.142857142857143	2	32	0.48
0.244444444444444	2	32	0.48
0.208333333333333	2	32	0.48
0.307692307692308	2	32	0.48
0.176470588235294	2	32	0.48
0.388888888888889	2	32	0.48
0.282608695652174	2	32	0.48
0.228571428571429	2	32	0.48
0.194444444444444	2	32	0.48
0.166666666666667	2	32	0.48
0.173913043478261	2	32	0.48
0.25	2	32	0.48
0.30952380952381	2	32	0.48
0.295454545454545	2	32	0.48
0.193548387096774	2	32	0.48
0.315789473684211	2	32	0.48
0.261904761904762	2	32	0.48
0.230769230769231	2	32	0.48
0.264705882352941	2	32	0.48
0.25	2	32	0.48
0.25	2	32	0.48
0.186046511627907	2	32	0.48
0.138888888888889	2	32	0.48
0.4375	2	32	0.48
0.25	2	32	0.48
0.310344827586207	2	32	0.48
0.25	2	32	0.48
0.241379310344828	2	32	0.48
0.264705882352941	2	32	0.48
0.131578947368421	2	32	0.48
0.6	2	32	0.48
0.35	2	32	0.48
0.233333333333333	2	32	0.48
0.108108108108108	2	32	0.48
0.375	2	32	0.48
0.285714285714286	2	32	0.48
0.351351351351351	2	32	0.48
0.297297297297297	2	32	0.48
0.28125	2	32	0.48
0.259259259259259	2	32	0.48
0.272727272727273	2	32	0.48
0.372093023255814	2	32	0.48
0.28125	2	32	0.48
0.388888888888889	2	32	0.48
0.205128205128205	2	32	0.48
0.210526315789474	2	32	0.48
0.212121212121212	2	32	0.48
0.142857142857143	2	32	0.48
0.307692307692308	2	32	0.48
0.159090909090909	2	32	0.48
0.25	2	32	0.48
0.27906976744186	2	32	0.48
0.2	2	32	0.48
0.225806451612903	2	32	0.48
0.243243243243243	2	32	0.48
0.128205128205128	2	32	0.48
0.552631578947368	2	32	0.48
0.176470588235294	2	32	0.48
0.181818181818182	2	32	0.48
0.205128205128205	2	32	0.48
0.605263157894737	2	32	0.48
0.107142857142857	2	32	0.48
0.285714285714286	2	32	0.48
0.378378378378378	2	32	0.48
0.181818181818182	2	32	0.48
0.288888888888889	2	32	0.48
0.193548387096774	2	32	0.48
0.243243243243243	2	32	0.48
0.194444444444444	2	32	0.48
0.205882352941176	2	32	0.48
0.166666666666667	2	32	0.48
0.333333333333333	2	32	0.48
0.2	2	32	0.48
0.233333333333333	2	32	0.48
0.209302325581395	2	32	0.48
0.19047619047619	2	32	0.48
0.28125	2	32	0.48
0.152173913043478	2	32	0.48
0.433333333333333	2	32	0.48
0.133333333333333	2	32	0.48
0.239130434782609	2	32	0.48
0.3	2	32	0.48
0.146341463414634	2	32	0.48
0.210526315789474	2	32	0.48
0.136363636363636	2	32	0.48
0.3	2	32	0.48
0.352941176470588	2	32	0.48
0.153846153846154	2	32	0.48
0.216216216216216	2	32	0.48
0.523809523809524	2	32	0.48
0.291666666666667	2	32	0.48
0.194444444444444	2	32	0.48
0.2	2	32	0.48
0.275862068965517	2	32	0.48
0.28125	2	32	0.48
0.239130434782609	2	32	0.48
0.3125	2	32	0.48
0.177777777777778	2	32	0.48
0.117647058823529	2	32	0.48
0.535714285714286	2	32	0.48
0.304347826086957	2	32	0.48
0.219512195121951	2	32	0.48
0.242424242424242	2	32	0.48
0.586206896551724	2	32	0.48
0.133333333333333	2	32	0.48
0.40625	2	32	0.48
0.297297297297297	2	32	0.48
0.2	2	32	0.48
0.315789473684211	2	32	0.48
0.194444444444444	2	32	0.48
0.305555555555556	2	32	0.48
0.472222222222222	2	32	0.48
0.481481481481481	2	32	0.48
0.194444444444444	2	32	0.48
0.210526315789474	2	32	0.48
0.225	2	32	0.48
0.170731707317073	2	32	0.48
0.181818181818182	2	32	0.48
0.454545454545455	2	32	0.48
0.269230769230769	2	32	0.48
0.260869565217391	2	32	0.48
0.171428571428571	2	32	0.48
0.28125	2	32	0.48
0.241379310344828	2	32	0.48
0.1875	2	32	0.48
0.166666666666667	2	32	0.48
0.395348837209302	2	32	0.48
0.342105263157895	2	32	0.48
0.423076923076923	2	32	0.48
0.216216216216216	2	32	0.48
0.176470588235294	2	32	0.48
0.25	2	32	0.48
0.181818181818182	2	32	0.48
0.266666666666667	2	32	0.48
0.181818181818182	2	32	0.48
0.25	2	32	0.48
0.257142857142857	2	32	0.48
0.157894736842105	2	32	0.48
0.357142857142857	2	32	0.48
0.1875	2	32	0.48
0.225806451612903	2	32	0.48
0.233333333333333	2	32	0.48
0.170212765957447	2	32	0.48
0.2	2	32	0.48
0.214285714285714	2	32	0.48
0.413793103448276	2	32	0.48
0.366666666666667	2	32	0.48
0.296296296296296	2	32	0.48
0.178571428571429	2	32	0.48
0.162790697674419	2	32	0.48
0.275	2	32	0.48
0.210526315789474	2	32	0.48
0.138888888888889	2	32	0.48
0.41025641025641	2	32	0.48
0.296296296296296	2	32	0.48
0.258064516129032	2	32	0.48
0.222222222222222	2	32	0.48
0.121951219512195	2	32	0.48
0.219512195121951	2	32	0.48
0.259259259259259	2	32	0.48
0.2	2	32	0.48
0.133333333333333	2	32	0.48
0.458333333333333	2	32	0.48
0.157894736842105	2	32	0.48
0.195121951219512	2	32	0.48
0.193548387096774	2	32	0.48
0.291666666666667	2	32	0.48
0.195121951219512	2	32	0.48
0.227272727272727	2	32	0.48
0.257142857142857	2	32	0.48
0.233333333333333	2	32	0.48
0.225806451612903	2	32	0.48
0.219512195121951	2	32	0.48
0.518518518518518	2	32	0.48
0.12	2	32	0.48
0.142857142857143	2	32	0.48
0.333333333333333	2	32	0.48
0.181818181818182	2	32	0.48
0.205128205128205	2	32	0.48
0.228571428571429	2	32	0.48
0.212121212121212	2	32	0.48
0.24	2	32	0.48
0.4	2	32	0.48
0.448275862068966	2	32	0.48
0.342857142857143	2	32	0.48
0.155555555555556	2	32	0.48
0.129032258064516	2	32	0.48
0.317073170731707	2	32	0.48
0.222222222222222	2	32	0.48
0.212121212121212	2	32	0.48
0.106382978723404	2	32	0.48
0.205882352941176	2	32	0.48
0.285714285714286	2	32	0.48
0.115384615384615	2	32	0.48
0.24	2	32	0.48
0.3	2	32	0.48
0.272727272727273	2	32	0.48
0.153846153846154	2	32	0.48
0.117647058823529	2	32	0.48
0.421052631578947	2	32	0.48
0.2	2	32	0.48
0.363636363636364	2	32	0.48
0.272727272727273	2	32	0.48
0.159090909090909	2	32	0.48
0.181818181818182	2	32	0.48
0.304347826086957	2	32	0.48
0.125	2	32	0.48
0.270833333333333	2	32	0.48
0.230769230769231	2	32	0.48
0.181818181818182	2	32	0.48
0.205128205128205	2	32	0.48
0.2	2	32	0.48
0.314285714285714	2	32	0.48
0.111111111111111	2	32	0.48
0.206896551724138	2	32	0.48
0.1875	2	32	0.48
0.255813953488372	2	32	0.48
0.3	2	32	0.48
0.258064516129032	2	32	0.48
0.137931034482759	2	32	0.48
0.166666666666667	2	32	0.48
0.310344827586207	2	32	0.48
0.333333333333333	2	32	0.48
0.157894736842105	2	32	0.48
0.388888888888889	2	32	0.48
0.45	2	32	0.48
0.162162162162162	2	32	0.48
0.159090909090909	2	32	0.48
0.264705882352941	2	32	0.48
0.153846153846154	2	32	0.48
0.236842105263158	2	32	0.48
0.34375	2	32	0.48
0.56	2	32	0.48
0.533333333333333	2	32	0.48
0.257142857142857	2	32	0.48
0.325581395348837	2	32	0.48
0.40625	2	32	0.48
0.153846153846154	2	32	0.48
0.214285714285714	2	32	0.48
0.594594594594595	2	32	0.48
0.176470588235294	2	32	0.48
0.176470588235294	2	32	0.48
0.333333333333333	2	32	0.48
0.318181818181818	2	32	0.48
0.351351351351351	2	32	0.48
0.258064516129032	2	32	0.48
0.25	2	32	0.48
0.135135135135135	2	32	0.48
0.2	2	32	0.48
0.379310344827586	2	32	0.48
0.206896551724138	2	32	0.48
0.146341463414634	2	32	0.48
0.210526315789474	2	32	0.48
0.222222222222222	2	32	0.48
0.176470588235294	2	32	0.48
0.296296296296296	2	32	0.48
0.393939393939394	2	32	0.48
0.230769230769231	2	32	0.48
0.342105263157895	2	32	0.48
0.219512195121951	2	32	0.48
0.210526315789474	2	32	0.48
0.578947368421053	2	32	0.48
0.176470588235294	2	32	0.48
0.41025641025641	2	32	0.48
0.363636363636364	2	32	0.48
0.1875	2	32	0.48
0.4	2	32	0.48
0.214285714285714	2	32	0.48
0.296296296296296	2	32	0.48
0.352941176470588	2	32	0.48
0.191489361702128	2	32	0.48
0.212121212121212	2	32	0.48
0.25	2	32	0.48
0.222222222222222	2	32	0.48
0.133333333333333	2	32	0.48
0.292682926829268	2	32	0.48
0.6	2	32	0.48
0.216216216216216	2	32	0.48
0.228571428571429	2	32	0.48
0.348837209302326	2	32	0.48
0.228571428571429	2	32	0.48
0.235294117647059	2	32	0.48
0.276595744680851	2	32	0.48
0.541666666666667	2	32	0.48
0.153846153846154	2	32	0.48
0.181818181818182	2	32	0.48
0.216216216216216	2	32	0.48
0.181818181818182	2	32	0.48
0.115384615384615	2	32	0.48
0.138888888888889	2	32	0.48
0.2	2	32	0.48
0.384615384615385	2	32	0.48
0.214285714285714	2	32	0.48
0.257142857142857	2	32	0.48
0.547619047619048	2	32	0.48
0.32258064516129	2	32	0.48
0.222222222222222	2	32	0.48
0.269230769230769	2	32	0.48
0.257142857142857	2	32	0.48
0.296296296296296	2	32	0.48
0.242424242424242	2	32	0.48
0.333333333333333	2	32	0.48
0.325	2	32	0.48
0.25	2	32	0.48
0.16	2	32	0.48
0.244897959183673	2	32	0.48
0.37037037037037	2	32	0.48
0.210526315789474	2	32	0.48
0.333333333333333	2	32	0.48
0.205128205128205	2	32	0.48
0.25	2	32	0.48
0.235294117647059	2	32	0.48
0.25	2	32	0.48
0.3	2	32	0.48
0.297297297297297	2	32	0.48
0.189189189189189	2	32	0.48
0.310344827586207	2	32	0.48
0.233333333333333	2	32	0.48
0.177777777777778	2	32	0.48
0.478260869565217	2	32	0.48
0.5	2	32	0.48
0.25	2	32	0.48
0.37037037037037	2	32	0.48
0.238095238095238	2	32	0.48
0.2	2	32	0.48
0.24	2	32	0.48
0.171428571428571	2	32	0.48
0.142857142857143	2	32	0.48
0.52	2	32	0.48
0.137931034482759	2	32	0.48
0.35	2	32	0.48
0.173913043478261	2	32	0.48
0.162790697674419	2	32	0.48
0.346153846153846	2	32	0.48
0.186046511627907	2	32	0.48
0.333333333333333	2	32	0.48
0.194444444444444	2	32	0.48
0.368421052631579	2	32	0.48
0.25	2	32	0.48
0.153846153846154	2	32	0.48
0.413793103448276	2	32	0.48
0.25	2	32	0.48
0.235294117647059	2	32	0.48
0.32	2	32	0.48
0.24390243902439	2	32	0.48
0.3	2	32	0.48
0.285714285714286	2	32	0.48
0.136363636363636	2	32	0.48
0.318181818181818	2	32	0.48
0.423076923076923	2	32	0.48
0.193548387096774	2	32	0.48
0.2	2	32	0.48
0.272727272727273	2	32	0.48
0.24	2	32	0.48
0.206896551724138	2	32	0.48
0.294117647058824	2	32	0.48
0.157894736842105	2	32	0.48
0.4375	2	32	0.48
0.259259259259259	2	32	0.48
0.4375	2	32	0.48
0.260869565217391	2	32	0.48
0.259259259259259	2	32	0.48
0.233333333333333	2	32	0.48
0.107142857142857	2	32	0.48
0.258064516129032	2	32	0.48
0.25	2	32	0.48
0.290322580645161	2	32	0.48
0.325	2	32	0.48
0.423076923076923	2	32	0.48
0.454545454545455	2	32	0.48
0.258064516129032	2	32	0.48
0.4	2	32	0.48
0.305555555555556	2	32	0.48
0.555555555555556	2	32	0.48
0.25	2	32	0.48
0.285714285714286	2	32	0.48
0.333333333333333	2	32	0.48
0.538461538461538	2	32	0.48
0.318181818181818	2	32	0.48
0.125	2	32	0.48
0.163265306122449	2	32	0.48
0.0980392156862745	2	32	0.48
0.153846153846154	2	32	0.48
0.259259259259259	2	32	0.48
0.242424242424242	2	32	0.48
0.206896551724138	2	32	0.48
0.304347826086957	2	32	0.48
0.5	2	32	0.48
0.58974358974359	2	32	0.48
0.285714285714286	2	32	0.48
0.227272727272727	2	32	0.48
0.25	2	32	0.48
0.315789473684211	2	32	0.48
0.272727272727273	2	32	0.48
0.363636363636364	2	32	0.48
0.242424242424242	2	32	0.48
0.189189189189189	2	32	0.48
0.111111111111111	2	32	0.48
0.478260869565217	2	32	0.48
0.243243243243243	2	32	0.48
0.272727272727273	2	32	0.48
0.230769230769231	2	32	0.48
0.371428571428571	2	32	0.48
0.375	2	32	0.48
0.177777777777778	2	32	0.48
0.138888888888889	2	32	0.48
0.236842105263158	2	32	0.48
0.184210526315789	2	32	0.48
0.310344827586207	2	32	0.48
0.447368421052632	2	32	0.48
0.185185185185185	2	32	0.48
0.157894736842105	2	32	0.48
0.131578947368421	2	32	0.48
0.588235294117647	2	32	0.48
0.285714285714286	2	32	0.48
0.2	2	32	0.48
0.176470588235294	2	32	0.48
0.285714285714286	2	32	0.48
0.310344827586207	2	32	0.48
0.303030303030303	2	32	0.48
0.2	2	32	0.48
0.210526315789474	2	32	0.48
0.269230769230769	2	32	0.48
0.393939393939394	2	32	0.48
0.256410256410256	2	32	0.48
0.533333333333333	2	32	0.48
0.259259259259259	2	32	0.48
0.486486486486487	2	32	0.48
0.225	2	32	0.48
0.269230769230769	2	32	0.48
0.266666666666667	2	32	0.48
0.205128205128205	2	32	0.48
0.305555555555556	2	32	0.48
0.234042553191489	2	32	0.48
0.344827586206897	2	32	0.48
0.333333333333333	2	32	0.48
0.212121212121212	2	32	0.48
0.210526315789474	2	32	0.48
0.472222222222222	2	32	0.48
0.435897435897436	2	32	0.48
0.111111111111111	2	32	0.48
0.260869565217391	2	32	0.48
0.407407407407407	2	32	0.48
0.28125	2	32	0.48
0.538461538461538	2	32	0.48
0.263157894736842	2	32	0.48
0.285714285714286	2	32	0.48
0.357142857142857	2	32	0.48
0.205882352941176	2	32	0.48
0.133333333333333	2	32	0.48
0.266666666666667	2	32	0.48
0.318181818181818	2	32	0.48
0.230769230769231	2	32	0.48
0.166666666666667	2	32	0.48
0.157894736842105	2	32	0.48
0.130434782608696	2	32	0.48
0.241379310344828	2	32	0.48
0.243243243243243	2	32	0.48
0.269230769230769	2	32	0.48
0.256410256410256	2	32	0.48
0.162162162162162	2	32	0.48
0.172413793103448	2	32	0.48
0.305555555555556	2	32	0.48
0.162790697674419	2	32	0.48
0.2	2	32	0.48
0.137931034482759	2	32	0.48
0.166666666666667	2	32	0.48
0.25	2	32	0.48
0.435897435897436	2	32	0.48
0.272727272727273	2	32	0.48
0.157894736842105	2	32	0.48
0.193548387096774	2	32	0.48
0.296296296296296	2	32	0.48
0.346153846153846	2	32	0.48
0.291666666666667	2	32	0.48
0.463414634146341	2	32	0.48
0.48780487804878	2	32	0.48
0.210526315789474	2	32	0.48
0.133333333333333	2	32	0.48
0.24	2	32	0.48
0.333333333333333	2	32	0.48
0.166666666666667	2	32	0.48
0.307692307692308	2	32	0.48
0.388888888888889	2	32	0.48
0.25	2	32	0.48
0.166666666666667	2	32	0.48
0.264705882352941	2	32	0.48
0.259259259259259	2	32	0.48
0.363636363636364	2	32	0.48
0.346153846153846	2	32	0.48
0.0857142857142857	2	32	0.48
0.241379310344828	2	32	0.48
0.214285714285714	2	32	0.48
0.222222222222222	2	32	0.48
0.181818181818182	2	32	0.48
0.2	2	32	0.48
0.291666666666667	2	32	0.48
0.275862068965517	2	32	0.48
0.333333333333333	2	32	0.48
0.636363636363636	2	32	0.48
0.307692307692308	2	32	0.48
0.285714285714286	2	32	0.48
0.15	2	32	0.48
0.619047619047619	2	32	0.48
0.238095238095238	2	32	0.48
0.464285714285714	2	32	0.48
0.368421052631579	2	32	0.48
0.416666666666667	2	32	0.48
0.181818181818182	2	32	0.48
0.263157894736842	2	32	0.48
0.533333333333333	2	32	0.48
0.5	2	32	0.48
0.333333333333333	2	32	0.48
0.210526315789474	2	32	0.48
0.235294117647059	2	32	0.48
0.555555555555556	2	32	0.48
0.32258064516129	2	32	0.48
0.13953488372093	2	32	0.48
0.264705882352941	2	32	0.48
0.428571428571429	2	32	0.48
0.413793103448276	2	32	0.48
0.219512195121951	2	32	0.48
0.225806451612903	2	32	0.48
0.371428571428571	2	32	0.48
0.290322580645161	2	32	0.48
0.333333333333333	2	32	0.48
0.241379310344828	2	32	0.48
0.307692307692308	2	32	0.48
0.257142857142857	2	32	0.48
0.179487179487179	2	32	0.48
0.303030303030303	2	32	0.48
0.527777777777778	2	32	0.48
0.275862068965517	2	32	0.48
0.181818181818182	2	32	0.48
0.171428571428571	2	32	0.48
0.238095238095238	2	32	0.48
0.225806451612903	2	32	0.48
0.176470588235294	2	32	0.48
0.15625	2	32	0.48
0.157894736842105	2	32	0.48
0.303030303030303	2	32	0.48
0.19047619047619	2	32	0.48
0.105263157894737	2	32	0.48
0.21875	2	32	0.48
0.2	2	32	0.48
0.285714285714286	2	32	0.48
0.0882352941176471	2	32	0.48
0.121212121212121	2	32	0.48
0.2	2	32	0.48
0.19047619047619	2	32	0.48
0.260869565217391	2	32	0.48
0.1875	2	32	0.48
0.2	2	32	0.48
0.214285714285714	2	32	0.48
0.263157894736842	2	32	0.48
0.285714285714286	2	32	0.48
0.15	2	32	0.48
0.413793103448276	2	32	0.48
0.25	2	32	0.48
0.321428571428571	2	32	0.48
0.344827586206897	2	32	0.48
0.125	2	32	0.48
0.206896551724138	2	32	0.48
0.225806451612903	2	32	0.48
0.3125	2	32	0.48
0.2	2	32	0.48
0.16	2	32	0.48
0.296296296296296	2	32	0.48
0.28125	2	32	0.48
0.175	2	32	0.48
0.275862068965517	2	32	0.48
0.2	2	32	0.48
0.32	2	32	0.48
0.375	2	32	0.48
0.227272727272727	2	32	0.48
0.212121212121212	2	32	0.48
0.235294117647059	2	32	0.48
0.604651162790698	2	32	0.48
0.3	2	32	0.48
0.148148148148148	2	32	0.48
0.333333333333333	2	32	0.48
0.35	2	32	0.48
0.222222222222222	2	32	0.48
0.463414634146341	2	32	0.48
0.266666666666667	2	32	0.48
0.219512195121951	2	32	0.48
0.256410256410256	2	32	0.48
0.411764705882353	2	32	0.48
0.157894736842105	2	32	0.48
0.289473684210526	2	32	0.48
0.266666666666667	2	32	0.48
0.387096774193548	2	32	0.48
0.333333333333333	2	32	0.48
0.466666666666667	2	32	0.48
0.333333333333333	2	32	0.48
0.153846153846154	2	32	0.48
0.277777777777778	2	32	0.48
0.115384615384615	2	32	0.48
0.166666666666667	2	32	0.48
0.184210526315789	2	32	0.48
0.384615384615385	2	32	0.48
0.21875	2	32	0.48
0.260869565217391	2	32	0.48
0.266666666666667	2	32	0.48
0.32	2	32	0.48
0.285714285714286	2	32	0.48
0.24390243902439	2	32	0.48
0.142857142857143	2	32	0.48
0.214285714285714	2	32	0.48
0.175	2	32	0.48
0.269230769230769	2	32	0.48
0.3	2	32	0.48
0.233333333333333	2	32	0.48
0.275	2	32	0.48
0.346153846153846	2	32	0.48
0.1875	2	32	0.48
0.354838709677419	2	32	0.48
0.3	2	32	0.48
0.333333333333333	2	32	0.48
0.263157894736842	2	32	0.48
0.142857142857143	2	32	0.48
0.36	2	32	0.48
0.411764705882353	2	32	0.48
0.25	2	32	0.48
0.193548387096774	2	32	0.48
0.219512195121951	2	32	0.48
0.255813953488372	2	32	0.48
0.235294117647059	2	32	0.48
0.24	2	32	0.48
0.354838709677419	2	32	0.48
0.56	2	32	0.48
0.28125	2	32	0.48
0.181818181818182	2	32	0.48
0.260869565217391	2	32	0.48
0.346153846153846	2	32	0.48
0.333333333333333	2	32	0.48
0.225	2	32	0.48
0.346153846153846	2	32	0.48
0.205882352941176	2	32	0.48
0.25	2	32	0.48
0.48	2	32	0.48
0.282051282051282	2	32	0.48
0.266666666666667	2	32	0.48
0.538461538461538	2	32	0.48
0.384615384615385	2	32	0.48
0.222222222222222	2	32	0.48
0.216216216216216	2	32	0.48
0.333333333333333	2	32	0.48
0.25	2	32	0.48
0.184210526315789	2	32	0.48
0.230769230769231	2	32	0.48
0.28125	2	32	0.48
0.148148148148148	2	32	0.48
0.111111111111111	2	32	0.48
0.461538461538462	2	32	0.48
0.260869565217391	2	32	0.48
0.25	2	32	0.48
0.291666666666667	2	32	0.48
0.384615384615385	2	32	0.48
0.375	2	32	0.48
0.222222222222222	2	32	0.48
0.34375	2	32	0.48
0.176470588235294	2	32	0.48
0.206896551724138	2	32	0.48
0.272727272727273	2	32	0.48
0.36	2	32	0.48
0.533333333333333	2	32	0.48
0.32	2	32	0.48
0.16	2	32	0.48
0.25	2	32	0.48
0.310344827586207	2	32	0.48
0.148148148148148	2	32	0.48
0.5	2	32	0.48
0.2	2	32	0.48
0.272727272727273	2	32	0.48
0.285714285714286	2	32	0.48
0.333333333333333	2	32	0.48
0.523809523809524	2	32	0.48
0.241379310344828	2	32	0.48
0.2	2	32	0.48
0.314285714285714	2	32	0.48
0.275862068965517	2	32	0.48
0.166666666666667	2	32	0.48
0.466666666666667	2	32	0.48
0.342857142857143	2	32	0.48
0.25	2	32	0.48
0.25	2	32	0.48
0.241379310344828	2	32	0.48
0.193548387096774	2	32	0.48
0.225806451612903	2	32	0.48
0.307692307692308	2	32	0.48
0.307692307692308	2	32	0.48
0.290322580645161	2	32	0.48
0.380952380952381	2	32	0.48
0.318181818181818	2	32	0.48
0.1875	2	32	0.48
0.235294117647059	2	32	0.48
0.176470588235294	2	32	0.48
0.138888888888889	2	32	0.48
0.115384615384615	2	32	0.48
0.259259259259259	2	32	0.48
0.333333333333333	2	32	0.48
0.4	2	32	0.48
0.529411764705882	2	32	0.48
0.222222222222222	2	32	0.48
0.137931034482759	2	32	0.48
0.428571428571429	2	32	0.48
0.3	2	32	0.48
0.272727272727273	2	32	0.48
0.363636363636364	2	32	0.48
0.285714285714286	2	32	0.48
0.233333333333333	2	32	0.48
0.222222222222222	2	32	0.48
0.12	2	32	0.48
0.228571428571429	2	32	0.48
0.151515151515152	2	32	0.48
0.5	2	32	0.48
0.272727272727273	2	32	0.48
0.294117647058824	2	32	0.48
0.34375	2	32	0.48
0.323529411764706	2	32	0.48
0.296296296296296	2	32	0.48
0.142857142857143	2	32	0.48
0.323529411764706	2	32	0.48
0.34375	2	32	0.48
0.3	2	32	0.48
0.2	2	32	0.48
0.351351351351351	2	32	0.48
0.125	2	32	0.48
0.379310344827586	2	32	0.48
0.394736842105263	2	32	0.48
0.258064516129032	2	32	0.48
0.259259259259259	2	32	0.48
0.25	2	32	0.48
0.175	2	32	0.48
0.272727272727273	2	32	0.48
0.379310344827586	2	32	0.48
0.176470588235294	2	32	0.48
0.3	2	32	0.48
0.166666666666667	2	32	0.48
0.173913043478261	2	32	0.48
0.233333333333333	2	32	0.48
0.303030303030303	2	32	0.48
0.230769230769231	2	32	0.48
0.242424242424242	2	32	0.48
0.292682926829268	2	32	0.48
0.25	2	32	0.48
0.255813953488372	2	32	0.48
0.194444444444444	2	32	0.48
0.294117647058824	2	32	0.48
0.235294117647059	2	32	0.48
0.142857142857143	2	32	0.48
0.241379310344828	2	32	0.48
0.222222222222222	2	32	0.48
0.21875	2	32	0.48
0.222222222222222	2	32	0.48
0.162162162162162	2	32	0.48
0.105263157894737	2	32	0.48
0.261904761904762	2	32	0.48
0.325	2	32	0.48
0.243243243243243	2	32	0.48
0.189189189189189	2	32	0.48
0.194444444444444	2	32	0.48
0.236842105263158	2	32	0.48
0.170731707317073	2	32	0.48
0.314285714285714	2	32	0.48
0.189189189189189	2	32	0.48
0.2	2	32	0.48
0.176470588235294	2	32	0.48
0.181818181818182	2	32	0.48
0.333333333333333	2	32	0.48
0.333333333333333	2	32	0.48
0.27027027027027	2	32	0.48
0.518518518518518	2	32	0.48
0.276595744680851	2	32	0.48
0.216216216216216	2	32	0.48
0.166666666666667	2	32	0.48
0.28125	2	32	0.48
0.230769230769231	2	32	0.48
0.179487179487179	2	32	0.48
0.205882352941176	2	32	0.48
0.25	2	32	0.48
0.212121212121212	2	32	0.48
0.15625	2	32	0.48
0.346153846153846	2	32	0.48
0.409090909090909	2	32	0.48
0.294117647058824	2	32	0.48
0.235294117647059	2	32	0.48
0.6	2	32	0.48
0.5	2	32	0.48
0.378378378378378	2	32	0.48
0.542857142857143	2	32	0.48
0.217391304347826	2	32	0.48
0.19047619047619	2	32	0.48
0.238095238095238	2	32	0.48
0.25	2	32	0.48
0.303030303030303	2	32	0.48
0.225806451612903	2	32	0.48
0.32258064516129	2	32	0.48
0.357142857142857	2	32	0.48
0.206896551724138	2	32	0.48
0.255813953488372	2	32	0.48
0.178571428571429	2	32	0.48
0.242424242424242	2	32	0.48
0.428571428571429	2	32	0.48
0.393939393939394	2	32	0.48
0.2	2	32	0.48
0.5625	2	32	0.48
0.257142857142857	2	32	0.48
0.166666666666667	2	32	0.48
0.257142857142857	2	32	0.48
0.1875	2	32	0.48
0.176470588235294	2	32	0.48
0.166666666666667	2	32	0.48
0.272727272727273	2	32	0.48
0.212765957446809	2	32	0.48
0.256410256410256	2	32	0.48
0.285714285714286	2	32	0.48
0.210526315789474	2	32	0.48
0.214285714285714	2	32	0.48
0.166666666666667	2	32	0.48
0.324324324324324	2	32	0.48
0.259259259259259	2	32	0.48
0.2	2	32	0.48
0.225806451612903	2	32	0.48
0.113636363636364	2	32	0.48
0.275862068965517	2	32	0.48
0.32	2	32	0.48
0.346153846153846	2	32	0.48
0.2	2	32	0.48
0.21875	2	32	0.48
0.229166666666667	2	32	0.48
0.333333333333333	2	32	0.48
0.258064516129032	2	32	0.48
0.304347826086957	2	32	0.48
0.433333333333333	2	32	0.48
0.235294117647059	2	32	0.48
0.588235294117647	2	32	0.48
0.19047619047619	2	32	0.48
0.4	2	32	0.48
0.4	2	32	0.48
0.347826086956522	2	32	0.48
0.3	2	32	0.48
0.263157894736842	2	32	0.48
0.470588235294118	3	38	0.48
0.2	3	38	0.48
0.176470588235294	3	38	0.48
0.159090909090909	3	38	0.48
0.125	3	38	0.48
0.395348837209302	3	38	0.48
0.590909090909091	3	38	0.48
0.441176470588235	3	38	0.48
0.136363636363636	3	38	0.48
0.0810810810810811	3	38	0.48
0.333333333333333	3	38	0.48
0.491525423728814	4	54	0.48
0.142857142857143	4	54	0.48
0.195121951219512	4	54	0.48
0.163636363636364	4	54	0.48
0.169811320754717	4	54	0.48
